Cow No.,Cow Name,Group No.,Previous Group No.,Group Change Date,Days Since Group Change,Sex,Days In Pregnancy,Insem Date,Breed,Transp. No.,No. of Lact.,Days In Milk,Cull flagged,Birth Date,Age Years,Age Months,Age Days,Group No.,Breeding Status,Breeding State (Code),Preg Check Date,Tot. Milk Yest.,Yield This Week ,Milk Last Month,Milk This Month,Monthly Milk Jan,Monthly Milk Feb,Monthly Milk Mar,Monthly Milk April,Monthly Milk May,Monthly Milk June,Monthly Milk July,Monthly Milk Aug,Monthly Milk Sept,Monthly Milk Oct,Monthly Milk Nov,Monthly Milk Dec,Breeding State,Pregnant,Preg. Check Count,Preg Check Date,Abortion Date,Calving Interval,Number Calf 1,Number Calf 2,Sex Calf 1,Sex Calf 2,Days Since Calving,Last Calving Month,Calved Date,Delivery
19,-,3,2,22.07.31,12,Female,0,22.07.06,Holstein,7122,2,129,-,19.04.01,3.4,40.4,1229,3,Bred,2,-,37.8,233.4,1334,436,686,0,0,1073,1458,1328,1334,436,0,0,0,478,Pregn. Check,-,0,-,-,369,13002,-,Male,-,129,Apr,22.04.05,Easy
21,-,3,2,22.07.31,12,Female,0,22.07.06,Holstein,9179,2,129,-,19.04.02,3.4,40.3,1228,3,Bred,2,-,38.9,232,1389,441,740,0,0,1138,1524,1356,1389,441,0,0,0,600,Pregn. Check,-,0,-,-,369,12996,-,Male,-,129,Apr,22.04.05,Easy
25,-,1,80,22.08.08,4,Female,0,-,Holstein,6805,2,4,-,19.04.03,3.4,40.3,1227,1,Fresh,0,-,32.9,96.2,0,96,1008,901,952,860,421,0,0,96,1123,1103,1099,1067,Report Heat,-,0,-,-,-,13374,-,Male,-,4,Aug,22.08.08,-
29,-,3,2,22.07.31,12,Female,0,22.06.29,Holstein,6654,2,137,-,19.04.07,3.3,40.2,1223,3,Pregnant (1st Preg Check),3,22.08.06,38.9,250.5,1392,473,418,0,52,1232,1413,1375,1392,473,1043,1055,947,999,2nd Pregn. Check,-,1,22.08.06,-,370,12972,-,Male,-,137,Mar,22.03.28,Easy
31,-,3,2,22.07.31,12,Female,0,22.06.29,Holstein,3228,2,132,-,19.04.10,3.3,40.1,1220,3,Pregnant (1st Preg Check),3,22.08.06,46.4,277.6,1592,516,873,13,0,1298,1715,1631,1592,516,1188,1187,1158,1083,2nd Pregn. Check,-,1,22.08.06,-,365,2701,-,Female,-,132,Apr,22.04.02,-
37,-,3,2,22.07.31,12,Female,0,22.08.03,Holstein,1778,2,141,-,19.04.11,3.3,40,1219,3,Bred,1,22.07.14,38.5,225.5,1413,421,282,0,211,1484,1609,1393,1413,421,1019,969,938,728,Inseminate,-,0,22.07.14,-,409,12955,-,Male,-,141,Mar,22.03.24,Easy
39,-,2,22,22.07.31,12,Female,0,-,Holstein,6703,2,55,-,19.04.14,3.3,40,1216,2,Fresh,1,-,34.9,235.8,1140,449,983,806,943,311,0,316,1140,449,1148,1111,1113,1165,Inseminate,-,0,-,-,-,2881,-,Female,-,55,Jun,22.06.18,Hard
42,-,3,2,22.07.31,12,Female,0,22.05.16,Holstein,6467,2,139,-,19.04.16,3.3,39.9,1214,3,Pregnant (1st Preg Check),3,22.07.04,35.4,211.3,1228,388,481,0,146,1311,1385,1278,1228,388,882,838,867,902,2nd Pregn. Check,-,1,22.07.04,-,328,12963,-,Male,-,139,Mar,22.03.26,Easy
43,-,6,5,22.07.31,12,Female,0,22.07.04,Holstein,3150,1,488,-,19.04.17,3.3,39.9,1213,6,Open,1,22.08.11,21.7,142.3,689,257,780,676,789,762,712,702,689,257,922,937,910,763,Inseminate,-,0,22.08.11,-,726,11980,-,Male,-,488,Apr,21.04.11,Easy
46,-,1,80,22.08.06,6,Female,0,-,Holstein,591,2,6,-,19.04.17,3.3,39.9,1213,1,Fresh,0,-,32.8,144.4,0,144,1244,1134,1179,1172,1093,58,0,144,1221,1267,1195,1300,Report Heat,-,0,-,-,-,13361,-,Male,-,6,Aug,22.08.06,-
48,-,3,2,22.07.31,12,Female,0,22.08.11,Holstein,4483,2,127,-,19.04.21,3.3,39.7,1209,3,Bred,1,22.07.19,43.2,269.9,1602,495,803,0,0,964,1624,1570,1602,495,1088,897,1044,1101,Inseminate,-,0,22.07.19,-,403,13009,-,Male,-,127,Apr,22.04.07,Hard
49,-,2,22,22.07.31,12,Female,0,22.07.27,Holstein,6955,2,106,-,19.04.21,3.3,39.7,1209,2,Bred,1,-,33.2,206.9,1126,390,751,229,0,55,1077,1150,1126,390,950,963,890,860,Inseminate,-,0,-,-,367,13068,-,Male,-,106,Apr,22.04.28,-
50,-,3,2,22.07.31,12,Female,0,22.08.09,Holstein,2609,2,123,-,19.04.21,3.3,39.7,1209,3,Bred,1,-,35.2,204.9,1190,389,937,182,0,683,1259,1259,1190,389,990,1018,993,1008,Inseminate,-,0,-,-,397,2727,-,Female,-,123,Apr,22.04.11,-
51,-,75,50,22.07.23,20,Female,240,21.12.15,Holstein,8112,1,464,-,19.04.23,3.3,39.7,1207,75,"Pregnant, Dry",5,22.03.07,-,-,490,0,917,806,958,955,934,893,490,0,996,1014,1004,1012,Conf. Step  Up,Yes,2,22.03.07,-,521,11987,-,Male,-,484,Apr,21.04.15,Easy
56,-,3,2,22.07.31,12,Female,0,22.05.21,Holstein,2788,2,137,-,19.04.25,3.3,39.6,1205,3,Pregnant (1st Preg Check),3,22.07.04,37.6,226.9,1266,421,677,0,78,1065,1290,1259,1266,421,966,938,919,906,2nd Pregn. Check,-,1,22.07.04,-,331,12968,-,Male,-,137,Mar,22.03.28,-
57,-,2,22,22.07.31,12,Female,0,22.07.27,Holstein,4613,2,100,-,19.04.29,3.3,39.5,1201,2,Bred,1,-,43.7,251.5,1386,478,786,508,0,0,1043,1460,1386,478,1071,1089,1081,1073,Inseminate,-,0,-,-,361,13090,-,Male,-,100,May,22.05.04,Easy
58,-,3,2,22.07.31,12,Female,0,22.06.24,Holstein,4589,2,145,-,19.04.30,3.3,39.4,1200,3,Pregnant (1st Preg Check),3,22.07.30,39,227.1,1367,404,346,0,463,1445,1533,1422,1367,404,991,1042,1009,958,2nd Pregn. Check,-,1,22.07.30,-,373,2674,-,Female,-,145,Mar,22.03.20,-
60,-,2,22,22.07.31,12,Female,0,22.08.03,Holstein,4602,2,71,-,19.05.01,3.3,39.4,1199,2,Bred,1,-,44.1,239.3,1435,451,919,764,510,0,0,1164,1435,451,944,932,917,967,Inseminate,-,0,-,-,339,13150,-,Male,-,71,Jun,22.06.02,Easy
62,-,80,75,22.08.02,10,Female,262,21.11.23,Holstein,4209,1,414,-,19.05.01,3.3,39.4,1199,80,"Pregnant, Dry",5,22.02.21,-,-,0,0,935,854,884,837,683,252,0,0,1013,996,966,1007,Conf. Step  Up,Yes,2,22.02.21,-,481,1793,-,Female,-,466,May,21.05.03,Easy
63,-,3,2,22.07.31,12,Female,0,22.05.18,Holstein,7536,2,141,-,19.05.03,3.3,39.3,1197,3,Pregnant (1st Preg Check),3,22.07.04,43.8,260.5,1264,473,360,0,237,1446,1571,1489,1264,473,1036,999,998,981,2nd Pregn. Check,-,1,22.07.04,-,332,12953,-,Male,-,141,Mar,22.03.24,Easy
64,-,5,4,22.07.31,12,Female,0,22.06.01,Holstein,4019,1,501,-,19.05.04,3.3,39.3,1196,5,Pregnant (1st Preg Check),3,22.07.14,33.1,190.5,1050,363,240,0,582,1001,1086,1062,1050,363,979,997,924,842,2nd Pregn. Check,-,1,22.07.14,22.03.07,706,1718,-,Female,-,501,Mar,21.03.29,Easy
67,-,2,22,22.07.31,12,Female,0,22.08.03,Holstein,882,2,108,-,19.05.04,3.3,39.3,1196,2,Bred,1,-,38.3,237.2,1349,439,738,660,0,79,1138,1353,1349,439,1127,1183,1104,1000,Inseminate,-,0,-,-,376,-,-,-,-,108,Apr,22.04.26,-
68,-,80,75,22.07.16,27,Female,279,21.11.06,Holstein,3527,1,374,-,19.05.06,3.3,39.2,1194,80,"Pregnant, Dry",5,22.02.07,-,-,0,0,1014,812,953,964,599,0,0,0,1167,1143,1036,1033,Conf. Step  Up,Yes,2,22.02.07,-,447,1824,-,Female,-,449,May,21.05.20,-
69,-,6,14,22.08.06,6,Female,182,22.02.11,Holstein,3556,1,355,-,19.05.06,3.3,39.2,1194,6,Pregnant,4,22.05.02,28.8,187.7,1117,355,1073,972,1083,1120,1115,1121,1117,355,1015,1151,1100,1146,Conf. Dry Off,Yes,2,22.05.02,-,450,2087,-,Female,-,355,Aug,21.08.22,-
71,-,7,6,22.08.04,8,Female,205,22.01.19,Holstein,1297,1,505,-,19.05.07,3.3,39.2,1193,7,Pregnant,4,22.04.11,19.4,105.1,848,229,898,838,931,949,984,962,848,229,965,944,929,959,Conf. Dry Off,Yes,2,22.04.11,-,577,11943,-,Male,-,505,Mar,21.03.25,Easy
73,-,2,22,22.07.31,12,Female,0,22.08.11,Holstein,4237,2,64,-,19.05.08,3.3,39.2,1192,2,Bred,1,-,38.6,242.8,1350,473,828,715,728,137,0,584,1350,473,987,982,959,969,Inseminate,-,0,-,-,340,-,-,-,-,64,Jun,22.06.09,Easy
74,-,199,190,22.07.02,41,Female,0,22.07.21,Holstein,-,1,449,Yes,19.05.08,3.3,39.2,1192,199,"Cull, Not Pregnant",1,22.05.19,-,-,0,0,0,0,0,0,0,0,0,0,0,0,0,0,Inseminate,-,0,22.05.19,-,704,1828,-,Female,-,449,May,21.05.20,Easy
76,-,3,2,22.07.31,12,Female,0,22.08.02,Holstein,925,2,134,-,19.05.10,3.3,39.1,1190,3,Bred,1,22.08.02,39.5,232.4,1424,417,122,0,34,1401,1549,1460,1424,417,1040,990,939,786,Inseminate,-,0,22.08.02,-,401,2696,-,Female,-,134,Mar,22.03.31,-
78,-,22,1,22.08.01,11,Female,0,-,Holstein,4943,2,30,-,19.05.13,3.2,39,1187,22,Fresh,0,-,37.1,222.7,635,417,781,720,771,756,103,0,635,417,837,864,823,826,Report Heat,-,0,-,-,-,13270,-,Male,-,30,Jul,22.07.13,-
81,-,80,75,22.08.02,10,Female,261,21.11.24,Holstein,3400,1,446,-,19.05.14,3.2,39,1186,80,"Pregnant, Dry",5,22.02.21,-,-,0,0,918,826,924,833,700,376,0,0,954,990,1002,971,Conf. Step  Up,Yes,2,22.02.21,-,508,11971,-,Male,-,492,Apr,21.04.07,Easy
82,-,3,2,22.07.31,12,Female,0,22.05.27,Holstein,3061,2,132,-,19.05.14,3.2,39,1186,3,Pregnant (1st Preg Check),3,22.07.11,45.2,246.9,1474,471,849,0,0,1334,1671,1510,1474,471,1140,1105,1100,1139,2nd Pregn. Check,-,1,22.07.11,-,332,12989,-,Male,-,132,Apr,22.04.02,Easy
84,-,2,70,22.08.06,6,Female,0,-,Holstein,4533,2,50,-,19.05.15,3.2,38.9,1185,2,Fresh,1,-,36.2,215.2,1166,359,689,630,545,0,0,230,1166,359,839,808,831,771,Inseminate,-,0,-,-,-,2892,-,Female,-,50,Jun,22.06.23,-
85,-,3,2,22.07.31,12,Female,0,22.07.13,Holstein,5253,2,116,-,19.05.17,3.2,38.9,1183,3,Bred,1,-,40.3,244.3,1372,459,1049,489,0,436,1521,1508,1372,459,913,1001,1032,1062,Inseminate,-,0,-,-,363,2745,-,Female,-,116,Apr,22.04.18,-
88,-,80,75,22.08.02,10,Female,261,21.11.24,Holstein,1828,1,449,-,19.05.18,3.2,38.8,1182,80,"Pregnant, Dry",5,22.02.21,-,-,0,0,734,643,728,715,606,360,0,0,910,893,845,778,Conf. Step  Up,Yes,2,22.02.21,-,511,1727,-,Female,-,495,Apr,21.04.04,-
90,-,2,22,22.07.31,12,Female,0,22.07.27,Holstein,13244,2,76,-,19.05.19,3.2,38.8,1181,2,Bred,1,-,41.6,259.3,1423,469,1016,877,469,0,88,1366,1423,469,925,1032,1000,1029,Inseminate,-,0,-,-,337,2832,-,Female,-,76,May,22.05.28,Easy
94,-,2,22,22.07.31,12,Female,0,-,Holstein,3479,2,47,-,19.05.22,3.2,38.7,1178,2,Fresh,1,-,36.4,217.2,965,395,1069,894,993,656,7,88,965,395,1011,1098,1069,1162,Inseminate,-,0,-,-,-,2901,-,Female,-,47,Jun,22.06.26,-
95,-,2,22,22.07.31,12,Female,0,-,Holstein,5717,2,60,-,19.05.22,3.2,38.7,1178,2,Fresh,1,-,41.3,258.7,1439,485,924,756,491,0,0,627,1439,485,993,1021,977,992,Inseminate,-,0,-,-,-,2866,-,Female,-,60,Jun,22.06.13,Easy
97,-,80,75,22.08.02,10,Female,259,21.11.26,Holstein,660,1,452,-,19.05.23,3.2,38.7,1177,80,"Pregnant, Dry",5,22.02.21,-,-,28,0,894,852,930,964,843,696,28,0,921,879,876,878,Conf. Step  Up,Yes,2,22.02.21,-,511,1734,-,Female,-,493,Apr,21.04.06,Easy
98,-,80,75,22.08.10,2,Female,250,21.12.05,Holstein,14606,1,444,-,19.05.23,3.2,38.7,1177,80,"Pregnant, Dry",5,22.02.28,-,-,160,0,707,706,825,865,850,776,160,0,969,966,915,831,Conf. Step  Up,Yes,2,22.02.28,-,504,1762,-,Female,-,477,Apr,21.04.22,Easy
99,-,2,22,22.07.31,12,Female,0,22.08.10,Holstein,7096,2,82,-,19.05.25,3.2,38.6,1175,2,Bred,1,-,42.8,263.5,1456,492,879,771,249,0,387,1386,1456,492,996,1007,1006,988,Inseminate,-,0,-,-,357,13116,-,Male,-,82,May,22.05.22,Easy
100,-,75,50,22.07.23,20,Female,239,21.12.16,Holstein,7921,1,468,-,19.05.25,3.2,38.6,1175,75,"Pregnant, Dry",5,22.03.07,-,-,497,0,1023,916,1059,1059,1088,956,497,0,1181,1159,1105,1044,Conf. Step  Up,Yes,2,22.03.07,-,526,11983,-,Male,-,488,Apr,21.04.11,Easy
101,-,80,75,22.07.16,27,Female,280,21.11.05,Holstein,4576,1,318,-,19.05.25,3.2,38.6,1175,80,"Pregnant, Dry",5,22.01.24,-,-,0,0,956,824,897,914,631,0,0,0,1067,990,970,996,Conf. Step  Up,Yes,2,22.01.24,-,390,1931,-,Female,-,393,Jul,21.07.15,Easy
102,-,2,22,22.07.31,12,Female,0,-,Holstein,1481,2,62,-,19.05.25,3.2,38.6,1175,2,Fresh,1,-,43.1,268.1,1407,504,842,653,532,0,0,693,1407,504,934,950,907,892,Inseminate,-,0,-,-,-,2857,-,Female,-,62,Jun,22.06.11,-
104,-,3,2,22.07.31,12,Female,0,22.05.25,Holstein,4593,2,130,-,19.05.27,3.2,38.5,1173,3,Pregnant (1st Preg Check),3,22.07.11,35.6,221.7,1302,421,368,0,0,1015,1439,1380,1302,421,893,880,873,777,2nd Pregn. Check,-,1,22.07.11,-,328,2710,-,Female,-,130,Apr,22.04.04,Easy
106,-,2,22,22.07.31,12,Female,0,22.07.13,Holstein,211,2,115,-,19.05.27,3.2,38.5,1173,2,Bred,1,-,40,222.5,1318,413,873,282,0,401,1447,1376,1318,413,846,955,925,920,Inseminate,-,0,-,-,362,-,-,-,-,115,Apr,22.04.19,Easy
107,-,2,22,22.07.31,12,Female,0,22.08.10,Holstein,3025,2,62,-,19.05.28,3.2,38.5,1172,2,Bred,1,-,42,261.6,1340,483,668,569,334,0,0,665,1340,483,895,931,824,644,Inseminate,-,0,-,-,337,13166,-,Male,-,62,Jun,22.06.11,Easy
108,-,75,50,22.07.23,20,Female,233,21.12.22,Holstein,375,1,443,-,19.05.27,3.2,38.5,1173,75,"Pregnant, Dry",5,22.03.15,-,-,471,0,867,757,863,870,832,800,471,0,918,951,951,1035,Conf. Step  Up,Yes,2,22.03.15,-,507,12027,-,Male,-,463,May,21.05.06,-
109,-,3,2,22.07.31,12,Female,0,22.05.19,Holstein,1517,2,139,-,19.05.29,3.2,38.5,1171,3,Pregnant (1st Preg Check),3,22.07.04,22.7,212.7,1378,425,564,0,196,1383,1429,1424,1378,425,778,822,822,893,2nd Pregn. Check,-,1,22.07.04,-,331,12959,-,Male,-,139,Mar,22.03.26,-
111,-,6,14,22.08.10,2,Female,133,22.04.01,Holstein,9032,1,458,-,19.05.30,3.2,38.4,1170,6,Pregnant,4,22.06.20,20.4,121.2,590,219,660,632,729,738,712,640,590,219,812,862,805,625,Conf. Dry Off,Yes,2,22.06.20,-,602,1809,-,Female,-,458,May,21.05.11,Easy
112,-,3,2,22.07.31,12,Female,0,22.08.09,Holstein,6523,2,123,-,19.05.30,3.2,38.4,1170,3,Bred,1,22.08.09,40.1,243,1447,460,848,156,0,585,1330,1396,1447,460,1082,1100,1045,1057,Inseminate,-,0,22.08.09,-,397,13013,-,Male,-,123,Apr,22.04.11,-
113,-,2,22,22.07.31,12,Female,0,22.07.11,Holstein,910,2,113,-,19.05.30,3.2,38.4,1170,2,Bred,1,-,40.8,246.1,1370,458,922,469,0,370,1214,1329,1370,458,932,963,914,947,Inseminate,-,0,-,-,358,13042,-,Male,-,113,Apr,22.04.21,-
114,-,75,50,22.07.23,20,Female,240,21.12.15,Holstein,5817,1,454,-,19.05.31,3.2,38.4,1169,75,"Pregnant, Dry",5,22.03.07,-,-,473,0,986,747,915,963,870,943,473,0,929,914,913,1006,Conf. Step  Up,Yes,2,22.03.07,-,511,12010,-,Male,-,474,Apr,21.04.25,Easy
118,-,80,75,22.08.02,10,Female,258,21.11.27,Holstein,7243,1,440,-,19.06.01,3.2,38.4,1168,80,"Pregnant, Dry",5,22.02.21,-,-,0,0,973,918,1023,1003,758,340,0,0,995,946,939,1054,Conf. Step  Up,Yes,2,22.02.21,-,505,1747,-,Female,-,486,Apr,21.04.13,Easy
119,-,2,22,22.07.31,12,Female,0,-,Holstein,107,2,55,-,19.06.02,3.2,38.3,1167,2,Fresh,1,-,43.1,277.7,1451,513,1084,995,1014,316,0,495,1451,513,1025,1022,1025,1055,Inseminate,-,0,-,-,-,13190,-,Male,-,55,Jun,22.06.18,-
122,-,2,22,22.07.31,12,Female,0,22.07.21,Holstein,1859,2,95,-,19.06.04,3.2,38.3,1165,2,Bred,1,-,46.8,271.1,1452,500,1099,934,252,0,682,1391,1452,500,1141,1224,1101,1104,Inseminate,-,0,-,-,350,-,-,-,-,95,May,22.05.09,Hard
123,-,7,6,22.07.20,23,Female,118,22.04.16,Holstein,6496,1,501,-,19.06.04,3.2,38.3,1165,7,Pregnant,4,22.07.16,15.5,77.7,573,147,780,696,692,685,700,611,573,147,793,777,716,766,Conf. Dry Off,Yes,2,22.07.16,-,660,11946,-,Male,-,501,Mar,21.03.29,Easy
124,-,80,75,22.07.23,20,Female,264,21.11.21,Holstein,17,1,430,-,19.06.05,3.2,38.2,1164,80,"Pregnant, Dry",5,22.02.21,-,-,0,0,817,670,814,771,648,371,0,0,784,771,776,849,Conf. Step  Up,Yes,2,22.02.21,-,489,1784,-,Female,-,476,Apr,21.04.23,Easy
128,-,3,2,22.07.31,12,Female,0,22.05.31,Holstein,9155,2,139,-,19.06.05,3.2,38.2,1164,3,Pregnant (1st Preg Check),3,22.07.14,45.2,261.5,1479,484,309,0,196,1422,1544,1409,1479,484,1090,1139,1076,954,2nd Pregn. Check,-,1,22.07.14,-,343,12957,-,Male,-,139,Mar,22.03.26,-
133,-,1,80,22.08.01,11,Female,0,-,Holstein,1504,2,12,-,19.06.08,3.2,38.1,1161,1,Fresh,0,-,37,215.2,0,327,1015,937,1018,972,779,60,0,327,1032,1171,1150,1161,Report Heat,-,0,-,-,-,13337,-,Male,-,12,Jul,22.07.31,-
135,-,12,11,22.08.10,2,Female,0,22.08.09,Holstein,4497,2,115,-,19.06.10,3.2,38.1,1159,12,Bred,1,-,38.8,227.1,1306,409,885,434,0,406,1437,1380,1306,409,963,942,894,934,Inseminate,-,0,-,-,389,2752,-,Female,-,115,Apr,22.04.19,-
136,-,199,190,22.08.02,10,Female,0,22.06.23,Holstein,-,1,456,Yes,19.06.10,3.2,38.1,1159,199,"Cull, Not Pregnant",2,22.05.30,-,-,0,0,0,0,0,0,0,0,0,0,0,0,0,0,Pregn. Check,-,0,22.05.30,-,683,1812,-,Female,-,456,May,21.05.13,Hard
137,-,2,22,22.07.31,12,Female,0,22.06.23,Holstein,4016,2,115,-,19.06.11,3.2,38,1158,2,Pregnant (1st Preg Check),3,22.07.30,41.6,258.2,1384,484,778,253,0,360,1323,1400,1384,484,919,969,906,868,2nd Pregn. Check,-,1,22.07.30,-,342,13040,-,Male,-,115,Apr,22.04.19,Easy
138,-,3,2,22.07.31,12,Female,0,22.08.10,Holstein,3203,2,116,-,19.06.11,3.2,38,1158,3,Bred,1,22.07.23,39.3,231.5,1325,438,680,187,0,404,1265,1356,1325,438,938,905,854,846,Inseminate,-,0,22.07.23,-,391,2743,-,Female,-,116,Apr,22.04.18,-
141,-,80,75,22.07.16,27,Female,278,21.11.07,Holstein,8399,1,377,-,19.06.15,3.2,37.9,1154,80,"Pregnant, Dry",5,22.02.07,-,-,0,0,777,686,703,503,6,0,0,0,917,930,865,875,Conf. Step  Up,Yes,2,22.02.07,-,479,1757,-,Female,-,480,Apr,21.04.19,Easy
143,-,80,75,22.07.23,20,Female,265,21.11.20,Holstein,5880,1,455,-,19.06.15,3.2,37.9,1154,80,"Pregnant, Dry",5,22.02.21,-,-,0,0,944,842,963,909,788,477,0,0,1071,1070,1021,998,Conf. Step  Up,Yes,2,22.02.21,-,513,11947,-,Male,-,501,Mar,21.03.29,Easy
144,-,2,22,22.07.31,12,Female,0,22.08.10,Holstein,6501,2,86,-,19.06.15,3.2,37.9,1154,2,Bred,1,21.11.08,46.1,258.4,1400,477,983,800,434,0,428,1296,1400,477,1067,1075,913,1063,Inseminate,-,0,21.11.08,-,361,2817,-,Female,-,86,May,22.05.18,Easy
145,-,2,22,22.07.31,12,Female,0,-,Holstein,1474,2,61,-,19.06.16,3.2,37.9,1153,2,Fresh,1,-,38.2,249.3,1312,463,682,569,343,0,0,689,1312,463,910,913,784,694,Inseminate,-,0,-,-,-,13170,-,Male,-,61,Jun,22.06.12,Easy
146,-,22,1,22.08.10,2,Female,0,-,Holstein,5877,2,21,-,19.06.18,3.2,37.8,1151,22,Fresh,0,-,44.2,230.7,345,446,924,821,907,821,102,0,345,446,974,946,891,878,Report Heat,-,0,-,-,-,-,-,-,-,21,Jul,22.07.22,Easy
147,-,2,22,22.07.31,12,Female,0,-,Holstein,4269,2,69,-,19.06.18,3.2,37.8,1151,2,Fresh,1,-,37.8,219.5,1186,403,1062,925,912,175,0,799,1186,403,1009,1042,1007,1078,Inseminate,-,0,-,-,-,2846,-,Female,-,69,Jun,22.06.04,Easy
148,-,2,22,22.07.31,12,Female,0,-,Holstein,6798,2,72,-,19.06.19,3.1,37.8,1150,2,Fresh,1,-,40.4,236.7,1328,452,822,690,523,0,4,1007,1328,452,903,921,888,915,Inseminate,-,0,-,-,-,13141,-,Male,-,72,Jun,22.06.01,-
149,-,2,22,22.07.31,12,Female,0,22.07.20,Holstein,4051,2,109,-,19.06.20,3.1,37.7,1149,2,Bred,1,-,32.3,234.8,1257,442,881,446,0,160,1212,1266,1257,442,922,909,890,895,Inseminate,-,0,-,-,363,2772,-,Female,-,109,Apr,22.04.25,-
150,-,190,99,22.08.08,4,Female,0,-,Holstein,-,1,471,Yes,19.06.20,3.1,37.7,1149,190,"Cull, Not Pregnant",1,-,-,-,0,0,0,0,0,0,0,0,0,0,0,0,0,0,Inseminate,-,0,-,-,-,-,-,-,-,471,Apr,21.04.28,-
152,-,22,1,22.08.01,11,Female,0,-,Holstein,4942,2,31,-,19.06.22,3.1,37.7,1147,22,Fresh,0,-,45.2,253.6,756,473,1134,991,1059,875,8,0,756,473,1074,1108,1084,1144,Report Heat,-,0,-,-,-,13261,-,Male,-,31,Jul,22.07.12,Easy
153,-,2,22,22.07.31,12,Female,0,-,Holstein,513,2,55,-,19.06.22,3.1,37.7,1147,2,Fresh,1,-,47.2,300.9,1468,568,1057,904,912,455,0,428,1468,568,1158,1163,1110,1207,Inseminate,-,0,-,-,-,13196,-,Male,-,55,Jun,22.06.18,Easy
154,-,2,22,22.07.31,12,Female,0,-,Holstein,9642,2,60,-,19.06.22,3.1,37.7,1147,2,Fresh,1,-,47.2,281.7,1371,511,981,870,888,308,0,555,1371,511,978,983,920,1010,Inseminate,-,0,-,-,-,13174,-,Male,-,60,Jun,22.06.13,Easy
155,-,2,22,22.07.31,12,Female,0,22.07.27,Holstein,8028,2,101,-,19.06.23,3.1,37.7,1146,2,Bred,1,-,26.5,200,1251,400,939,704,227,0,960,1249,1251,400,953,976,929,955,Inseminate,-,0,-,-,362,2790,-,Female,-,101,May,22.05.03,Easy
156,-,7,6,22.08.04,8,Female,209,22.01.15,Holstein,9439,1,460,-,19.06.23,3.1,37.7,1146,7,Pregnant,4,22.04.11,24.6,149.5,947,288,1056,803,978,977,1005,975,947,288,1022,1034,1031,1080,Conf. Dry Off,Yes,2,22.04.11,-,528,1804,-,Female,-,460,May,21.05.09,Easy
158,-,7,14,22.06.07,66,Female,163,22.03.02,Holstein,7698,1,431,-,19.06.24,3.1,37.6,1145,7,Pregnant,4,22.05.30,13.1,79.9,436,150,746,685,739,737,616,481,436,150,777,782,729,766,Conf. Dry Off,Yes,2,22.05.30,-,545,1861,-,Female,-,431,Jun,21.06.07,Easy
159,-,3,2,22.07.31,12,Female,0,22.08.03,Holstein,5928,2,121,-,19.06.24,3.1,37.6,1145,3,Bred,1,-,40.3,233.2,1305,429,799,254,0,570,1329,1281,1305,429,965,1021,927,951,Inseminate,-,0,-,-,389,13020,-,Male,-,121,Apr,22.04.13,-
162,-,5,4,22.07.31,12,Female,131,22.04.03,Holstein,6686,1,405,-,19.06.26,3.1,37.6,1143,5,Pregnant,4,22.07.02,27.9,158.3,797,285,851,769,885,848,792,769,797,285,996,936,806,956,Conf. Dry Off,Yes,2,22.07.02,-,551,1899,-,Female,-,405,Jul,21.07.03,-
163,-,2,22,22.07.31,12,Female,0,-,Holstein,4303,2,58,-,19.06.26,3.1,37.6,1143,2,Fresh,1,-,37.6,229.1,1119,419,564,505,306,0,0,425,1119,419,720,721,683,646,Inseminate,-,0,-,-,-,13181,-,Male,-,58,Jun,22.06.15,Easy
165,-,75,50,22.07.16,27,Female,247,21.12.08,Holstein,3691,1,401,-,19.06.26,3.1,37.6,1143,75,"Pregnant, Dry",5,22.02.28,-,-,272,0,1098,1017,1113,1094,1065,797,272,0,946,995,987,1107,Conf. Step  Up,Yes,2,22.02.28,-,458,1864,-,Female,-,428,Jun,21.06.10,Easy
166,-,3,2,22.07.31,12,Female,0,22.05.19,Holstein,4421,2,152,-,19.06.27,3.1,37.5,1142,3,Pregnant (1st Preg Check),3,22.07.04,36.6,227.1,1347,424,495,0,682,1397,1447,1232,1347,424,1035,1025,818,881,2nd Pregn. Check,-,1,22.07.04,-,344,-,-,Female,-,152,Mar,22.03.13,Easy
167,-,2,22,22.07.31,12,Female,0,22.07.20,Holstein,10628,2,111,-,19.06.27,3.1,37.5,1142,2,Bred,1,-,49,297.4,1640,550,915,750,0,285,1508,1662,1640,550,1292,1105,1225,1330,Inseminate,-,0,-,-,365,2759,-,Female,-,111,Apr,22.04.23,Easy
168,-,2,22,22.07.31,12,Female,0,-,Holstein,3547,2,61,-,19.06.27,3.1,37.5,1142,2,Fresh,1,-,48.7,286.6,1469,529,1122,1020,980,192,0,708,1469,529,1152,1245,1190,1232,Inseminate,-,0,-,-,-,13172,-,Male,-,61,Jun,22.06.12,Easy
172,-,3,2,22.07.31,12,Female,0,22.08.04,Holstein,1731,2,116,-,19.07.02,3.1,37.4,1137,3,Bred,1,-,40.4,251.2,1432,463,997,198,0,434,1448,1395,1432,463,1051,1090,1072,1057,Inseminate,-,0,-,-,385,-,-,-,-,116,Apr,22.04.18,-
173,-,7,6,22.07.20,23,Female,168,22.02.25,Holstein,11377,1,446,-,19.07.02,3.1,37.4,1137,7,Pregnant,4,22.05.16,23.6,129.9,662,245,824,770,876,814,766,675,662,245,908,899,867,882,Conf. Dry Off,Yes,2,22.05.16,22.01.12,555,1838,-,Female,-,446,May,21.05.23,Easy
174,-,5,6,22.08.10,2,Female,157,22.03.08,Holstein,1156,1,362,-,19.07.03,3.1,37.3,1136,5,Pregnant,4,22.05.30,29.9,172.3,1134,351,1057,961,1042,1098,1125,1114,1134,351,969,1076,1053,1100,Conf. Dry Off,Yes,2,22.05.30,-,482,-,-,-,-,362,Aug,21.08.15,-
175,-,22,1,22.08.10,2,Female,0,-,Holstein,4619,2,22,-,19.07.03,3.1,37.3,1136,22,Fresh,0,-,44.4,252.7,371,459,929,831,863,870,424,0,371,459,961,986,953,976,Report Heat,-,0,-,-,-,13296,-,Male,-,22,Jul,22.07.21,-
176,-,199,190,22.02.01,192,Female,0,21.10.19,Holstein,-,1,484,Yes,19.07.03,3.1,37.3,1136,199,"Cull, Not Pregnant",1,21.12.04,-,-,0,0,0,0,0,0,0,0,0,0,0,0,0,0,Inseminate,-,0,21.12.04,-,464,1751,-,Female,-,484,Apr,21.04.15,Easy
177,-,12,11,22.08.06,6,Female,0,22.07.12,Holstein,6595,2,115,-,19.07.04,3.1,37.3,1135,12,Bred,1,-,37,219.1,1269,395,717,218,0,372,1326,1313,1269,395,938,936,808,873,Inseminate,-,0,-,-,361,13037,-,Male,-,115,Apr,22.04.19,-
179,-,3,2,22.07.31,12,Female,0,22.07.21,Holstein,15196,2,122,-,19.07.04,3.1,37.3,1135,3,Bred,1,-,40.7,252.1,1392,467,776,153,0,694,1400,1401,1392,467,955,965,918,946,Inseminate,-,0,-,-,377,2730,-,Female,-,122,Apr,22.04.12,-
180,-,3,2,22.07.31,12,Female,0,22.08.08,Holstein,8647,2,118,-,19.07.05,3.1,37.3,1134,3,Bred,1,22.08.06,38.7,223.6,1365,441,721,196,0,485,1431,1314,1365,441,944,900,789,802,Inseminate,-,0,22.08.06,-,391,13029,-,Male,-,118,Apr,22.04.16,-
182,-,190,80,22.08.05,7,Female,0,21.11.24,Holstein,4293,1,464,Yes,19.07.06,3.1,37.2,1133,190,"Cull, Not Pregnant",1,22.02.21,-,-,0,0,0,0,0,0,0,0,0,0,0,0,0,0,Inseminate,-,0,22.02.21,22.08.05,480,1796,-,Female,-,464,May,21.05.05,-
183,-,7,6,22.08.10,2,Female,198,22.01.26,Holstein,7558,1,391,-,19.07.06,3.1,37.2,1133,7,Pregnant,4,22.04.18,21.8,132.3,897,264,970,772,1000,1038,952,909,897,264,979,1028,922,1034,Conf. Dry Off,Yes,2,22.04.18,-,470,1939,-,Female,-,391,Jul,21.07.17,-
187,-,6,5,22.07.31,12,Female,158,22.03.07,Holstein,6560,1,400,-,19.07.07,3.1,37.2,1132,6,Pregnant,4,22.05.30,31.1,172.8,1054,326,1041,882,1049,1084,1049,1037,1054,326,1059,1032,960,1065,Conf. Dry Off,Yes,2,22.05.30,-,519,1909,-,Female,-,400,Jul,21.07.08,-
188,-,10,20,22.07.13,30,Female,93,22.05.11,Holstein,4222,1,360,-,19.07.08,3.1,37.2,1131,10,Pregnant,4,22.08.01,35.6,204.4,1087,374,1101,973,1017,1046,1081,1065,1087,374,1070,1180,1116,1114,Conf. Dry Off,Yes,2,22.08.01,-,544,2070,-,Female,-,360,Aug,21.08.17,-
190,-,22,70,22.08.08,4,Female,0,-,Holstein,33,2,33,-,19.07.08,3.1,37.2,1131,22,Fresh,0,-,43.7,228.1,842,433,1044,913,1006,856,0,0,842,433,1027,1059,1005,1064,Report Heat,-,0,-,-,-,13301,-,-,-,33,Jul,22.07.10,-
191,-,5,6,22.08.10,2,Female,0,22.08.03,Holstein,9900,1,446,-,19.07.08,3.1,37.2,1131,5,Bred,1,-,29.1,198,1051,367,1200,1022,1190,1225,1159,1125,1051,367,1177,1123,1152,1163,Inseminate,-,0,-,-,714,12059,-,Male,-,446,May,21.05.23,Easy
192,-,2,22,22.07.31,12,Female,0,-,Holstein,4314,2,47,-,19.07.08,3.1,37.2,1131,2,Fresh,1,-,54,314,1523,589,844,686,702,143,0,176,1523,589,1019,1011,943,941,Inseminate,-,0,-,-,-,13224,-,Male,-,47,Jun,22.06.26,-
194,-,2,22,22.07.31,12,Female,0,-,Holstein,5647,2,53,-,19.07.10,3.1,37.1,1129,2,Fresh,1,-,45.7,280.9,1420,513,988,825,846,336,0,383,1420,513,990,962,939,1019,Inseminate,-,0,-,-,-,13205,-,Male,-,53,Jun,22.06.20,-
195,-,6,14,22.08.06,6,Female,170,22.02.23,Holstein,4149,1,387,-,19.07.10,3.1,37.1,1129,6,Pregnant,4,22.05.16,22.7,157.3,1001,318,1079,921,1050,1041,1007,985,1001,318,1153,1184,1122,1167,Conf. Dry Off,Yes,2,22.05.16,-,494,1948,-,Female,-,387,Jul,21.07.21,-
196,-,22,1,22.08.01,11,Female,0,-,Holstein,27,2,44,-,19.07.10,3.1,37.1,1129,22,Fresh,1,-,51.4,308.1,1409,571,978,836,1002,879,8,15,1409,571,1215,1184,1200,1186,Inseminate,-,0,-,-,-,2906,-,Female,-,44,Jun,22.06.29,Easy
198,-,3,2,22.07.31,12,Female,0,22.07.06,Holstein,7643,2,129,-,19.07.10,3.1,37.1,1129,3,Bred,2,-,41.4,263.9,1437,492,748,0,0,847,1389,1363,1437,492,992,1014,962,984,Pregn. Check,-,0,-,-,369,2714,-,Female,-,129,Apr,22.04.05,Hard
199,-,6,5,22.07.31,12,Female,0,21.10.20,Holstein,869,1,459,-,19.07.11,3.1,37.1,1128,6,Aborted,1,22.01.15,23.2,139.6,706,256,876,810,871,849,731,738,706,256,1027,991,847,946,Inseminate,-,0,22.01.15,22.05.11,440,1808,-,Female,-,459,May,21.05.10,Easy
201,-,5,4,22.07.31,12,Female,133,22.04.01,Holstein,847,1,443,-,19.07.11,3.1,37.1,1128,5,Pregnant,4,22.06.20,28.2,168.4,986,318,951,820,906,941,861,907,986,318,951,985,925,929,Conf. Dry Off,Yes,2,22.06.20,-,587,1846,-,Female,-,443,May,21.05.26,Easy
202,-,2,22,22.07.31,12,Female,0,22.08.03,Holstein,9995,2,73,-,19.07.11,3.1,37.1,1128,2,Bred,1,-,43,265,1452,477,1032,838,926,163,11,1162,1452,477,1087,1058,1041,1101,Inseminate,-,0,-,-,341,13140,-,Male,-,73,May,22.05.31,-
203,-,2,22,22.07.31,12,Female,0,22.07.20,Holstein,9052,2,113,-,19.07.13,3.1,37,1126,2,Bred,1,-,31.5,259.1,1489,495,1171,548,0,308,1441,1505,1489,495,1271,1310,1155,1212,Inseminate,-,0,-,-,367,13044,-,Male,-,113,Apr,22.04.21,-
204,-,22,1,22.08.10,2,Female,0,-,Holstein,5519,2,18,-,19.07.14,3.1,37,1125,22,Fresh,0,-,41.1,221.2,174,390,1105,962,1017,964,445,0,174,390,1087,1124,1037,1078,Report Heat,-,0,-,-,-,2969,-,Female,-,18,Jul,22.07.25,-
206,-,2,22,22.07.31,12,Female,0,22.08.10,Holstein,5467,2,83,-,19.07.14,3.1,37,1125,2,Bred,1,-,44.3,278.6,1487,515,947,815,434,0,390,1360,1487,515,1074,1062,966,974,Inseminate,-,0,-,-,358,2820,-,Female,-,83,May,22.05.21,-
208,-,80,75,22.08.02,10,Female,260,21.11.25,Holstein,-,1,397,-,19.07.14,3.1,37,1125,80,"Pregnant, Dry",5,22.02.21,-,-,0,0,820,729,751,712,607,263,0,0,912,856,819,845,Conf. Step  Up,Yes,2,22.02.21,-,466,-,-,-,-,449,May,21.05.20,-
210,-,2,22,22.07.31,12,Female,0,22.07.07,Holstein,2221,2,108,-,19.07.15,3.1,36.9,1124,2,Bred,2,-,41.3,245.5,1285,442,824,450,0,128,1169,1246,1285,442,836,856,839,856,Pregn. Check,-,0,-,-,349,13059,-,Male,-,108,Apr,22.04.26,-
211,-,199,190,22.08.02,10,Female,0,22.06.01,Holstein,-,2,123,Yes,19.07.15,3.1,36.9,1124,199,"Cull, Not Pregnant",2,-,-,-,0,0,0,0,0,0,0,0,0,0,0,0,0,0,Pregn. Check,-,0,-,-,328,2724,-,Female,-,123,Apr,22.04.11,-
212,-,7,6,22.08.10,2,Female,200,22.01.24,Holstein,6770,1,474,-,19.07.15,3.1,36.9,1124,7,Pregnant,4,22.04.18,22.5,158.4,951,299,1133,959,1080,1117,1044,982,951,299,1093,1097,1071,1185,Conf. Dry Off,Yes,2,22.04.18,-,551,1771,-,Female,-,474,Apr,21.04.25,Easy
213,-,22,1,22.08.04,8,Female,0,-,Holstein,9920,2,25,-,19.07.15,3.1,36.9,1124,22,Fresh,0,-,46.7,271.3,489,487,1302,1057,1121,1065,265,0,489,487,1215,1245,1239,1333,Report Heat,-,0,-,-,-,13288,-,Male,-,25,Jul,22.07.18,-
214,-,5,4,22.07.31,12,Female,0,22.08.04,Holstein,4618,1,402,-,19.07.17,3.1,36.9,1122,5,Bred,1,22.07.12,39.1,213.8,1076,383,1107,969,1043,1133,1125,1105,1076,383,1138,1163,1106,1147,Inseminate,-,0,22.07.12,-,671,1904,-,Female,-,402,Jul,21.07.06,-
215,-,199,190,22.03.01,164,Female,0,21.07.13,Holstein,-,1,455,Yes,19.07.17,3.1,36.9,1122,199,"Cull, Not Pregnant",1,21.10.09,-,-,0,0,0,0,0,0,0,0,0,0,0,0,0,0,Inseminate,-,0,21.10.09,22.02.17,337,1818,-,Female,-,455,May,21.05.14,Easy
218,-,6,5,22.07.31,12,Female,0,22.05.19,Holstein,4424,1,454,-,19.07.20,3.1,36.8,1119,6,Open,1,22.08.11,29.5,144.4,788,268,848,631,858,922,851,771,788,268,917,810,867,726,Inseminate,-,0,22.08.11,-,646,1820,-,Female,-,454,May,21.05.15,-
220,-,22,1,22.08.01,11,Female,0,-,Holstein,2696,2,34,-,19.07.22,3.1,36.7,1117,22,Fresh,0,-,49.4,293,986,525,1024,895,946,529,0,0,986,525,1091,1094,1065,1096,Report Heat,-,0,-,-,-,13254,-,Male,-,34,Jul,22.07.09,-
221,-,80,75,22.08.10,2,Female,253,21.12.02,Holstein,2026,1,333,-,19.07.22,3.1,36.7,1117,80,"Pregnant, Dry",5,22.02.21,-,-,0,0,591,493,505,412,4,0,0,0,662,677,652,672,Conf. Step  Up,Yes,2,22.02.21,-,460,-,-,-,-,436,Jun,21.06.02,-
222,-,12,11,22.08.06,6,Female,0,22.07.13,Holstein,6928,1,115,-,19.07.22,3.1,36.7,1117,12,Bred,1,-,43.1,242.1,1463,470,0,0,0,454,1430,1500,1463,470,0,0,0,0,Inseminate,-,0,-,-,362,2748,-,Female,-,115,Apr,22.04.19,-
223,-,2,22,22.07.31,12,Female,0,22.07.20,Holstein,4275,2,111,-,19.07.23,3.1,36.7,1116,2,Bred,1,-,43.1,262.9,1448,494,985,157,0,216,1256,1395,1448,494,1026,1019,1020,1039,Inseminate,-,0,-,-,365,2762,-,Female,-,111,Apr,22.04.23,Easy
224,-,75,50,22.08.02,10,Female,224,21.12.31,Holstein,12155,1,457,-,19.07.23,3.1,36.7,1116,75,"Pregnant, Dry",5,22.03.21,-,-,594,14,774,697,762,730,681,573,594,14,972,983,916,687,Conf. Step  Up,Yes,2,22.03.21,-,520,12024,-,Male,-,467,May,21.05.02,Easy
225,-,75,50,22.07.16,27,Female,247,21.12.08,Holstein,1684,1,394,-,19.07.23,3.1,36.7,1116,75,"Pregnant, Dry",5,22.02.28,-,-,265,0,1027,889,979,953,858,853,265,0,979,982,978,1045,Conf. Step  Up,Yes,2,22.02.28,-,451,1872,-,Female,-,421,Jun,21.06.17,-
226,-,199,190,22.06.04,69,Female,0,-,Holstein,-,1,128,Yes,19.07.24,3.1,36.6,1115,199,"Cull, Not Pregnant",1,-,-,-,0,0,0,0,0,0,0,0,0,0,0,0,0,0,Inseminate,-,0,-,-,-,13003,-,Male,-,128,Apr,22.04.06,-
230,-,22,1,22.08.01,11,Female,0,-,Holstein,4200,2,30,-,19.07.25,3,36.6,1114,22,Fresh,0,-,44.3,259.6,619,464,854,699,784,719,108,0,619,464,962,951,934,981,Report Heat,-,0,-,-,-,13267,-,Male,-,30,Jul,22.07.13,-
231,-,2,22,22.07.31,12,Female,0,-,Holstein,6848,2,75,-,19.07.25,3,36.6,1114,2,Fresh,1,-,50.1,290.7,1507,542,1049,871,511,0,32,1193,1507,542,1096,1103,1079,1143,Inseminate,-,0,-,-,-,13139,-,Male,-,75,May,22.05.29,Easy
232,-,3,2,22.07.31,12,Female,0,22.07.23,Holstein,10582,2,129,-,19.07.26,3,36.6,1113,3,Bred,1,22.07.11,40,245.2,1403,458,676,0,0,989,1492,1330,1403,458,1037,1005,945,828,Inseminate,-,0,22.07.11,-,386,2713,-,Female,-,129,Apr,22.04.05,Hard
233,-,22,1,22.08.01,11,Female,0,-,Holstein,791,2,33,-,19.07.27,3,36.5,1112,22,Fresh,0,-,32.4,184.7,564,342,830,723,768,431,0,0,564,342,769,822,811,847,Report Heat,-,0,-,-,-,13255,-,Male,-,33,Jul,22.07.10,-
236,-,3,2,22.07.31,12,Female,0,22.07.08,Holstein,401,2,132,-,19.07.28,3,36.5,1111,3,Bred,2,22.07.04,39.4,229.8,1318,433,712,0,0,1090,1483,1314,1318,433,1000,986,980,978,Pregn. Check,-,0,22.07.04,-,374,12991,-,Male,-,132,Apr,22.04.02,Easy
237,-,2,22,22.07.31,12,Female,0,-,Holstein,5023,2,53,-,19.07.28,3,36.5,1111,2,Fresh,1,-,52.4,310.1,1501,581,1015,933,965,335,0,394,1501,581,1080,1123,1108,1115,Inseminate,-,0,-,-,-,13212,-,Male,-,53,Jun,22.06.20,-
238,-,2,22,22.07.31,12,Female,0,22.07.27,Holstein,4640,2,104,-,19.07.28,3,36.5,1111,2,Bred,1,-,40.7,232,1292,436,957,719,0,4,857,1194,1292,436,964,1011,987,1004,Inseminate,-,0,-,-,365,13073,-,Male,-,104,Apr,22.04.30,-
241,-,6,14,22.08.06,6,Female,181,22.02.12,Holstein,4370,1,474,-,19.07.29,3,36.5,1110,6,Pregnant,4,22.05.16,26.6,165.2,979,324,1057,876,1035,1008,984,1021,979,324,1099,1107,1079,1118,Conf. Dry Off,Yes,2,22.05.16,-,570,1773,-,Female,-,474,Apr,21.04.25,Easy
242,-,2,22,22.07.31,12,Female,0,-,Holstein,168,2,60,-,19.07.11,3.1,37.1,1128,2,Fresh,1,-,43.9,270.6,1375,517,975,849,876,186,0,544,1375,517,1000,1049,1002,1019,Inseminate,-,0,-,-,-,13176,-,Male,-,60,Jun,22.06.13,Easy
243,-,22,1,22.08.01,11,Female,0,-,Holstein,1667,2,44,-,19.07.11,3.1,37.1,1128,22,Fresh,1,-,42.5,251.7,1135,459,1036,900,967,746,8,6,1135,459,1002,1049,1017,1055,Inseminate,-,0,-,-,-,-,-,-,-,44,Jun,22.06.29,Easy
244,-,7,14,22.08.04,8,Female,211,22.01.13,Holstein,7545,1,354,-,19.08.01,3,36.4,1107,7,Pregnant,4,22.04.04,22.3,123.9,860,257,937,838,902,908,889,880,860,257,778,895,864,904,Conf. Dry Off,Yes,2,22.04.04,-,420,2089,-,Female,-,354,Aug,21.08.23,-
245,-,75,50,22.07.23,20,Female,234,21.12.21,Holstein,2697,1,423,-,19.08.01,3,36.4,1107,75,"Pregnant, Dry",5,22.03.15,-,-,491,0,1048,884,975,965,915,909,491,0,1008,1096,1042,1055,Conf. Step  Up,Yes,2,22.03.15,-,486,1844,-,Female,-,443,May,21.05.26,-
249,-,6,5,22.07.31,12,Female,0,22.08.01,Holstein,5007,1,369,-,19.08.03,3,36.3,1105,6,Bred,1,22.06.18,27.2,158.8,807,280,949,849,949,970,863,705,807,280,1012,1073,1084,1037,Inseminate,-,0,22.06.18,-,635,2022,-,Female,-,369,Aug,21.08.08,-
251,-,22,1,22.08.01,11,Female,0,-,Holstein,4138,2,31,-,19.08.04,3,36.3,1104,22,Fresh,0,-,47.9,272,779,498,882,742,706,647,79,0,779,498,1020,940,943,943,Report Heat,-,0,-,-,-,13265,-,Male,-,31,Jul,22.07.12,Easy
252,-,1,80,22.07.31,12,Female,0,-,Holstein,5003,2,13,-,19.08.05,3,36.2,1103,1,Fresh,0,-,44.7,257.6,9,427,1069,965,948,969,307,0,9,427,1134,1156,1069,1153,Report Heat,-,0,-,-,-,2988,-,Female,-,13,Jul,22.07.30,Easy
254,-,22,1,22.08.10,2,Female,0,-,Holstein,12506,2,20,-,19.08.06,3,36.2,1102,22,Fresh,0,-,32.8,193.9,216,341,849,770,792,648,68,0,216,341,887,888,886,904,Report Heat,-,0,-,-,-,13334,-,Male,-,20,Jul,22.07.23,-
255,-,13,12,22.07.13,30,Female,0,22.07.02,Holstein,3725,1,348,-,19.08.07,3,36.2,1101,13,Pregnant (1st Preg Check),3,22.08.06,36.6,201,1114,376,1253,1063,1176,1214,1177,1177,1114,376,949,1277,1165,1296,2nd Pregn. Check,-,1,22.08.06,-,584,2112,-,Female,-,348,Aug,21.08.29,-
257,-,75,50,22.08.02,10,Female,226,21.12.29,Holstein,4294,1,362,-,19.08.08,3,36.1,1100,75,"Pregnant, Dry",5,22.03.21,-,-,747,13,973,944,1003,970,937,906,747,13,1064,1038,1030,1088,Conf. Step  Up,Yes,2,22.03.21,-,423,2007,-,Female,-,372,Aug,21.08.05,-
260,-,2,22,22.07.31,12,Female,0,-,Holstein,2477,2,61,-,19.08.08,3,36.1,1100,2,Fresh,1,-,34.5,241.3,1302,450,893,792,776,156,0,577,1302,450,911,910,909,927,Inseminate,-,0,-,-,-,2861,-,Female,-,61,Jun,22.06.12,Easy
261,-,5,4,22.07.31,12,Female,130,22.04.04,Holstein,2203,1,408,-,19.08.10,3,36.1,1098,5,Pregnant,4,22.07.02,24.1,138.2,847,262,1000,891,1013,940,847,829,847,262,992,1013,1015,1062,Conf. Dry Off,Yes,2,22.07.02,-,555,1890,-,Female,-,408,Jun,21.06.30,-
262,-,6,5,22.07.31,12,Female,0,22.06.11,Holstein,5631,1,407,-,19.08.11,3,36,1097,6,Pregnant (1st Preg Check),3,22.07.23,27.8,165.6,866,298,875,761,885,857,821,832,866,298,906,880,902,918,2nd Pregn. Check,-,1,22.07.23,-,622,12106,-,Male,-,407,Jul,21.07.01,Easy
263,-,1,80,22.08.06,6,Female,0,-,Holstein,2084,2,6,-,19.08.11,3,36,1097,1,Fresh,0,-,44,229.7,0,234,757,807,868,881,257,0,0,234,1028,1098,1032,1039,Report Heat,-,0,-,-,-,13358,-,Male,-,6,Aug,22.08.06,-
264,-,80,75,22.07.16,27,Female,275,21.11.10,Holstein,6765,1,311,-,19.08.11,3,36,1097,80,"Pregnant, Dry",5,22.02.07,-,-,0,0,1099,971,956,943,711,142,0,0,1113,1106,1147,1130,Conf. Step  Up,Yes,2,22.02.07,-,374,2011,-,Female,-,372,Aug,21.08.05,-
266,-,75,50,22.07.23,20,Female,239,21.12.16,Holstein,4841,1,387,-,19.08.12,3,36,1096,75,"Pregnant, Dry",5,22.03.07,-,-,388,0,850,766,833,857,811,790,388,0,897,867,866,873,Conf. Step  Up,Yes,2,22.03.07,-,445,1893,-,Female,-,407,Jul,21.07.01,-
268,-,13,12,22.07.13,30,Female,0,22.07.20,Holstein,4571,1,179,-,19.08.13,3,36,1095,13,Bred,1,22.06.27,36,199.1,1060,367,0,487,1137,1262,1245,1166,1060,367,0,0,0,0,Inseminate,-,0,22.06.27,-,433,-,-,-,-,179,Feb,22.02.14,-
270,-,2,22,22.07.31,12,Female,0,-,Holstein,3332,2,68,-,19.08.14,3,35.9,1094,2,Fresh,1,-,37.3,223.3,1219,416,815,707,652,0,0,803,1219,416,846,864,862,858,Inseminate,-,0,-,-,-,13154,-,Male,-,68,Jun,22.06.05,Easy
271,-,14,13,22.08.10,2,Female,0,22.07.19,Holstein,6544,1,256,-,19.08.14,3,35.9,1094,14,Bred,1,22.04.21,33,195.4,965,362,1048,961,1028,1080,945,868,965,362,0,0,30,939,Inseminate,-,0,22.04.21,-,509,2384,-,Female,-,256,Nov,21.11.29,-
272,-,6,14,22.08.10,2,Female,140,22.03.25,Holstein,6095,1,219,-,19.08.14,3,35.9,1094,6,Pregnant,4,22.06.20,24.8,167.3,1046,335,516,799,992,1043,985,995,1046,335,0,0,0,0,Conf. Dry Off,Yes,2,22.06.20,-,356,2481,-,Female,-,219,Jan,22.01.05,Easy
273,-,6,14,22.08.06,6,Female,168,22.02.25,Holstein,2115,1,339,-,19.08.14,3,35.9,1094,6,Pregnant,4,22.05.16,26.5,148.7,921,293,981,877,950,877,848,878,921,293,597,933,901,895,Conf. Dry Off,Yes,2,22.05.16,-,448,2165,-,Female,-,339,Sep,21.09.07,Easy
275,-,2,22,22.07.31,12,Female,0,22.07.27,Holstein,1603,2,76,-,19.08.17,3,35.8,1091,2,Bred,1,-,41.9,250.1,1277,460,821,540,0,0,62,953,1277,460,968,986,938,908,Inseminate,-,0,-,-,337,2833,-,Female,-,76,May,22.05.28,Easy
276,-,6,5,22.07.31,12,Female,0,22.07.25,Holstein,4518,1,407,-,19.08.17,3,35.8,1091,6,Bred,1,22.05.19,18.9,145.5,801,270,1081,977,1103,1059,988,899,801,270,1044,1049,1076,1105,Inseminate,-,0,22.05.19,-,666,1898,-,Female,-,407,Jul,21.07.01,Easy
279,-,2,22,22.07.31,12,Female,0,-,Holstein,4577,2,50,-,19.08.18,3,35.8,1090,2,Fresh,1,-,46.3,282.7,1342,519,1123,942,977,693,0,184,1342,519,1188,1290,1146,1206,Inseminate,-,0,-,-,-,2895,-,Female,-,50,Jun,22.06.23,Easy
282,-,22,1,22.08.01,11,Female,0,-,Holstein,4432,2,38,-,19.08.19,3,35.8,1089,22,Fresh,0,-,50.3,296.4,980,513,942,788,882,536,0,0,980,513,1025,1050,1019,1099,Report Heat,-,0,-,-,-,13247,-,Male,-,38,Jul,22.07.05,Hard
283,-,6,5,22.07.31,12,Female,0,22.07.30,Holstein,7016,1,430,-,19.08.19,3,35.8,1089,6,Bred (Aborted) ,1,22.05.02,29.2,179.4,1012,335,1161,1038,1108,1127,1073,1012,1012,335,1274,1183,1187,1107,Inseminate,-,0,22.05.02,22.07.13,694,1863,-,Female,-,430,Jun,21.06.08,Easy
284,-,1,80,22.08.06,6,Female,0,-,Holstein,8963,2,6,-,19.08.20,3,35.7,1088,1,Fresh,0,-,41,178.3,0,187,1079,980,1054,976,1004,43,0,187,1051,1060,1061,1111,Report Heat,-,0,-,-,-,3010,-,Female,-,6,Aug,22.08.06,-
285,-,6,5,22.07.31,12,Female,0,22.07.05,Holstein,6492,1,405,-,19.08.21,3,35.7,1087,6,Bred,2,22.06.04,23.4,152.7,790,289,899,772,884,887,908,785,790,289,946,990,948,955,Pregn. Check,-,0,22.06.04,-,644,12111,-,Male,-,405,Jul,21.07.03,-
286,-,22,1,22.08.01,11,Female,0,-,Holstein,589,2,36,-,19.08.21,3,35.7,1087,22,Fresh,0,-,51.8,307.6,1091,557,944,918,987,807,7,0,1091,557,1194,1252,812,824,Report Heat,-,0,-,-,-,13253,-,Male,-,36,Jul,22.07.07,Easy
289,-,22,1,22.08.04,8,Female,0,-,Holstein,1595,2,26,-,19.08.21,3,35.7,1087,22,Fresh,0,-,40.9,243.7,503,451,1034,909,981,904,267,0,503,451,1029,1020,984,1031,Report Heat,-,0,-,-,-,13287,-,Male,-,26,Jul,22.07.17,-
290,-,7,6,22.07.21,22,Female,0,22.06.19,Holstein,5424,1,376,-,19.08.21,3,35.7,1087,7,Pregnant (1st Preg Check),3,22.07.30,21.5,123.3,654,237,910,828,890,903,906,729,654,237,990,1019,910,919,2nd Pregn. Check,-,1,22.07.30,-,599,1990,-,Female,-,376,Aug,21.08.01,-
291,-,6,14,22.08.06,6,Female,177,22.02.16,Holstein,6261,1,373,-,19.08.21,3,35.7,1087,6,Pregnant,4,22.05.16,26.8,163.2,1037,327,1204,1045,1134,1151,1151,1103,1037,327,1135,1204,1173,1183,Conf. Dry Off,Yes,2,22.05.16,-,473,12166,-,Male,-,373,Aug,21.08.04,-
293,-,75,50,22.07.02,41,Female,235,21.12.20,Holstein,7242,1,385,-,19.08.24,3,35.6,1084,75,"Pregnant, Dry",5,22.03.15,-,-,6,0,915,759,811,790,641,416,6,0,935,858,893,974,Conf. Step  Up,Yes,2,22.03.15,-,468,1865,-,Female,-,426,Jun,21.06.12,-
297,-,80,75,22.07.23,20,Female,266,21.11.19,Holstein,1941,1,315,-,19.08.23,3,35.6,1085,80,"Pregnant, Dry",5,22.02.07,-,-,0,0,1151,1030,1119,1041,997,576,0,0,1047,1104,1076,1174,Conf. Step  Up,Yes,2,22.02.07,-,378,2031,-,Female,-,367,Aug,21.08.10,-
298,-,2,22,22.07.31,12,Female,0,-,Holstein,2662,2,66,-,19.08.23,3,35.6,1085,2,Fresh,1,-,53.5,314,1648,579,1102,896,1011,171,0,929,1648,579,1215,1204,1132,1139,Inseminate,-,0,-,-,-,13157,-,Male,-,66,Jun,22.06.07,Easy
300,-,199,190,22.08.02,10,Female,0,22.07.07,Holstein,-,1,396,Yes,19.08.24,3,35.6,1084,199,"Cull, Not Pregnant",2,22.06.17,-,-,0,0,0,0,0,0,0,0,0,0,0,0,0,0,Pregn. Check,-,0,22.06.17,21.12.26,637,1920,-,Female,-,396,Jul,21.07.12,-
301,-,1,80,22.08.02,10,Female,0,-,Holstein,6428,2,10,-,19.08.24,3,35.6,1084,1,Fresh,0,-,39.1,216.8,0,301,992,898,917,872,423,0,0,301,982,998,991,1015,Report Heat,-,0,-,-,-,13342,-,Male,-,10,Aug,22.08.02,Easy
304,-,2,22,22.07.31,12,Female,0,22.08.10,Holstein,5597,2,51,-,19.08.25,3,35.6,1083,2,Bred,1,-,36.6,236.5,1185,440,863,706,717,125,0,256,1185,440,909,916,910,890,Inseminate,-,0,-,-,326,13214,-,Male,-,51,Jun,22.06.22,Easy
307,-,2,22,22.07.31,12,Female,0,22.08.03,Holstein,10612,2,86,-,19.08.25,3,35.6,1083,2,Bred,1,-,35.6,231.9,1289,434,782,526,0,0,450,1181,1289,434,856,794,782,806,Inseminate,-,0,-,-,354,2810,-,Female,-,86,May,22.05.18,-
308,-,75,50,22.07.16,27,Female,247,21.12.08,Holstein,7679,1,377,-,19.08.25,3,35.6,1083,75,"Pregnant, Dry",5,22.02.28,-,-,252,0,918,800,986,962,918,829,252,0,976,1004,976,1006,Conf. Step  Up,Yes,2,22.02.28,-,434,1902,-,Female,-,404,Jul,21.07.04,-
309,-,13,12,22.08.06,6,Female,0,22.05.18,Holstein,1034,1,175,-,19.08.25,3,35.6,1083,13,Open,1,22.07.04,22.3,134,770,261,0,162,674,765,802,780,770,261,0,0,0,0,Inseminate,-,0,22.07.04,-,366,12856,-,Male,-,175,Feb,22.02.18,-
311,-,22,1,22.08.01,11,Female,0,-,Holstein,5460,2,29,-,19.08.25,3,35.6,1083,22,Fresh,0,-,57.3,329.6,672,593,1157,952,1053,925,318,0,672,593,1199,1270,1197,1207,Report Heat,-,0,-,-,-,13277,-,Male,-,29,Jul,22.07.14,Easy
313,-,6,5,22.07.31,12,Female,0,22.05.18,Holstein,4442,1,334,-,19.08.26,3,35.5,1082,6,Pregnant (1st Preg Check),3,22.07.04,27.7,136.2,865,265,762,743,883,893,905,858,865,265,398,769,809,688,2nd Pregn. Check,-,1,22.07.04,-,525,2179,-,Female,-,334,Sep,21.09.12,-
314,-,7,6,22.08.10,2,Female,197,22.01.27,Holstein,5960,1,376,-,19.08.26,3,35.5,1082,7,Pregnant,4,22.04.18,26.3,164,988,328,1039,969,964,933,931,981,988,328,1118,1136,1114,1149,Conf. Dry Off,Yes,2,22.04.18,-,456,1992,-,Female,-,376,Aug,21.08.01,-
315,-,75,50,22.07.23,20,Female,239,21.12.16,Holstein,3080,1,398,-,19.08.26,3,35.5,1082,75,"Pregnant, Dry",5,22.03.07,-,-,522,0,1136,1044,1107,1096,1078,1032,522,0,1156,1140,1132,1241,Conf. Step  Up,Yes,2,22.03.07,-,456,1878,-,Female,-,418,Jun,21.06.20,Easy
316,-,75,50,22.08.02,10,Female,229,21.12.26,Holstein,880,1,365,-,19.08.26,3,35.5,1082,75,"Pregnant, Dry",5,22.03.21,-,-,650,14,937,842,890,865,875,894,650,14,1002,987,945,966,Conf. Step  Up,Yes,2,22.03.21,-,423,2001,-,Female,-,375,Aug,21.08.02,Easy
317,-,2,22,22.07.31,12,Female,0,-,Holstein,4185,2,60,-,19.08.27,3,35.5,1081,2,Fresh,1,-,49.1,283.1,1473,533,966,811,889,300,0,666,1473,533,1108,1089,1034,1060,Inseminate,-,0,-,-,-,2864,-,Female,-,60,Jun,22.06.13,Easy
318,-,14,13,22.08.10,2,Female,0,22.06.22,Holstein,4778,1,261,-,19.08.27,3,35.5,1081,14,Open,1,22.07.30,35.8,208.7,1102,387,1253,1065,1145,1140,1118,1148,1102,387,0,0,205,1012,Inseminate,-,0,22.07.30,-,487,12647,-,Male,-,261,Nov,21.11.24,-
325,-,80,75,22.07.23,20,Female,265,21.11.20,Holstein,4586,1,338,-,19.08.27,3,35.5,1081,80,"Pregnant, Dry",5,22.02.21,-,-,0,0,898,788,861,855,783,451,0,0,994,968,903,973,Conf. Step  Up,Yes,2,22.02.21,-,396,1956,-,Female,-,384,Jul,21.07.24,-
326,-,199,190,22.08.02,10,Female,0,22.01.17,Holstein,-,1,358,Yes,19.08.27,3,35.5,1081,199,"Cull, Not Pregnant",1,22.04.11,-,-,0,0,0,0,0,0,0,0,0,0,0,0,0,0,Inseminate,-,0,22.04.11,22.07.07,428,12250,-,Male,-,358,Aug,21.08.19,-
327,-,22,1,22.08.01,11,Female,0,-,Holstein,9068,2,30,-,19.08.27,3,35.5,1081,22,Fresh,0,-,47.6,277.6,777,511,889,817,859,741,7,0,777,511,897,1015,898,923,Report Heat,-,0,-,-,-,13266,-,Male,-,30,Jul,22.07.13,-
329,-,6,5,22.07.31,12,Female,144,22.03.21,Holstein,4722,1,416,-,19.08.27,3,35.5,1081,6,Pregnant,4,22.06.20,18.3,154.1,985,294,1097,922,1004,1087,990,984,985,294,1008,1003,1038,1125,Conf. Dry Off,Yes,2,22.06.20,-,549,1881,-,Female,-,416,Jun,21.06.22,-
330,-,7,6,22.07.21,22,Female,97,22.05.07,Holstein,4008,1,403,-,19.08.27,3,35.5,1081,7,Pregnant,4,22.08.01,17.9,114.3,604,227,796,651,765,822,766,680,604,227,920,872,888,918,Conf. Dry Off,Yes,2,22.08.01,-,583,1903,-,Female,-,403,Jul,21.07.05,-
332,-,22,1,22.08.01,11,Female,0,-,Holstein,8500,2,36,-,19.08.27,3,35.5,1081,22,Fresh,0,-,40.7,244.7,799,445,886,792,821,668,7,0,799,445,908,910,874,916,Report Heat,-,0,-,-,-,13252,-,Male,-,36,Jul,22.07.07,Easy
333,-,6,5,22.07.31,12,Female,0,22.05.25,Holstein,338,1,394,-,19.08.28,3,35.5,1080,6,Open,1,22.07.11,21.1,135.5,661,244,863,702,788,803,786,673,661,244,873,813,810,859,Inseminate,-,0,22.07.11,-,592,1928,-,Female,-,394,Jul,21.07.14,-
334,-,22,1,22.08.04,8,Female,0,-,Holstein,4435,2,26,-,19.08.28,3,35.5,1080,22,Fresh,0,-,45.3,259,548,453,961,814,925,870,250,0,548,453,1020,1015,932,989,Report Heat,-,0,-,-,-,13282,-,Male,-,26,Jul,22.07.17,-
335,-,199,190,22.05.01,103,Female,0,-,Holstein,-,1,200,Yes,19.08.29,3,35.4,1079,199,"Cull, Not Pregnant",1,-,-,-,0,0,0,0,0,0,0,0,0,0,0,0,0,0,Inseminate,-,0,-,-,-,2541,-,Female,-,200,Jan,22.01.24,-
336,-,80,75,22.07.23,20,Female,271,21.11.14,Holstein,5807,1,315,-,19.08.29,3,35.4,1079,80,"Pregnant, Dry",5,22.02.07,-,-,0,0,1067,947,1031,989,781,315,0,0,1167,1160,1066,1130,Conf. Step  Up,Yes,2,22.02.07,-,378,12172,-,Male,-,372,Aug,21.08.05,-
337,-,2,22,22.07.31,12,Female,0,22.08.10,Holstein,6266,2,59,-,19.08.29,3,35.4,1079,2,Bred,1,-,45.8,280.6,1479,523,896,762,811,141,0,581,1479,523,1053,1002,1047,1057,Inseminate,-,0,-,-,334,2869,-,Female,-,59,Jun,22.06.14,Easy
338,-,1,80,22.07.30,13,Female,0,-,Holstein,11423,2,13,-,19.08.29,3,35.4,1079,1,Fresh,0,-,27.2,153,36,269,874,819,748,707,422,0,36,269,852,1050,960,930,Report Heat,-,0,-,-,-,2982,-,Female,-,13,Jul,22.07.30,-
341,-,199,190,22.08.02,10,Female,0,21.11.10,Holstein,-,1,365,Yes,19.08.29,3,35.4,1079,199,"Cull, Not Pregnant",1,22.02.07,-,-,0,0,0,0,0,0,0,0,0,0,0,0,0,0,Inseminate,-,0,22.02.07,22.07.23,367,2055,-,Female,-,365,Aug,21.08.12,Easy
343,-,2,70,22.08.06,6,Female,0,-,Holstein,6472,2,62,-,19.08.30,3,35.4,1078,2,Fresh,1,-,47.1,281.4,1688,452,1046,877,895,161,0,844,1688,452,1124,1119,1053,1074,Inseminate,-,0,-,-,-,13167,-,Male,-,62,Jun,22.06.11,Hard
345,-,7,14,22.06.07,66,Female,189,22.02.04,Holstein,3856,1,411,-,19.08.14,3,35.9,1094,7,Pregnant,4,22.05.02,15.1,94.5,579,180,802,649,799,766,717,516,579,180,875,886,846,887,Conf. Dry Off,Yes,2,22.05.02,-,499,-,-,-,-,411,Jun,21.06.27,-
346,-,6,14,22.08.06,6,Female,181,22.02.12,Holstein,1739,1,341,-,19.08.30,3,35.4,1078,6,Pregnant,4,22.05.16,24.9,153.5,945,312,997,855,1020,925,940,980,945,312,738,1083,1006,1062,Conf. Dry Off,Yes,2,22.05.16,-,437,-,-,Female,-,341,Sep,21.09.05,Easy
348,-,13,12,22.08.06,6,Female,0,22.07.29,Holstein,638,1,360,-,19.08.30,3,35.4,1078,13,Bred,1,22.07.01,36.9,198.8,1077,377,1219,1070,1166,1212,1157,1050,1077,377,1279,1323,1217,1299,Inseminate,-,0,22.07.01,-,623,2072,-,Female,-,360,Aug,21.08.17,-
349,-,5,4,22.07.31,12,Female,142,22.03.23,Holstein,6133,1,399,-,19.08.30,3,35.4,1078,5,Pregnant,4,22.06.20,30.5,172.6,972,324,972,859,1008,1027,935,930,972,324,1027,1010,985,1044,Conf. Dry Off,Yes,2,22.06.20,-,534,-,-,-,-,399,Jul,21.07.09,Easy
350,-,6,5,22.07.31,12,Female,149,22.03.16,Holstein,6982,1,383,-,19.08.30,3,35.4,1078,6,Pregnant,4,22.06.20,25.4,151.8,839,278,1059,968,1079,1145,975,974,839,278,1222,1244,1117,1119,Conf. Dry Off,Yes,2,22.06.20,-,511,1962,-,Female,-,383,Jul,21.07.25,-
353,-,1,80,22.07.30,13,Female,0,-,Holstein,6464,2,13,-,19.08.31,2.9,35.4,1077,1,Fresh,0,-,46.7,243,50,435,1098,1001,1095,1074,696,0,50,435,1223,1196,1156,1213,Report Heat,-,0,-,-,-,13319,-,Male,-,13,Jul,22.07.30,-
355,-,80,75,22.08.10,2,Female,254,21.12.01,Holstein,3345,1,337,-,19.08.31,2.9,35.4,1077,80,"Pregnant, Dry",5,22.02.21,-,-,12,0,870,791,890,883,856,683,12,0,985,927,849,903,Conf. Step  Up,Yes,2,22.02.21,-,401,1983,-,Female,-,378,Jul,21.07.30,Easy
356,-,14,13,22.07.13,30,Female,124,22.04.10,Holstein,6246,1,208,-,19.08.31,2.9,35.4,1077,14,Pregnant,4,22.07.02,33.2,207.3,1094,389,309,930,1141,1116,1136,1066,1094,389,0,0,0,0,Conf. Dry Off,Yes,2,22.07.02,-,361,2518,-,Female,-,208,Jan,22.01.16,Easy
357,-,6,14,22.08.06,6,Female,192,22.02.01,Holstein,150,1,397,-,19.08.31,2.9,35.4,1077,6,Pregnant,4,22.05.02,24.7,170.6,1024,341,1077,944,1033,1093,1068,1096,1024,341,1168,1105,1087,1131,Conf. Dry Off,Yes,2,22.05.02,-,482,1914,-,Female,-,397,Jul,21.07.11,-
358,-,199,190,22.05.01,103,Female,0,21.12.23,Holstein,-,1,372,Yes,19.08.31,2.9,35.4,1077,199,"Cull, Not Pregnant",1,22.03.15,-,-,0,0,0,0,0,0,0,0,0,0,0,0,0,0,Inseminate,-,0,22.03.15,22.04.16,417,2014,-,Female,-,372,Aug,21.08.05,Easy
361,-,22,1,22.08.01,11,Female,0,-,Holstein,15823,2,36,-,19.09.01,2.9,35.4,1076,22,Fresh,0,-,51.8,296.6,1011,550,1145,1019,1061,901,13,0,1011,550,1243,1285,1180,1232,Report Heat,-,0,-,-,-,2920,-,Female,-,36,Jul,22.07.07,-
362,-,199,190,22.03.31,134,Female,0,21.09.22,Holstein,-,1,396,Yes,19.09.01,2.9,35.4,1076,199,"Cull, Not Pregnant",1,21.12.11,-,-,0,0,0,0,0,0,0,0,0,0,0,0,0,0,Inseminate,-,0,21.12.11,22.03.22,349,1916,-,Female,-,396,Jul,21.07.12,-
365,-,1,80,22.08.10,2,Female,0,-,Holstein,1471,2,3,-,19.09.01,2.9,35.4,1076,1,Fresh,0,-,20.8,42.5,0,42,1135,987,1053,1071,903,443,0,42,1119,1146,1098,1141,Report Heat,-,0,-,-,-,13386,-,Male,-,3,Aug,22.08.09,Hard
366,-,6,5,22.07.31,12,Female,0,22.07.30,Holstein,708,1,350,-,19.09.02,2.9,35.3,1075,6,Bred,1,22.03.05,26.6,163.7,742,301,1107,903,1029,1095,1004,815,742,301,1098,1284,1148,1207,Inseminate,-,0,22.03.05,-,614,2106,-,Female,-,350,Aug,21.08.27,Easy
368,-,2,22,22.07.31,12,Female,0,-,Holstein,6631,2,55,-,19.09.03,2.9,35.3,1074,2,Fresh,1,-,50,300.1,1582,570,943,821,923,316,0,497,1582,570,1127,1126,1096,1132,Inseminate,-,0,-,-,-,13189,-,Male,-,55,Jun,22.06.18,-
369,-,6,5,22.07.31,12,Female,120,22.04.14,Holstein,4502,1,386,-,19.09.04,2.9,35.3,1073,6,Pregnant,4,22.07.16,29.2,188.8,979,329,877,648,719,901,991,886,979,329,1033,1066,967,910,Conf. Dry Off,Yes,2,22.07.16,-,543,1952,-,Female,-,386,Jul,21.07.22,Easy
370,-,22,1,22.08.01,11,Female,0,-,Holstein,6515,2,31,-,19.09.04,2.9,35.3,1073,22,Fresh,0,-,40.1,227.9,701,426,1058,945,992,858,277,0,701,426,894,1060,1009,1083,Report Heat,-,0,-,-,-,2936,-,Female,-,31,Jul,22.07.12,Easy
371,-,6,14,22.08.06,6,Female,140,22.03.25,Holstein,9416,1,335,-,19.09.04,2.9,35.3,1073,6,Pregnant,4,22.06.20,24.4,151.3,1033,325,1092,916,1007,1004,1034,1065,1033,325,595,1132,1050,1129,Conf. Dry Off,Yes,2,22.06.20,-,472,2175,-,Female,-,335,Sep,21.09.11,-
372,-,2,22,22.07.31,12,Female,0,22.08.04,Holstein,5346,2,71,-,19.09.04,2.9,35.3,1073,2,Bred,1,-,45.1,258.5,1378,478,923,820,750,0,0,1199,1378,478,1001,983,978,982,Inseminate,-,0,-,-,340,13147,-,Male,-,71,Jun,22.06.02,-
374,-,22,70,22.08.08,4,Female,0,-,Holstein,771,2,38,-,19.09.04,2.9,35.3,1073,22,Fresh,0,-,41.2,225.3,934,423,793,657,767,473,0,0,934,423,951,940,902,861,Report Heat,-,0,-,-,-,2916,-,Female,-,38,Jul,22.07.05,Easy
379,-,6,14,22.08.06,6,Female,135,22.03.30,Holstein,3223,1,363,-,19.09.07,2.9,35.2,1070,6,Pregnant,4,22.06.20,20.2,134.7,848,275,796,708,778,805,829,845,848,275,855,905,880,859,Conf. Dry Off,Yes,2,22.06.20,-,505,2060,-,Female,-,363,Aug,21.08.14,-
381,-,13,12,22.07.13,30,Female,0,22.07.29,Holstein,6668,1,393,-,19.09.08,2.9,35.1,1069,13,Bred,1,22.06.30,36.6,202.5,969,360,1042,917,1022,1051,1062,1029,969,360,1138,1042,982,1073,Inseminate,-,0,22.06.30,-,656,1934,-,Female,-,393,Jul,21.07.15,Easy
382,-,22,1,22.08.10,2,Female,0,-,Holstein,13931,2,19,-,19.09.08,2.9,35.1,1069,22,Fresh,0,-,40.9,250.2,229,450,866,768,793,785,250,0,229,450,897,943,877,900,Report Heat,-,0,-,-,-,2964,-,Female,-,19,Jul,22.07.24,Easy
384,-,1,80,22.08.04,8,Female,0,-,Holstein,12846,2,9,-,19.09.08,2.9,35.1,1069,1,Fresh,0,-,43.9,245.2,0,307,1060,949,1068,1042,762,144,0,307,1146,1144,1082,1121,Report Heat,-,0,-,-,-,13350,-,Male,-,9,Aug,22.08.03,Easy
386,-,6,5,22.07.31,12,Female,0,22.07.31,Holstein,14317,1,381,-,19.09.09,2.9,35.1,1068,6,Bred,1,22.06.01,29.5,181.2,972,338,1060,893,1064,1100,1066,925,972,338,1119,1147,1061,1076,Inseminate,-,0,22.06.01,-,646,1968,-,Female,-,381,Jul,21.07.27,-
388,-,6,14,22.08.10,2,Female,0,22.06.10,Holstein,7751,1,368,-,19.09.09,2.9,35.1,1068,6,Pregnant (1st Preg Check),3,22.07.14,28.3,171.8,975,312,1049,896,1026,1042,1045,1003,975,312,1215,1139,1057,1089,2nd Pregn. Check,-,1,22.07.14,-,582,2025,-,Female,-,368,Aug,21.08.09,-
390,-,6,5,22.07.31,12,Female,0,22.06.23,Holstein,857,1,361,-,19.09.09,2.9,35.1,1068,6,Open,1,22.05.29,28.7,170.4,803,302,1036,868,957,960,1007,797,803,302,1095,1101,1079,1043,Inseminate,-,0,22.05.29,-,588,12234,-,Male,-,361,Aug,21.08.16,-
391,-,75,50,22.07.16,27,Female,245,21.12.10,Holstein,4803,1,339,-,19.09.09,2.9,35.1,1068,75,"Pregnant, Dry",5,22.02.28,-,-,261,0,1176,1113,1181,1173,1050,922,261,0,1194,1208,1123,1219,Conf. Step  Up,Yes,2,22.02.28,-,398,12207,-,Male,-,366,Aug,21.08.11,-
392,-,13,12,22.07.13,30,Female,0,22.07.26,Holstein,4312,1,358,-,19.09.10,2.9,35.1,1067,13,Bred,1,22.05.21,35.4,204.3,1087,382,1168,913,1103,1137,1134,1082,1087,382,1083,1207,1161,1267,Inseminate,-,0,22.05.21,-,618,12252,-,Male,-,358,Aug,21.08.19,Easy
395,-,14,13,22.08.10,2,Female,0,22.07.20,Holstein,5842,1,230,-,19.09.10,2.9,35.1,1067,14,Bred,1,22.06.27,27.5,166.8,945,319,926,998,1072,1041,1005,927,945,319,0,0,0,72,Inseminate,-,0,22.06.27,-,484,2445,-,Female,-,230,Dec,21.12.25,Easy
399,-,1,80,22.07.26,17,Female,0,-,Holstein,2378,2,17,-,19.09.12,2.9,35,1065,1,Fresh,0,-,25,148.3,94,266,670,504,567,545,59,0,94,266,748,722,713,717,Report Heat,-,0,-,-,-,2972,-,Female,-,17,Jul,22.07.26,-
400,-,2,22,22.07.31,12,Female,0,-,Holstein,6599,2,60,-,19.09.12,2.9,35,1065,2,Fresh,1,-,44.2,277.3,1417,508,1002,882,930,164,0,593,1417,508,1086,1032,1008,1044,Inseminate,-,0,-,-,-,2867,-,Female,-,60,Jun,22.06.13,Easy
401,-,6,14,22.08.10,2,Female,99,22.05.05,Holstein,6018,1,256,-,19.09.12,2.9,35,1065,6,Pregnant,4,22.08.01,21.8,145.3,848,275,941,873,918,909,938,924,848,275,0,0,2,823,Conf. Dry Off,Yes,2,22.08.01,-,434,12666,-,Male,-,256,Nov,21.11.29,Easy
402,-,75,50,22.08.11,1,Female,219,22.01.05,Holstein,6847,1,320,-,19.09.12,2.9,35,1065,75,"Pregnant, Dry",5,22.03.30,7,49.7,602,141,823,748,792,785,745,707,602,141,58,732,847,862,Conf. Step  Up,Yes,2,22.03.30,-,379,12425,-,Male,-,321,Sep,21.09.25,-
404,-,1,80,22.08.08,4,Female,0,-,Holstein,3143,2,4,-,19.09.14,2.9,34.9,1063,1,Fresh,0,-,24,71.2,0,71,936,785,876,840,633,227,0,71,979,936,882,980,Report Heat,-,0,-,-,-,13375,-,Male,-,4,Aug,22.08.08,-
405,-,199,190,22.08.02,10,Female,0,22.03.11,Holstein,-,1,360,Yes,19.09.14,2.9,34.9,1063,199,"Cull, Not Pregnant",1,22.05.30,-,-,0,0,0,0,0,0,0,0,0,0,0,0,0,0,Inseminate,-,0,22.05.30,22.07.03,483,2073,-,Female,-,360,Aug,21.08.17,-
406,-,22,1,22.08.01,11,Female,0,-,Holstein,1152,2,33,-,19.09.14,2.9,34.9,1063,22,Fresh,0,-,45.4,251.5,729,463,999,856,940,849,104,0,729,463,977,1025,981,1032,Report Heat,-,0,-,-,-,2929,-,Female,-,33,Jul,22.07.10,Easy
407,-,7,14,22.08.04,8,Female,211,22.01.13,Holstein,2681,1,337,-,19.09.14,2.9,34.9,1063,7,Pregnant,4,22.04.04,24.1,148.1,1055,306,1114,1035,1096,1049,995,1057,1055,306,668,1168,1149,1155,Conf. Dry Off,Yes,2,22.04.04,-,403,12367,-,Male,-,337,Sep,21.09.09,Easy
408,-,199,190,22.08.02,10,Female,0,-,Holstein,-,1,375,Yes,19.09.14,2.9,34.9,1063,199,"Cull, Not Pregnant",1,-,-,-,0,0,0,0,0,0,0,0,0,0,0,0,0,0,Inseminate,-,0,-,-,-,1999,-,Female,-,375,Aug,21.08.02,Easy
411,-,13,12,22.07.13,30,Female,0,22.07.13,Holstein,6919,1,341,-,19.09.14,2.9,34.9,1063,13,Bred,1,22.07.11,32.8,193.2,1026,355,1084,952,1072,1085,1072,1015,1026,355,810,1208,1109,1094,Inseminate,-,0,22.07.11,-,588,12328,-,Male,-,341,Sep,21.09.05,-
414,-,10,20,22.07.13,30,Female,196,22.01.28,Holstein,682,1,345,-,19.09.16,2.9,34.9,1061,10,Pregnant,4,22.04.18,21.9,118.1,745,233,949,818,851,768,804,765,745,233,749,1038,996,1059,Conf. Dry Off,Yes,2,22.04.18,-,426,12312,-,Male,-,345,Sep,21.09.01,Easy
416,-,1,80,22.07.31,12,Female,0,-,Holstein,6691,2,13,-,19.09.16,2.9,34.9,1061,1,Fresh,0,-,35.8,220.2,18,369,868,768,840,806,78,0,18,369,896,903,871,904,Report Heat,-,0,-,-,-,2985,-,Female,-,13,Jul,22.07.30,Easy
419,-,1,80,22.08.04,8,Female,0,-,Holstein,6485,2,8,-,19.09.19,2.9,34.8,1058,1,Fresh,0,-,32.7,166.2,0,186,739,493,655,573,334,0,0,186,972,936,789,738,Report Heat,-,0,-,-,-,13353,-,Male,-,8,Aug,22.08.04,Easy
422,-,1,80,22.08.10,2,Female,0,-,Holstein,1203,2,3,-,19.09.19,2.9,34.8,1058,1,Fresh,0,-,25.5,50.6,0,51,1030,927,945,928,696,154,0,51,1090,1099,1031,1061,Report Heat,-,0,-,-,-,13385,-,Male,-,3,Aug,22.08.09,Hard
424,-,2,22,22.07.31,12,Female,0,-,Holstein,210,2,52,-,19.09.19,2.9,34.8,1058,2,Fresh,1,-,42.8,264.7,1309,488,905,781,882,516,0,293,1309,488,1055,1024,930,930,Inseminate,-,0,-,-,-,2887,-,Female,-,52,Jun,22.06.21,Easy
426,-,1,80,22.07.28,15,Female,0,-,Holstein,4277,2,16,-,19.09.20,2.9,34.7,1057,1,Fresh,0,-,42.6,253.7,96,463,1107,964,1032,1006,412,0,96,463,1023,1175,1088,1117,Report Heat,-,0,-,-,-,13317,-,Male,-,16,Jul,22.07.27,Easy
427,-,1,80,22.08.10,2,Female,0,-,Holstein,67,2,3,-,19.09.20,2.9,34.7,1057,1,Fresh,0,-,24,41.2,0,41,1008,873,846,861,641,148,0,41,994,1112,1073,1039,Report Heat,-,0,-,-,-,13388,-,Male,-,3,Aug,22.08.09,Easy
428,-,75,50,22.08.11,1,Female,219,22.01.05,Holstein,7677,1,374,-,19.09.20,2.9,34.7,1057,75,"Pregnant, Dry",5,22.03.30,6.6,42.3,776,147,1033,921,991,982,937,900,776,147,1108,1064,1012,1073,Conf. Step  Up,Yes,2,22.03.30,-,433,2000,-,Female,-,375,Aug,21.08.02,Easy
430,-,199,190,22.07.02,41,Female,0,-,Holstein,-,2,75,Yes,19.09.21,2.9,34.7,1056,199,"Cull, Not Pregnant",1,-,-,-,0,0,0,0,0,0,0,0,0,0,0,0,0,0,Inseminate,-,0,-,-,-,-,-,-,-,75,May,22.05.29,Easy
432,-,75,50,22.08.11,1,Female,219,22.01.05,Holstein,6585,1,362,-,19.09.21,2.9,34.7,1056,75,"Pregnant, Dry",5,22.03.30,8,99.4,972,262,1069,993,1107,1055,1016,1013,972,262,1137,1220,1130,1193,Conf. Step  Up,Yes,2,22.03.30,-,421,2062,-,Female,-,363,Aug,21.08.14,-
433,-,199,190,22.02.01,192,Female,0,21.11.03,Holstein,-,1,387,Yes,19.09.23,2.9,34.6,1054,199,"Cull, Not Pregnant",1,21.12.11,-,-,0,0,0,0,0,0,0,0,0,0,0,0,0,0,Inseminate,-,0,21.12.11,-,382,1966,-,Female,-,387,Jul,21.07.21,-
434,-,75,50,22.08.11,1,Female,219,22.01.05,Holstein,12550,1,301,-,19.09.23,2.9,34.6,1054,75,"Pregnant, Dry",5,22.03.30,9.9,66.9,934,190,1023,912,969,967,966,975,934,190,0,389,981,1052,Conf. Step  Up,Yes,2,22.03.30,-,360,12496,-,Male,-,302,Oct,21.10.14,Easy
435,-,6,14,22.08.06,6,Female,191,22.02.02,Holstein,15,1,372,-,19.09.23,2.9,34.6,1054,6,Pregnant,4,22.05.02,15.9,112.6,754,237,790,795,906,850,856,843,754,237,938,985,927,958,Conf. Dry Off,Yes,2,22.05.02,-,458,2012,-,Female,-,372,Aug,21.08.05,-
436,-,2,22,22.07.31,12,Female,0,-,Holstein,7042,2,52,-,19.09.23,2.9,34.6,1054,2,Fresh,1,-,45,273.2,1409,510,978,814,857,328,0,379,1409,510,1055,1019,988,1026,Inseminate,-,0,-,-,-,13213,-,Male,-,52,Jun,22.06.21,Easy
438,-,22,1,22.08.04,8,Female,0,-,Holstein,6378,2,25,-,19.09.24,2.9,34.6,1053,22,Fresh,0,-,43.7,261.5,447,462,1025,857,963,896,263,0,447,462,1003,1039,1021,1083,Report Heat,-,0,-,-,-,2954,-,Female,-,25,Jul,22.07.18,-
439,-,199,190,22.06.04,69,Female,0,21.10.12,Holstein,-,1,391,Yes,19.09.24,2.9,34.6,1053,199,"Cull, Not Pregnant",1,22.01.01,-,-,0,0,0,0,0,0,0,0,0,0,0,0,0,0,Inseminate,-,0,22.01.01,22.05.29,364,1942,-,Female,-,391,Jul,21.07.17,Easy
440,-,5,4,22.07.31,12,Female,175,22.02.18,Holstein,8886,1,387,-,19.09.24,2.9,34.6,1053,5,Pregnant,4,22.05.16,28.6,162.3,963,308,958,886,944,1009,977,940,963,308,1048,1092,992,1055,Conf. Dry Off,Yes,2,22.05.16,-,489,1949,-,Female,-,387,Jul,21.07.21,Easy
443,-,192,190,22.03.08,157,Female,0,21.06.23,Holstein,-,0,-,Yes,19.09.26,2.9,34.5,1051,192,"Cull, Not Pregnant",1,21.09.11,-,-,0,0,0,0,0,0,0,0,0,0,0,0,0,0,Inseminate,-,0,21.09.11,22.03.08,-,-,-,-,-,0,-,-,-
446,-,7,6,22.08.10,2,Female,204,22.01.20,Holstein,960,1,366,-,19.09.27,2.9,34.5,1050,7,Pregnant,4,22.04.11,20.2,128,855,263,937,848,884,911,876,880,855,263,1022,1004,935,958,Conf. Dry Off,Yes,2,22.04.11,-,439,12204,-,Male,-,366,Aug,21.08.11,-
450,-,7,6,22.07.20,23,Female,194,22.01.30,Holstein,6160,1,383,-,19.09.28,2.9,34.5,1049,7,Pregnant,4,22.05.02,18.2,96.2,572,179,832,744,830,715,764,674,572,179,837,842,726,833,Conf. Dry Off,Yes,2,22.05.02,-,466,1961,-,Female,-,383,Jul,21.07.25,-
452,-,6,14,22.08.06,6,Female,134,22.03.31,Holstein,13524,1,303,-,19.09.28,2.9,34.5,1049,6,Pregnant,4,22.06.20,20.4,121.9,779,252,864,734,804,808,815,746,779,252,0,359,790,875,Conf. Dry Off,Yes,2,22.06.20,-,446,2273,-,Female,-,303,Oct,21.10.13,-
453,-,1,80,22.08.11,1,Female,0,-,Holstein,727,2,2,-,19.09.29,2.9,34.4,1048,1,Fresh,0,-,21.7,24.3,0,24,877,797,843,810,533,0,0,24,650,998,936,948,Report Heat,-,0,-,-,-,13393,-,Male,-,2,Aug,22.08.10,Easy
455,-,6,5,22.07.31,12,Female,0,22.06.30,Holstein,5282,1,353,-,19.09.29,2.9,34.4,1048,6,Pregnant (1st Preg Check),3,22.08.06,23.3,143.4,690,263,994,916,964,974,931,776,690,263,878,968,968,1031,2nd Pregn. Check,-,1,22.08.06,-,587,2096,-,Female,-,353,Aug,21.08.24,-
456,-,7,6,22.07.21,22,Female,0,22.06.13,Holstein,7993,1,271,-,19.09.29,2.9,34.4,1048,7,Pregnant (1st Preg Check),3,22.07.23,23.4,126.7,644,245,1079,960,1008,1043,826,804,644,245,0,0,370,989,2nd Pregn. Check,-,1,22.07.23,-,488,12613,-,Male,-,271,Nov,21.11.14,Easy
458,-,14,13,22.08.06,6,Female,103,22.05.01,Holstein,2980,1,200,-,19.09.30,2.9,34.4,1047,14,Pregnant,4,22.08.01,25.6,167.9,951,316,127,821,943,942,996,959,951,316,0,0,0,0,Conf. Dry Off,Yes,2,22.08.01,-,374,12794,-,Male,-,200,Jan,22.01.24,Easy
459,-,7,14,22.08.04,8,Female,205,22.01.19,Holstein,3766,1,372,-,19.10.01,2.9,34.4,1046,7,Pregnant,4,22.04.11,17.2,98.5,947,228,1086,906,1048,1017,997,934,947,228,991,1036,1016,1073,Conf. Dry Off,Yes,2,22.04.11,-,444,2013,-,Female,-,372,Aug,21.08.05,Easy
462,-,7,14,22.08.04,8,Female,205,22.01.19,Holstein,7874,1,345,-,19.10.02,2.9,34.3,1045,7,Pregnant,4,22.04.11,30.7,128.3,1008,285,1219,1054,1109,1078,1062,1019,1008,285,967,1200,1212,1241,Conf. Dry Off,Yes,2,22.04.11,-,417,2134,-,Female,-,345,Sep,21.09.01,-
466,-,22,1,22.08.01,11,Female,0,-,Holstein,124,2,33,-,19.10.02,2.9,34.3,1045,22,Fresh,0,-,41.7,234.2,686,423,897,768,881,673,9,0,686,423,898,924,877,914,Report Heat,-,0,-,-,-,2928,-,Female,-,33,Jul,22.07.10,Easy
467,-,75,50,22.08.02,10,Female,226,21.12.29,Holstein,12840,1,352,-,19.10.03,2.9,34.3,1044,75,"Pregnant, Dry",5,22.03.21,-,-,827,21,1055,957,1024,1009,955,961,827,21,981,1120,1059,1110,Conf. Step  Up,Yes,2,22.03.21,-,413,-,-,-,-,362,Aug,21.08.15,-
473,-,22,1,22.08.01,11,Female,0,-,Holstein,1414,2,34,-,19.10.06,2.9,34.2,1041,22,Fresh,0,-,54.6,314.6,981,578,1021,788,959,819,89,0,981,578,1035,1066,1071,1050,Report Heat,-,0,-,-,-,2926,-,Female,-,34,Jul,22.07.09,-
474,-,14,13,22.08.10,2,Female,0,22.08.03,Holstein,6317,1,271,-,19.10.07,2.8,34.2,1040,14,Bred,1,22.07.14,27.7,174.9,918,330,905,820,929,897,893,924,918,330,0,0,370,928,Inseminate,-,0,22.07.14,-,539,2360,-,Female,-,271,Nov,21.11.14,Easy
478,-,6,14,22.08.10,2,Female,121,22.04.13,Holstein,9353,1,209,-,19.10.07,2.8,34.2,1040,6,Pregnant,4,22.07.02,27,174.3,1070,348,426,920,1164,1135,1050,1010,1070,348,0,0,0,0,Conf. Dry Off,Yes,2,22.07.02,-,365,2510,-,Female,-,209,Jan,22.01.15,Easy
484,-,199,190,22.08.02,10,Female,0,-,Holstein,-,2,53,Yes,19.10.09,2.8,34.1,1038,199,"Cull, Not Pregnant",1,-,-,-,0,0,0,0,0,0,0,0,0,0,0,0,0,0,Inseminate,-,0,-,-,-,2883,-,Female,-,53,Jun,22.06.20,-
485,-,6,14,22.08.06,6,Female,175,22.02.18,Holstein,1586,1,377,-,19.10.10,2.8,34.1,1037,6,Pregnant,4,22.05.16,18.8,134.7,795,267,885,792,858,889,879,829,795,267,858,887,878,901,Conf. Dry Off,Yes,2,22.05.16,-,479,1989,-,Female,-,377,Jul,21.07.31,-
490,-,80,75,22.08.02,10,Female,262,21.11.23,Holstein,9079,1,321,-,19.10.11,2.8,34,1036,80,"Pregnant, Dry",5,22.02.21,-,-,0,0,999,939,1002,1008,970,721,0,0,936,1028,991,1022,Conf. Step  Up,Yes,2,22.02.21,-,382,2039,-,Female,-,367,Aug,21.08.10,-
492,-,14,13,22.07.13,30,Female,121,22.04.13,Holstein,2633,1,271,-,19.10.12,2.8,34,1035,14,Pregnant,4,22.07.02,37.8,211.4,1205,404,1200,1048,1169,1193,1177,1190,1205,404,0,0,402,1097,Conf. Dry Off,Yes,2,22.07.02,-,427,-,-,-,-,271,Nov,21.11.14,Hard
495,-,6,14,22.08.10,2,Female,177,22.02.16,Holstein,733,1,284,-,19.10.14,2.8,33.9,1033,6,Pregnant,4,22.05.16,27.3,162.5,908,295,1013,883,972,982,923,957,908,295,0,0,810,1045,Conf. Dry Off,Yes,2,22.05.16,-,384,2326,-,Female,-,284,Nov,21.11.01,-
496,-,1,80,22.08.08,4,Female,0,-,Holstein,3550,2,4,-,19.10.14,2.8,33.9,1033,1,Fresh,0,-,36.5,105.3,0,105,969,927,969,924,433,0,0,105,1023,1065,1015,1087,Report Heat,-,0,-,-,-,13373,-,Male,-,4,Aug,22.08.08,-
497,-,6,14,22.08.10,2,Female,0,22.06.14,Holstein,2997,1,250,-,19.10.14,2.8,33.9,1033,6,Pregnant (1st Preg Check),3,22.07.23,24.6,173.8,931,326,986,998,1074,1063,1095,1112,931,326,0,0,0,526,2nd Pregn. Check,-,1,22.07.23,-,468,2402,-,Female,-,250,Dec,21.12.05,Easy
498,-,80,75,22.07.16,27,Female,275,21.11.10,Holstein,265,1,307,-,19.10.14,2.8,33.9,1033,80,"Pregnant, Dry",5,22.02.07,-,-,0,0,868,809,831,859,598,134,0,0,889,925,858,910,Conf. Step  Up,Yes,2,22.02.07,-,370,2029,-,Female,-,368,Aug,21.08.09,-
499,-,75,50,22.07.23,20,Female,240,21.12.15,Holstein,3494,1,297,-,19.10.15,2.8,33.9,1032,75,"Pregnant, Dry",5,22.03.07,-,-,456,0,946,878,980,968,892,858,456,0,8,924,1009,1030,Conf. Step  Up,Yes,2,22.03.07,-,354,12437,-,Male,-,317,Sep,21.09.29,-
500,-,22,1,22.08.01,11,Female,0,-,Holstein,1733,2,30,-,19.10.16,2.8,33.9,1031,22,Fresh,0,-,33,202.8,479,372,742,653,743,644,98,0,479,372,727,793,781,810,Report Heat,-,0,-,-,-,2939,-,Female,-,30,Jul,22.07.13,-
502,-,80,75,22.07.16,27,Female,275,21.11.10,Holstein,2109,1,285,-,19.10.15,2.8,33.9,1032,80,"Pregnant, Dry",5,22.02.07,-,-,0,0,1036,872,834,839,648,146,0,0,850,1055,1005,1059,Conf. Step  Up,Yes,2,22.02.07,-,348,12298,-,Male,-,346,Aug,21.08.31,-
505,-,1,80,22.08.01,11,Female,0,-,Holstein,1533,2,12,-,19.10.18,2.8,33.8,1029,1,Fresh,0,-,32.7,185.8,1,287,856,708,806,839,488,0,1,287,871,937,947,934,Report Heat,-,0,-,-,-,2990,-,Female,-,12,Jul,22.07.31,-
506,-,1,80,22.08.01,11,Female,0,-,Holstein,5895,2,12,-,19.10.17,2.8,33.8,1030,1,Fresh,0,-,43,206.6,0,343,995,940,973,938,582,0,0,343,711,1050,1015,1038,Report Heat,-,0,-,-,-,13338,-,Male,-,12,Jul,22.07.31,-
507,-,22,1,22.08.01,11,Female,0,-,Holstein,7647,2,33,-,19.10.18,2.8,33.8,1029,22,Fresh,0,-,40.7,232.3,702,429,944,875,884,540,0,0,702,429,894,966,917,964,Report Heat,-,0,-,-,-,13256,-,Male,-,33,Jul,22.07.10,-
508,-,10,2,22.07.21,22,Female,135,22.03.30,Holstein,2719,1,194,-,19.10.18,2.8,33.8,1029,10,Pregnant,4,22.06.20,34.9,199,1048,375,61,874,1216,1166,1005,933,1048,375,0,0,0,0,Conf. Dry Off,Yes,2,22.06.20,-,336,12805,-,Male,-,194,Jan,22.01.30,-
510,-,14,13,22.08.10,2,Female,0,22.07.22,Holstein,7971,1,284,-,19.10.18,2.8,33.8,1029,14,Bred (Aborted) ,1,22.05.30,35.8,205.8,1145,392,1123,1008,1112,1071,1069,1087,1145,392,0,0,861,1125,Inseminate,-,0,22.05.30,22.06.18,540,-,-,-,-,284,Nov,21.11.01,-
513,-,14,13,22.07.13,30,Female,103,22.05.01,Holstein,6589,1,257,-,19.10.20,2.8,33.7,1027,14,Pregnant,4,22.08.01,33.8,200.9,1099,375,1127,971,1082,1109,1112,1039,1099,375,0,0,61,955,Conf. Dry Off,Yes,2,22.08.01,-,431,2380,-,Female,-,257,Nov,21.11.28,-
514,-,14,13,22.08.06,6,Female,0,22.06.08,Holstein,28,1,190,-,19.10.20,2.8,33.7,1027,14,Pregnant (1st Preg Check),3,22.07.14,27,169.1,936,307,0,808,1057,1101,1080,960,936,307,0,0,0,0,2nd Pregn. Check,-,1,22.07.14,-,402,2569,-,Female,-,190,Feb,22.02.03,-
516,-,6,14,22.08.10,2,Female,112,22.04.22,Holstein,3043,1,256,-,19.10.21,2.8,33.7,1026,6,Pregnant,4,22.07.16,19.2,126.7,731,236,795,655,735,766,800,730,731,236,0,0,9,658,Conf. Dry Off,Yes,2,22.07.16,-,421,12664,-,Male,-,256,Nov,21.11.29,Easy
518,-,80,75,22.07.23,20,Female,270,21.11.15,Holstein,2901,1,271,-,19.10.22,2.8,33.7,1025,80,"Pregnant, Dry",5,22.02.07,-,-,0,0,905,836,833,854,799,461,0,0,112,846,862,903,Conf. Step  Up,Yes,2,22.02.07,-,330,2214,-,Female,-,323,Sep,21.09.23,Easy
521,-,6,14,22.08.10,2,Female,150,22.03.15,Holstein,2066,1,282,-,19.10.23,2.8,33.6,1024,6,Pregnant,4,22.07.02,18.3,141.6,866,276,967,811,876,884,884,898,866,276,0,0,687,951,Conf. Dry Off,Yes,2,22.07.02,-,409,12579,-,-,-,282,Nov,21.11.03,-
522,-,7,13,22.06.29,44,Female,133,22.04.01,Holstein,5711,1,323,-,19.10.23,2.8,33.6,1024,7,Pregnant,4,22.06.20,14.1,87.7,531,174,677,604,687,712,713,684,531,174,69,465,587,664,Conf. Dry Off,Yes,2,22.06.20,-,467,-,-,-,-,323,Sep,21.09.23,-
523,-,6,14,22.08.10,2,Female,136,22.03.29,Holstein,2637,1,285,-,19.10.23,2.8,33.6,1024,6,Pregnant,4,22.06.20,25.4,141.5,866,280,900,784,827,872,875,906,866,280,0,6,783,881,Conf. Dry Off,Yes,2,22.06.20,-,426,12568,-,Male,-,285,Oct,21.10.31,-
524,-,10,20,22.07.13,30,Female,0,22.01.19,Holstein,2755,1,339,-,19.10.24,2.8,33.6,1023,10,Open,1,22.03.03,18.9,124.2,696,228,903,876,916,801,851,736,696,228,572,935,936,950,Inseminate,-,0,22.03.03,-,411,2166,-,Female,-,339,Sep,21.09.07,Easy
526,-,75,50,22.07.23,20,Female,237,21.12.18,Holstein,14206,1,310,-,19.10.26,2.8,33.5,1021,75,"Pregnant, Dry",5,22.03.15,-,-,445,0,973,919,972,907,844,861,445,0,336,944,1008,1044,Conf. Step  Up,Yes,2,22.03.15,-,370,2193,-,Female,-,330,Sep,21.09.16,Easy
535,-,75,50,22.08.02,10,Female,227,21.12.28,Holstein,1537,1,297,-,19.10.28,2.8,33.5,1019,75,"Pregnant, Dry",5,22.03.21,-,-,557,16,834,755,824,848,826,755,557,16,0,447,781,858,Conf. Step  Up,Yes,2,22.03.21,-,357,12476,-,Male,-,307,Oct,21.10.09,-
536,-,6,14,22.08.10,2,Female,164,22.03.01,Holstein,4843,1,272,-,19.10.28,2.8,33.5,1019,6,Pregnant,4,22.05.30,25.2,167.1,945,321,1007,826,938,961,947,946,945,321,0,0,405,963,Conf. Dry Off,Yes,2,22.05.30,-,385,2353,-,Female,-,272,Nov,21.11.13,Easy
539,-,6,14,22.08.10,2,Female,110,22.04.24,Holstein,398,1,268,-,19.10.30,2.8,33.4,1017,6,Pregnant,4,22.07.16,28.5,167.4,1072,337,1198,1071,1150,1111,1138,1113,1072,337,0,0,376,1161,Conf. Dry Off,Yes,2,22.07.16,-,435,2363,-,Female,-,268,Nov,21.11.17,Easy
542,-,6,14,22.08.10,2,Female,0,22.05.20,Holstein,4952,1,263,-,19.10.30,2.8,33.4,1017,6,Pregnant (1st Preg Check),3,22.07.04,20.3,145.1,855,274,821,789,827,838,882,846,855,274,0,4,89,711,2nd Pregn. Check,-,1,22.07.04,-,456,-,-,-,-,263,Nov,21.11.22,Easy
545,-,6,14,22.08.10,2,Female,121,22.04.13,Holstein,7772,1,300,-,19.10.31,2.8,33.4,1016,6,Pregnant,4,22.07.02,28.8,166.5,903,322,1018,810,969,958,771,882,903,322,0,412,1076,1115,Conf. Dry Off,Yes,2,22.07.02,-,456,2290,-,Female,-,300,Oct,21.10.16,Easy
547,-,14,13,22.08.06,6,Female,0,22.06.08,Holstein,6574,1,192,-,19.10.14,2.8,33.9,1033,14,Pregnant (1st Preg Check),3,22.07.14,26.7,157.8,876,294,2,675,943,916,956,855,876,294,0,0,0,0,2nd Pregn. Check,-,1,22.07.14,-,404,12814,-,Male,-,192,Feb,22.02.01,-
549,-,6,14,22.08.10,2,Female,149,22.03.16,Holstein,4169,1,258,-,19.10.31,2.8,33.4,1016,6,Pregnant,4,22.06.20,25.5,166.6,956,326,1021,944,988,981,1026,969,956,326,0,0,79,1035,Conf. Dry Off,Yes,2,22.06.20,-,386,12659,-,Male,-,258,Nov,21.11.27,-
552,-,199,190,22.03.31,134,Female,0,-,Holstein,-,1,174,Yes,19.11.01,2.8,33.3,1015,199,"Cull, Not Pregnant",1,-,-,-,0,0,0,0,0,0,0,0,0,0,0,0,0,0,Inseminate,-,0,-,-,-,-,-,-,-,174,Feb,22.02.19,-
553,-,14,13,22.08.10,2,Female,0,22.07.27,Holstein,1753,1,227,-,19.11.01,2.8,33.3,1015,14,Bred,1,22.05.19,24.5,150.3,822,277,674,767,885,851,860,832,822,277,0,0,0,46,Inseminate,-,0,22.05.19,-,488,2458,-,Female,-,227,Dec,21.12.28,Easy
554,-,6,14,22.08.10,2,Female,145,22.03.20,Holstein,956,1,212,-,19.11.02,2.8,33.3,1014,6,Pregnant,4,22.06.20,30.8,181.8,961,344,364,674,933,946,979,962,961,344,0,0,0,0,Conf. Dry Off,Yes,2,22.06.20,-,344,2499,-,Female,-,212,Jan,22.01.12,Easy
558,-,6,5,22.07.31,12,Female,0,22.07.03,Holstein,2700,1,302,-,19.11.02,2.8,33.3,1014,6,Bred,2,22.03.31,23,151.2,799,280,833,791,842,872,839,755,799,280,0,363,754,868,Pregn. Check,-,0,22.03.31,-,539,2276,-,Female,-,302,Oct,21.10.14,Easy
559,-,50,7,22.08.11,1,Female,191,22.02.02,Holstein,9237,1,276,-,19.11.02,2.8,33.3,1014,50,Pregnant,4,22.05.02,8.7,44.1,444,98,870,777,835,787,689,543,444,98,0,0,378,803,Conf. Dry Off,Yes,2,22.05.02,-,362,12594,-,Male,-,276,Nov,21.11.09,Easy
561,-,6,14,22.08.10,2,Female,98,22.05.06,Holstein,5967,1,275,-,19.11.04,2.8,33.2,1012,6,Pregnant,4,22.08.01,19,128.8,780,250,790,575,733,759,713,730,780,250,0,0,394,778,Conf. Dry Off,Yes,2,22.08.01,-,454,-,-,-,-,275,Nov,21.11.10,-
563,-,10,20,22.08.06,6,Female,0,-,Holstein,12766,1,31,-,19.11.05,2.8,33.2,1011,10,Fresh,0,-,38.9,223.7,574,398,0,0,0,0,0,0,574,398,0,0,0,0,Report Heat,-,0,-,-,-,2935,-,Female,-,31,Jul,22.07.12,Easy
565,-,6,14,22.08.06,6,Female,93,22.05.11,Holstein,1557,1,293,-,19.11.07,2.8,33.1,1009,6,Pregnant,4,22.08.01,29.7,164.6,933,318,777,738,830,871,939,877,933,318,0,98,379,594,Conf. Dry Off,Yes,2,22.08.01,-,477,12530,-,Male,-,293,Oct,21.10.23,-
567,-,13,12,22.08.06,6,Female,0,22.07.29,Holstein,1675,1,174,-,19.11.08,2.8,33.1,1008,13,Bred,1,-,32.2,195.1,1017,370,9,168,883,1047,1061,1063,1017,370,0,0,0,0,Inseminate,-,0,-,-,437,2614,-,Female,-,174,Feb,22.02.19,-
568,-,14,13,22.08.10,2,Female,0,22.06.29,Holstein,1324,1,267,-,19.11.08,2.8,33.1,1008,14,Pregnant (1st Preg Check),3,22.08.06,20.4,120.1,689,221,609,664,667,722,705,723,689,221,10,0,187,739,2nd Pregn. Check,-,1,22.08.06,-,500,12633,-,-,-,267,Nov,21.11.18,Easy
569,-,6,14,22.08.06,6,Female,183,22.02.10,Holstein,1009,1,323,-,19.11.08,2.8,33.1,1008,6,Pregnant,4,22.05.02,20.7,128.6,791,251,678,706,806,832,841,797,791,251,101,801,861,824,Conf. Dry Off,Yes,2,22.05.02,-,417,2212,-,Female,-,323,Sep,21.09.23,Easy
571,-,199,190,22.05.01,103,Female,0,21.12.13,Holstein,-,1,305,Yes,19.11.08,2.8,33.1,1008,199,"Cull, Not Pregnant",1,22.01.27,-,-,0,0,0,0,0,0,0,0,0,0,0,0,0,0,Inseminate,-,0,22.01.27,-,340,2269,-,Female,-,305,Oct,21.10.11,Easy
572,-,14,13,22.08.10,2,Female,0,22.07.21,Holstein,415,1,273,-,19.11.10,2.8,33.1,1006,14,Bred,1,22.07.14,30.3,172.7,985,327,1019,920,950,968,972,942,985,327,0,0,502,1105,Inseminate,-,0,22.07.14,-,528,12607,-,Male,-,273,Nov,21.11.12,Easy
573,-,10,20,22.07.13,30,Female,0,22.07.20,Holstein,4240,1,166,-,19.11.10,2.8,33.1,1006,10,Bred,1,22.06.27,31,185.9,1027,345,0,3,759,960,960,945,1027,345,0,0,0,0,Inseminate,-,0,22.06.27,-,420,2632,-,Female,-,166,Feb,22.02.27,Easy
574,-,6,14,22.08.06,6,Female,129,22.04.05,Holstein,9552,1,313,-,19.11.10,2.8,33.1,1006,6,Pregnant,4,22.07.02,30.4,181.3,1065,333,936,884,958,1002,1062,1017,1065,333,0,608,863,957,Conf. Dry Off,Yes,2,22.07.02,-,461,2237,-,Female,-,313,Oct,21.10.03,Easy
578,-,6,14,22.08.10,2,Female,0,22.05.28,Holstein,6309,1,223,-,19.11.12,2.7,33,1004,6,Pregnant (1st Preg Check),3,22.07.11,15.5,158.5,936,295,777,895,953,936,964,935,936,295,0,0,0,4,2nd Pregn. Check,-,1,22.07.11,-,424,2469,-,Female,-,223,Jan,22.01.01,-
583,-,7,14,22.08.04,8,Female,205,22.01.19,Holstein,5051,1,275,-,19.11.14,2.7,32.9,1002,7,Pregnant,4,22.04.11,21.9,131.4,964,286,975,936,1028,1027,950,975,964,286,0,0,379,845,Conf. Dry Off,Yes,2,22.04.11,-,347,12597,-,Male,-,275,Nov,21.11.10,-
585,-,199,190,22.08.02,10,Female,0,-,Holstein,-,1,190,Yes,19.11.15,2.7,32.9,1001,199,"Cull, Not Pregnant",1,-,-,-,0,0,0,0,0,0,0,0,0,0,0,0,0,0,Inseminate,-,0,-,-,-,2575,-,Female,-,190,Feb,22.02.03,Normal
588,-,14,13,22.08.10,2,Female,0,22.07.27,Holstein,467,1,247,-,19.11.17,2.7,32.8,999,14,Bred,1,22.06.18,28.7,176.8,992,340,949,954,1029,974,998,1006,992,340,0,0,0,487,Inseminate,-,0,22.06.18,-,508,2408,-,Female,-,247,Dec,21.12.08,Hard
591,-,6,5,22.07.31,12,Female,103,22.05.01,Holstein,8022,1,305,-,19.11.17,2.7,32.8,999,6,Pregnant,4,22.08.01,29.7,181.2,931,332,824,895,954,1019,1057,866,931,332,0,477,959,1064,Conf. Dry Off,Yes,2,22.08.01,-,479,2267,-,Female,-,305,Oct,21.10.11,Easy
594,-,199,190,22.06.04,69,Female,0,21.09.09,Holstein,-,0,-,Yes,19.11.17,2.7,32.8,999,199,"Cull, Not Pregnant",1,21.03.13,-,-,0,0,0,0,0,0,0,0,0,0,0,0,0,0,Inseminate,-,0,21.03.13,-,-,-,-,-,-,0,-,-,-
599,-,14,13,22.08.06,6,Female,110,22.04.24,Holstein,2194,1,195,-,19.11.19,2.7,32.8,997,14,Pregnant,4,22.07.16,27.9,161.8,950,305,45,646,923,946,1012,922,950,305,0,0,0,0,Conf. Dry Off,Yes,2,22.07.16,-,362,2551,-,Female,-,195,Jan,22.01.29,-
601,-,6,14,22.08.10,2,Female,134,22.03.31,Holstein,2625,1,290,-,19.11.20,2.7,32.7,996,6,Pregnant,4,22.06.20,26.8,159.1,875,293,994,897,931,939,891,888,875,293,0,90,853,986,Conf. Dry Off,Yes,2,22.06.20,-,433,2314,-,Female,-,290,Oct,21.10.26,Easy
602,-,14,13,22.08.10,2,Female,0,22.07.10,Holstein,6407,1,288,-,19.11.20,2.7,32.7,996,14,Bred,2,22.07.10,28.3,194.4,1056,361,1045,991,1081,1039,1066,1002,1056,361,0,60,850,1085,Pregn. Check,-,0,22.07.10,-,532,2318,-,Female,-,288,Oct,21.10.28,-
603,-,6,14,22.08.10,2,Female,184,22.02.09,Holstein,1564,1,268,-,19.11.20,2.7,32.7,996,6,Pregnant,4,22.05.02,22.1,147.8,848,292,946,814,874,838,836,874,848,292,0,0,286,933,Conf. Dry Off,Yes,2,22.05.02,-,361,12623,-,Male,-,268,Nov,21.11.17,Easy
604,-,10,20,22.07.13,30,Female,189,22.02.04,Holstein,1575,1,300,-,19.11.20,2.7,32.7,996,10,Pregnant,4,22.05.02,32.2,190.6,994,354,979,786,868,733,854,866,994,354,0,304,852,981,Conf. Dry Off,Yes,2,22.05.02,-,388,2288,-,Female,-,300,Oct,21.10.16,Easy
605,-,14,13,22.08.10,2,Female,0,22.06.22,Holstein,6276,1,216,-,19.11.21,2.7,32.7,995,14,Open,1,22.07.30,33.2,194.5,1131,375,640,1057,1176,1076,1116,1066,1131,375,0,0,0,0,Inseminate,-,0,22.07.30,-,442,2487,-,Female,-,216,Jan,22.01.08,-
606,-,199,190,22.05.01,103,Female,0,22.02.18,Holstein,-,0,-,Yes,19.11.22,2.7,32.7,994,199,"Cull, Not Pregnant",1,22.03.31,-,-,0,0,0,0,0,0,0,0,0,0,0,0,0,0,Inseminate,-,0,22.03.31,-,-,-,-,-,-,0,-,-,-
609,-,6,14,22.08.10,2,Female,95,22.05.09,Holstein,2533,1,291,-,19.11.23,2.7,32.6,993,6,Pregnant,4,22.08.01,29.2,183.4,989,346,986,866,969,983,985,934,989,346,0,109,821,988,Conf. Dry Off,Yes,2,22.08.01,-,473,2310,-,Female,-,291,Oct,21.10.25,Easy
610,-,14,13,22.07.13,30,Female,129,22.04.05,Holstein,4430,1,258,-,19.11.23,2.7,32.6,993,14,Pregnant,4,22.07.02,38.2,223.6,1229,425,1262,1090,1236,1254,1285,1225,1229,425,0,0,51,1036,Conf. Dry Off,Yes,2,22.07.02,-,406,12656,-,Male,-,258,Nov,21.11.27,-
614,-,6,14,22.08.10,2,Female,150,22.03.15,Holstein,9283,1,265,-,19.11.24,2.7,32.6,992,6,Pregnant,4,22.06.20,20.3,166.2,1034,324,1012,936,1044,1015,1064,1002,1034,324,0,0,221,960,Conf. Dry Off,Yes,2,22.06.20,-,392,-,-,-,-,265,Nov,21.11.20,-
615,-,50,7,22.08.11,1,Female,213,22.01.11,Holstein,9271,1,267,-,19.11.25,2.7,32.6,991,50,Pregnant,4,22.04.04,24,132.3,1046,277,1046,1022,1143,1129,1046,1061,1046,277,0,0,231,987,Conf. Dry Off,Yes,2,22.04.04,-,331,12628,-,Male,-,267,Nov,21.11.18,Easy
616,-,6,14,22.08.10,2,Female,128,22.04.06,Holstein,358,1,268,-,19.11.26,2.7,32.5,990,6,Pregnant,4,22.07.02,25,163.3,869,300,970,847,889,869,856,837,869,300,0,0,277,897,Conf. Dry Off,Yes,2,22.07.02,-,417,2362,-,Female,-,268,Nov,21.11.17,-
617,-,13,12,22.07.13,30,Female,0,22.05.04,Holstein,576,1,188,-,19.11.27,2.7,32.5,989,13,Open,1,22.06.18,25.2,142.8,802,253,0,481,862,931,924,842,802,253,0,0,0,0,Inseminate,-,0,22.06.18,-,365,2585,-,Female,-,188,Feb,22.02.05,Easy
618,-,14,13,22.07.13,30,Female,106,22.04.28,Holstein,7374,1,232,-,19.11.27,2.7,32.5,989,14,Pregnant,4,22.08.01,30.6,196.9,1070,373,976,1022,1040,1012,1118,1072,1070,373,0,0,0,150,Conf. Dry Off,Yes,2,22.08.01,-,403,2439,-,Female,-,232,Dec,21.12.23,Easy
621,-,13,12,22.07.13,30,Female,0,22.08.10,Holstein,3920,1,188,-,19.11.28,2.7,32.5,988,13,Bred,1,22.06.27,31.1,180,842,328,0,643,901,983,973,939,842,328,0,0,0,0,Inseminate,-,0,22.06.27,-,463,2579,-,Female,-,188,Feb,22.02.05,Hard
625,-,6,14,22.08.10,2,Female,138,22.03.27,Holstein,72,1,254,-,19.11.02,2.8,33.3,1014,6,Pregnant,4,22.06.20,30.7,183.3,1023,344,972,907,950,925,1005,954,1023,344,0,0,0,851,Conf. Dry Off,Yes,2,22.06.20,-,393,12671,-,Male,-,254,Dec,21.12.01,Easy
627,-,14,13,22.07.13,30,Female,112,22.04.22,Holstein,15107,1,284,-,19.11.30,2.7,32.4,986,14,Pregnant,4,22.07.16,33.4,194.2,1078,366,999,808,982,977,1029,1009,1078,366,0,0,801,1043,Conf. Dry Off,Yes,2,22.07.16,-,449,2329,-,Female,-,284,Nov,21.11.01,Easy
628,-,6,14,22.08.10,2,Female,149,22.03.16,Holstein,8435,1,244,-,19.11.30,2.7,32.4,986,6,Pregnant,4,22.06.20,26.1,153,988,301,895,868,1077,979,920,942,988,301,0,0,0,414,Conf. Dry Off,Yes,2,22.06.20,-,372,2410,-,Female,-,244,Dec,21.12.11,-
630,-,14,13,22.08.10,2,Female,0,22.06.22,Holstein,6632,1,247,-,19.12.02,2.7,32.3,984,14,Open,1,22.07.30,36.9,228.7,1150,421,1114,1063,1136,1154,1112,1091,1150,421,0,0,0,592,Inseminate,-,0,22.07.30,-,473,12685,-,Male,-,247,Dec,21.12.08,Easy
631,-,14,13,22.08.10,2,Female,0,22.07.22,Holstein,2097,1,221,-,19.12.02,2.7,32.3,984,14,Bred,1,22.06.27,34.2,212.2,1144,398,833,1007,1119,1125,1147,1136,1144,398,0,0,0,0,Inseminate,-,0,22.06.27,-,477,2474,-,Female,-,221,Jan,22.01.03,-
633,-,14,13,22.08.06,6,Female,0,22.05.15,Holstein,11898,1,202,-,19.12.03,2.7,32.3,983,14,Pregnant (1st Preg Check),3,22.07.04,34.1,209.8,1084,391,162,832,1007,988,1051,1034,1084,391,0,0,0,0,2nd Pregn. Check,-,1,22.07.04,-,390,2534,-,Female,-,202,Jan,22.01.22,-
636,-,14,13,22.08.10,2,Female,0,22.06.18,Holstein,9043,1,213,-,19.12.05,2.7,32.2,981,14,Open,1,22.08.04,29.8,178.8,902,325,391,696,874,874,919,866,902,325,0,0,0,0,Inseminate,-,0,22.08.04,-,435,-,-,-,-,213,Jan,22.01.11,Hard
637,-,14,13,22.08.10,2,Female,0,22.08.10,Holstein,13118,1,300,-,19.12.05,2.7,32.2,981,14,Bred,1,22.06.18,29.9,163.6,1022,312,1043,945,1051,1043,1116,929,1022,312,0,406,1052,1118,Inseminate,-,0,22.06.18,-,575,12505,-,Male,-,300,Oct,21.10.16,Easy
638,-,14,13,22.08.10,2,Female,0,22.08.08,Holstein,7709,1,234,-,19.12.08,2.7,32.1,978,14,Bred,1,22.07.20,28.2,171.8,911,323,939,821,897,885,903,898,911,323,0,0,0,235,Inseminate,-,0,22.07.20,-,507,2433,-,Female,-,234,Dec,21.12.21,Easy
639,-,199,190,22.08.02,10,Female,0,21.11.03,Holstein,-,1,342,Yes,19.12.07,2.7,32.2,979,199,"Cull, Not Pregnant",1,22.01.24,-,-,0,0,0,0,0,0,0,0,0,0,0,0,0,0,Inseminate,-,0,22.01.24,22.03.07,337,-,-,-,-,342,Sep,21.09.04,-
642,-,13,12,22.08.10,2,Female,0,22.05.21,Holstein,3968,1,142,-,19.12.07,2.7,32.2,979,13,Pregnant (1st Preg Check),3,22.07.04,42.5,259.3,1409,490,0,0,236,1172,1432,1474,1409,490,0,0,0,0,2nd Pregn. Check,-,1,22.07.04,-,336,2685,-,Female,-,142,Mar,22.03.23,Easy
644,-,14,13,22.08.10,2,Female,0,22.07.13,Holstein,2280,1,254,-,19.12.09,2.7,32.1,977,14,Bred,1,22.06.18,34.5,201.4,1117,367,1121,988,1121,1079,1067,1054,1117,367,0,0,0,898,Inseminate,-,0,22.06.18,-,501,12670,-,Male,-,254,Dec,21.12.01,-
645,-,75,40,22.07.18,25,Female,243,21.12.12,Holstein,13459,1,-,-,19.12.09,2.7,32.1,977,75,"Pregnant, Dry",5,22.02.12,-,-,310,0,897,938,1024,1035,1067,897,310,0,0,307,1017,1114,Conf. Step  Up,Yes,0,22.02.12,-,-,13290,-,Male,-,0,-,-,-
647,-,13,12,22.08.06,6,Female,0,22.05.25,Holstein,949,1,166,-,19.12.10,2.7,32.1,976,13,Open,1,22.07.11,26.1,146.7,899,277,0,4,857,1028,1007,945,899,277,0,0,0,0,Inseminate,-,0,22.07.11,-,364,12890,-,Male,-,166,Feb,22.02.27,Hard
650,-,12,11,22.07.13,30,Female,0,22.07.19,Holstein,5942,1,137,-,19.12.12,2.7,32,974,12,Bred,1,-,39.5,223.2,1201,414,0,0,56,942,1206,1156,1201,414,0,0,0,0,Inseminate,-,0,-,-,390,12970,-,Male,-,137,Mar,22.03.28,Easy
652,-,14,13,22.07.13,30,Female,108,22.04.26,Holstein,4287,1,242,-,19.12.12,2.7,32,974,14,Pregnant,4,22.07.16,26.8,178.9,1037,349,1020,943,969,925,1043,1024,1037,349,0,0,0,479,Conf. Dry Off,Yes,2,22.07.16,-,411,2414,-,Female,-,242,Dec,21.12.13,-
653,-,3,1,22.08.08,4,Female,0,22.08.10,Holstein,10324,1,268,-,19.12.12,2.7,32,974,3,Bred (Aborted) ,1,22.04.04,36.7,205.2,1055,377,1014,926,1014,1038,1005,922,1055,377,0,0,304,973,Inseminate,-,0,22.04.04,22.07.05,543,12621,-,Male,-,268,Nov,21.11.17,-
655,-,14,13,22.08.10,2,Female,0,22.07.24,Holstein,6316,1,219,-,19.12.13,2.7,32,973,14,Bred,1,22.06.14,23.2,152.2,820,287,465,711,842,827,819,816,820,287,0,0,0,0,Inseminate,-,0,22.06.14,-,477,2480,-,Female,-,219,Jan,22.01.05,Easy
657,-,6,14,22.08.10,2,Female,144,22.03.21,Holstein,8682,1,265,-,19.12.14,2.7,31.9,972,6,Pregnant,4,22.06.20,25.9,157.7,873,295,973,858,915,941,926,887,873,295,0,0,248,940,Conf. Dry Off,Yes,2,22.06.20,-,398,2367,-,Female,-,265,Nov,21.11.20,-
658,-,6,14,22.08.10,2,Female,142,22.03.23,Holstein,10854,1,217,-,19.12.15,2.7,31.9,971,6,Pregnant,4,22.06.20,29.5,185.1,1056,332,727,1095,1228,1160,1156,1076,1056,332,0,0,0,0,Conf. Dry Off,Yes,2,22.06.20,-,352,-,-,-,-,217,Jan,22.01.07,Easy
659,-,199,190,22.08.02,10,Female,0,22.06.23,Holstein,-,1,261,Yes,19.12.15,2.7,31.9,971,199,"Cull, Not Pregnant",1,-,-,-,0,0,0,0,0,0,0,0,0,0,0,0,0,0,Inseminate,-,0,-,-,488,12648,-,Male,-,261,Nov,21.11.24,-
661,-,5,4,22.07.31,12,Female,136,22.03.29,Holstein,9710,1,281,-,19.12.15,2.7,31.9,971,5,Pregnant,4,22.06.20,26.1,148.8,797,275,897,759,857,839,841,764,797,275,0,0,559,875,Conf. Dry Off,Yes,2,22.06.20,-,422,2331,-,Female,-,281,Nov,21.11.04,-
662,-,14,13,22.07.13,30,Female,163,22.03.02,Holstein,3761,1,218,-,19.12.16,2.7,31.9,970,14,Pregnant,4,22.05.30,35.1,206,1093,383,570,922,1066,1048,1083,1061,1093,383,0,0,0,0,Conf. Dry Off,Yes,2,22.05.30,-,332,-,-,-,-,218,Jan,22.01.06,Easy
664,-,13,12,22.08.06,6,Female,0,22.05.31,Holstein,2624,1,175,-,19.12.16,2.7,31.9,970,13,Pregnant (1st Preg Check),3,22.07.14,32.7,193.4,1048,349,0,317,1216,1188,1165,1054,1048,349,0,0,0,0,2nd Pregn. Check,-,1,22.07.14,-,379,12857,-,Male,-,175,Feb,22.02.18,-
665,-,14,13,22.08.10,2,Female,0,22.08.03,Holstein,7431,1,215,-,19.12.16,2.7,31.9,970,14,Bred,1,22.07.11,35.2,225.3,1239,424,636,1102,1337,1293,1193,1203,1239,424,0,0,0,0,Inseminate,-,0,22.07.11,-,483,-,-,-,-,215,Jan,22.01.09,Hard
666,-,14,13,22.08.10,2,Female,0,22.08.09,Holstein,4697,1,219,-,19.12.16,2.7,31.9,970,14,Bred,1,22.08.06,26.3,182.9,1115,359,705,1013,1148,1099,1134,1064,1115,359,0,0,0,0,Inseminate,-,0,22.08.06,-,493,2478,-,Female,-,219,Jan,22.01.05,-
668,-,13,12,22.08.06,6,Female,0,22.08.03,Holstein,1691,1,164,-,19.12.18,2.7,31.8,968,13,Bred,1,22.07.11,38.4,211.4,1174,406,0,0,1003,1258,1249,1194,1174,406,0,0,0,0,Inseminate,-,0,22.07.11,-,432,2638,-,Female,-,164,Mar,22.03.01,Normal
669,-,13,12,22.08.06,6,Female,0,22.05.25,Holstein,1725,1,166,-,19.12.18,2.7,31.8,968,13,Pregnant (1st Preg Check),3,22.07.11,36.7,221.1,1185,411,0,25,1010,1214,1248,1142,1185,411,0,0,0,0,2nd Pregn. Check,-,1,22.07.11,-,364,12887,-,Male,-,166,Feb,22.02.27,Easy
670,-,14,13,22.08.06,6,Female,99,22.05.05,Holstein,3625,1,193,-,19.12.19,2.6,31.8,967,14,Pregnant,4,22.08.01,34.9,222.7,1218,416,10,1004,1393,1308,1306,1213,1218,416,0,0,0,0,Conf. Dry Off,Yes,2,22.08.01,-,371,12811,-,Male,-,193,Jan,22.01.31,-
672,-,14,13,22.08.10,2,Female,0,22.08.03,Holstein,13093,1,197,-,19.12.19,2.6,31.8,967,14,Bred,1,22.07.14,31.3,209.7,1197,389,99,887,1269,1309,1324,1207,1197,389,0,0,0,0,Inseminate,-,0,22.07.14,-,465,12801,-,Male,-,197,Jan,22.01.27,Easy
673,-,14,13,22.08.06,6,Female,0,22.05.17,Holstein,176,1,232,-,19.12.20,2.6,31.7,966,14,Pregnant (1st Preg Check),3,22.07.04,33.4,205.2,1116,384,1033,1099,1189,1179,1135,1104,1116,384,0,0,0,158,2nd Pregn. Check,-,1,22.07.04,-,422,2440,-,Female,-,232,Dec,21.12.23,Easy
674,-,6,14,22.08.10,2,Female,199,22.01.25,Holstein,713,1,247,-,19.12.20,2.6,31.7,966,6,Pregnant,4,22.04.18,23.5,159.9,938,312,946,860,822,839,863,915,938,312,0,0,0,621,Conf. Dry Off,Yes,2,22.04.18,-,325,12686,-,Male,-,247,Dec,21.12.08,Easy
675,-,14,13,22.08.10,2,Female,0,22.08.03,Holstein,2041,1,260,-,19.12.20,2.6,31.7,966,14,Bred,1,22.07.11,29,194.2,1067,363,1110,1008,1132,1072,1078,1059,1067,363,0,0,144,1103,Inseminate,-,0,22.07.11,-,528,12654,-,Male,-,260,Nov,21.11.25,-
676,-,14,13,22.08.10,2,Female,0,22.06.22,Holstein,7281,1,260,-,19.12.21,2.6,31.7,965,14,Open,1,22.07.30,28.1,159.5,948,264,867,801,1012,953,974,929,948,264,0,0,105,857,Inseminate,-,0,22.07.30,-,486,12652,-,Male,-,260,Nov,21.11.25,Easy
678,-,14,13,22.08.10,2,Female,0,22.08.03,Holstein,6872,1,257,-,19.12.22,2.6,31.7,964,14,Bred,1,22.07.11,37.2,218.1,1154,400,1135,1030,1166,1142,1142,1153,1154,400,0,0,65,1080,Inseminate,-,0,22.07.11,-,525,2381,-,Female,-,257,Nov,21.11.28,-
680,-,199,190,22.08.02,10,Female,0,22.01.13,Holstein,-,0,-,Yes,19.12.23,2.6,31.6,963,199,"Cull, Not Pregnant",1,22.04.02,-,-,0,0,0,0,0,0,0,0,0,0,0,0,0,0,Inseminate,-,0,22.04.02,21.12.04,-,-,-,-,-,0,-,-,-
681,-,13,12,22.07.13,30,Female,0,22.07.24,Holstein,2044,1,187,-,19.12.23,2.6,31.6,963,13,Bred,1,22.06.18,42.2,258.5,1487,482,0,726,1530,1593,1520,1469,1487,482,0,0,0,0,Inseminate,-,0,22.06.18,-,445,2588,-,Female,-,187,Feb,22.02.06,Easy
682,-,6,14,22.08.10,2,Female,149,22.03.16,Holstein,21,1,263,-,19.12.24,2.6,31.6,962,6,Pregnant,4,22.06.20,21.7,152.5,784,280,1210,1069,1166,1123,1007,1103,784,280,0,0,184,1161,Conf. Dry Off,Yes,2,22.06.20,-,391,12644,-,Male,-,263,Nov,21.11.22,Easy
683,-,6,14,22.08.10,2,Female,0,22.06.01,Holstein,2806,1,212,-,19.12.25,2.6,31.6,961,6,Pregnant (1st Preg Check),3,22.07.14,24.6,186.1,1030,354,442,932,1087,1095,1096,1064,1030,354,0,0,0,0,2nd Pregn. Check,-,1,22.07.14,-,417,-,-,-,-,212,Jan,22.01.12,-
684,-,6,14,22.08.10,2,Female,165,22.02.28,Holstein,15590,1,239,-,19.12.25,2.6,31.6,961,6,Pregnant,4,22.05.30,26.3,167.9,959,320,1020,994,1080,1091,996,1017,959,320,0,0,0,413,Conf. Dry Off,Yes,2,22.05.30,-,351,2420,-,Female,-,239,Dec,21.12.16,Easy
687,-,110,111,22.07.21,22,Female,112,22.04.22,Holstein,-,0,-,-,19.12.26,2.6,31.5,960,110,Pregnant,5,22.07.16,-,-,0,0,0,0,0,0,0,0,0,0,0,0,0,0,Conf. Step  Up,Yes,2,22.07.16,21.12.01,-,-,-,-,-,0,-,-,-
688,-,14,13,22.08.10,2,Female,0,22.07.29,Holstein,1687,1,248,-,19.12.26,2.6,31.5,960,14,Bred,1,22.05.31,36.1,206.4,1205,395,1004,1082,1201,1208,1205,1155,1205,395,0,0,0,551,Inseminate,-,0,22.05.31,-,511,2403,-,Female,-,248,Dec,21.12.07,-
689,-,14,13,22.07.13,30,Female,195,22.01.29,Holstein,1377,1,254,-,19.12.27,2.6,31.5,959,14,Pregnant,4,22.05.02,29.1,182.9,1157,365,1224,1169,1245,1217,1219,1164,1157,365,0,0,0,881,Conf. Dry Off,Yes,2,22.05.02,-,336,2392,-,Female,-,254,Dec,21.12.01,Easy
692,-,14,13,22.08.10,2,Female,0,22.08.11,Holstein,1800,1,208,-,19.12.27,2.6,31.5,959,14,Bred,1,22.08.11,25.4,173.4,1139,347,338,849,1087,1133,1114,1099,1139,347,0,0,0,0,Inseminate,-,0,22.08.11,-,484,-,-,-,-,208,Jan,22.01.16,Easy
693,-,14,13,22.07.13,30,Female,130,22.04.04,Holstein,7051,1,247,-,19.12.28,2.6,31.5,958,14,Pregnant,4,22.07.02,32.6,192.2,1161,382,1236,1132,1288,1221,1200,1195,1161,382,0,0,0,692,Conf. Dry Off,Yes,2,22.07.02,-,394,12691,-,Male,-,247,Dec,21.12.08,Easy
694,-,4,3,22.07.31,12,Female,145,22.03.20,Holstein,881,1,220,-,19.12.29,2.6,31.4,957,4,Pregnant,4,22.06.20,27.1,160.6,854,297,502,741,858,886,830,762,854,297,0,0,0,0,Conf. Dry Off,Yes,2,22.06.20,-,352,2476,-,Female,-,220,Jan,22.01.04,-
695,-,6,14,22.08.10,2,Female,134,22.03.31,Holstein,3879,1,211,-,19.12.29,2.6,31.4,957,6,Pregnant,4,22.06.20,28.3,177.9,1060,350,414,943,1137,1098,1108,1064,1060,350,0,0,0,0,Conf. Dry Off,Yes,2,22.06.20,-,354,2507,-,Female,-,211,Jan,22.01.13,Normal
697,-,14,13,22.07.13,30,Female,121,22.04.13,Holstein,892,1,207,-,19.12.29,2.6,31.4,957,14,Pregnant,4,22.07.02,33.3,204,1208,389,413,1173,1349,1318,1245,1222,1208,389,0,0,0,0,Conf. Dry Off,Yes,2,22.07.02,-,363,2523,-,Female,-,207,Jan,22.01.17,Easy
698,-,13,12,22.07.13,30,Female,0,22.06.07,Holstein,3146,1,186,-,19.12.07,2.7,32.2,979,13,Open,1,22.07.14,35.2,215.2,1153,394,0,733,1422,1239,1244,1268,1153,394,0,0,0,0,Inseminate,-,0,22.07.14,-,397,12835,-,Male,-,186,Feb,22.02.07,Easy
699,-,14,13,22.08.10,2,Female,0,22.07.01,Holstein,3465,1,235,-,19.12.29,2.6,31.4,957,14,Pregnant (1st Preg Check),3,22.08.06,37.6,209.7,1102,372,1052,1042,1140,1127,1109,1065,1102,372,0,0,0,255,2nd Pregn. Check,-,1,22.08.06,-,470,2432,-,Female,-,235,Dec,21.12.20,Easy
700,-,11,10,22.07.13,30,Female,0,22.08.03,Holstein,10436,1,96,-,19.12.30,2.6,31.4,956,11,Bred,1,-,38.6,225.8,1127,422,0,0,0,0,445,907,1127,422,0,0,0,0,Inseminate,-,0,-,-,364,-,-,-,-,96,May,22.05.08,Hard
701,-,13,12,22.08.06,6,Female,0,22.05.18,Holstein,597,1,171,-,19.12.30,2.6,31.4,956,13,Open,1,22.07.04,36.8,219.8,1236,411,0,146,1089,1221,1328,1193,1236,411,0,0,0,0,Inseminate,-,0,22.07.04,-,362,12868,-,Male,-,171,Feb,22.02.22,Hard
702,-,199,190,22.02.01,192,Female,0,-,Holstein,-,1,215,Yes,19.12.30,2.6,31.4,956,199,"Cull, Not Pregnant",1,-,-,-,0,0,0,0,0,0,0,0,0,0,0,0,0,0,Inseminate,-,0,-,-,-,-,-,-,-,215,Jan,22.01.09,Hard
703,-,11,10,22.08.06,6,Female,0,-,Holstein,13012,1,73,-,19.12.30,2.6,31.4,956,11,Fresh,1,-,39.4,242.6,1236,461,0,0,0,0,10,917,1236,461,0,0,0,0,Inseminate,-,0,-,-,-,13185,-,Male,-,73,May,22.05.31,-
704,-,13,12,22.08.06,6,Female,0,22.07.20,Holstein,6708,1,178,-,19.12.31,2.6,31.4,955,13,Bred,1,22.06.27,40.5,239,1363,439,0,464,1322,1417,1387,1343,1363,439,0,0,0,0,Inseminate,-,0,22.06.27,-,432,2606,-,Female,-,178,Feb,22.02.15,-
706,-,14,13,22.08.10,2,Female,0,22.07.22,Holstein,2976,1,254,-,20.01.04,2.6,31.2,951,14,Bred,1,22.05.31,38,225.8,1261,424,1362,1212,1329,1286,1177,1219,1261,424,0,0,0,1118,Inseminate,-,0,22.05.31,-,510,2389,-,Male,-,254,Dec,21.12.01,-
707,-,13,12,22.07.13,30,Female,0,22.06.12,Holstein,88,1,179,-,20.01.04,2.6,31.2,951,13,Pregnant (1st Preg Check),3,22.07.23,35.5,216.9,1202,408,0,329,1087,1218,1188,1251,1202,408,0,0,0,0,2nd Pregn. Check,-,1,22.07.23,-,395,12848,-,Male,-,179,Feb,22.02.14,-
709,-,11,10,22.08.10,2,Female,0,-,Holstein,7193,1,55,-,20.01.04,2.6,31.2,951,11,Fresh,1,-,40.7,248.5,1224,453,0,0,0,0,0,328,1224,453,0,0,0,0,Inseminate,-,0,-,-,-,-,-,-,-,55,Jun,22.06.18,-
710,-,6,14,22.08.10,2,Female,199,22.01.25,Holstein,324,1,251,-,20.01.04,2.6,31.2,951,6,Pregnant,4,22.04.18,26,144.8,849,276,830,763,871,853,868,839,849,276,0,0,0,633,Conf. Dry Off,Yes,2,22.04.18,-,329,12674,-,Male,-,251,Dec,21.12.04,-
711,-,10,40,22.08.08,4,Female,0,22.07.20,Holstein,196,1,187,-,20.01.04,2.6,31.2,951,10,Bred,1,22.06.18,28.5,133.8,972,288,0,616,1083,1122,1074,1012,972,288,0,0,0,0,Inseminate,-,0,22.06.18,-,441,12891,-,Male,-,187,Feb,22.02.06,Easy
712,-,13,12,22.08.06,6,Female,0,22.05.14,Holstein,7704,1,175,-,20.01.05,2.6,31.2,950,13,Pregnant (1st Preg Check),3,22.06.27,38,231.3,1266,432,0,327,1232,1280,1376,1254,1266,432,0,0,0,0,2nd Pregn. Check,-,1,22.06.27,-,362,2610,-,Female,-,175,Feb,22.02.18,-
713,-,6,14,22.08.10,2,Female,0,22.06.01,Holstein,5491,1,209,-,20.01.06,2.6,31.2,949,6,Pregnant (1st Preg Check),3,22.07.14,24.9,153.9,864,291,356,796,938,874,931,891,864,291,0,0,0,0,2nd Pregn. Check,-,1,22.07.14,-,414,2516,-,Female,-,209,Jan,22.01.15,Easy
714,-,14,13,22.08.06,6,Female,107,22.04.27,Holstein,4544,1,193,-,20.01.07,2.6,31.1,948,14,Pregnant,4,22.07.16,31.3,180.1,988,336,3,715,1026,1006,991,960,988,336,0,0,0,0,Conf. Dry Off,Yes,2,22.07.16,-,363,12813,-,Male,-,193,Jan,22.01.31,-
715,-,14,13,22.08.06,6,Female,0,22.06.18,Holstein,3104,1,263,-,20.01.08,2.6,31.1,947,14,Pregnant (1st Preg Check),3,22.07.23,39.5,225.2,1220,433,1290,1105,1263,1231,1247,1240,1220,433,0,0,189,1175,2nd Pregn. Check,-,1,22.07.23,-,485,12642,-,Male,-,263,Nov,21.11.22,Easy
716,-,13,12,22.08.06,6,Female,0,22.08.03,Holstein,115,1,172,-,20.01.08,2.6,31.1,947,13,Bred,1,22.07.14,33.4,191.8,936,343,0,187,1061,1086,1059,980,936,343,0,0,0,0,Inseminate,-,0,22.07.14,-,440,2617,-,Female,-,172,Feb,22.02.21,-
717,-,14,13,22.08.10,2,Female,0,22.05.01,Holstein,930,1,240,-,20.01.09,2.6,31.1,946,14,Open,1,22.07.25,28,162.5,933,305,830,868,1010,1007,983,919,933,305,0,0,0,330,Inseminate,-,0,22.07.25,-,414,-,-,-,-,240,Dec,21.12.15,Hard
718,-,14,13,22.08.10,2,Female,0,22.07.30,Holstein,2568,1,192,-,20.01.09,2.6,31.1,946,14,Bred,1,22.07.30,38.9,246.5,1305,436,0,867,1268,1296,1339,1254,1305,436,0,0,0,0,Inseminate,-,0,22.07.30,-,456,12819,-,Male,-,192,Feb,22.02.01,Easy
719,-,14,13,22.08.06,6,Female,0,22.05.14,Holstein,2746,1,190,-,20.01.09,2.6,31.1,946,14,Pregnant (1st Preg Check),3,22.06.27,33.5,191.3,1051,350,0,735,1131,1124,1122,1053,1051,350,0,0,0,0,2nd Pregn. Check,-,1,22.06.27,-,377,2573,-,Female,-,190,Feb,22.02.03,Normal
720,-,11,10,22.08.10,2,Female,0,-,Holstein,3026,1,61,-,20.01.09,2.6,31.1,946,11,Fresh,1,-,35.7,215.3,936,383,0,0,0,0,0,487,936,383,0,0,0,0,Inseminate,-,0,-,-,-,2862,-,Female,-,61,Jun,22.06.12,Easy
721,-,14,13,22.08.10,2,Female,0,22.06.22,Holstein,4687,1,237,-,20.01.09,2.6,31.1,946,14,Open,1,22.07.30,30.3,184.6,965,336,1016,947,1051,998,944,978,965,336,0,0,0,320,Inseminate,-,0,22.07.30,-,463,12711,-,Male,-,237,Dec,21.12.18,Hard
722,-,199,190,22.03.31,134,Female,0,21.08.06,Holstein,-,0,-,Yes,20.01.10,2.6,31,945,199,"Cull, Not Pregnant",1,21.05.31,-,-,0,0,0,0,0,0,0,0,0,0,0,0,0,0,Inseminate,-,0,21.05.31,22.03.05,-,-,-,-,-,0,-,-,-
724,-,14,13,22.08.06,6,Female,100,22.05.04,Holstein,5,1,188,-,20.01.11,2.6,31,944,14,Pregnant,4,22.08.01,34.8,212.4,1102,393,0,667,1137,1163,1186,1123,1102,393,0,0,0,10,Conf. Dry Off,Yes,2,22.08.01,-,365,12827,-,Male,-,188,Feb,22.02.05,Easy
725,-,14,13,22.07.13,30,Female,121,22.04.13,Holstein,7443,1,213,-,20.01.11,2.6,31,944,14,Pregnant,4,22.07.02,30.7,198.6,1081,373,609,987,1214,1061,1099,1081,1081,373,0,0,0,0,Conf. Dry Off,Yes,2,22.07.02,-,369,2496,-,Female,-,213,Jan,22.01.11,-
726,-,14,13,22.08.06,6,Female,148,22.03.17,Holstein,4837,1,198,-,20.01.12,2.6,31,943,14,Pregnant,4,22.06.20,31.3,178.6,962,333,119,873,1047,1035,1061,985,962,333,0,0,0,0,Conf. Dry Off,Yes,2,22.06.20,-,327,12798,-,Male,-,198,Jan,22.01.26,-
727,-,14,13,22.07.13,30,Female,142,22.03.23,Holstein,1349,1,219,-,20.01.13,2.6,30.9,942,14,Pregnant,4,22.06.20,32.7,191.5,1105,372,795,990,1109,1110,1085,1077,1105,372,0,0,0,0,Conf. Dry Off,Yes,2,22.06.20,-,354,2479,-,Female,-,219,Jan,22.01.05,Easy
728,-,199,190,22.03.31,134,Female,0,-,Holstein,-,1,169,Yes,20.01.13,2.6,30.9,942,199,"Cull, Not Pregnant",1,-,-,-,0,0,0,0,0,0,0,0,0,0,0,0,0,0,Inseminate,-,0,-,-,-,12872,-,Male,-,169,Feb,22.02.24,-
729,-,6,14,22.08.10,2,Female,126,22.04.08,Holstein,1033,1,216,-,20.01.13,2.6,30.9,942,6,Pregnant,4,22.07.02,25.7,185.4,1030,347,572,934,1074,1060,1047,1036,1030,347,0,0,0,0,Conf. Dry Off,Yes,2,22.07.02,-,367,2485,-,Female,-,216,Jan,22.01.08,-
730,-,14,13,22.07.13,30,Female,140,22.03.25,Holstein,6495,1,209,-,20.01.14,2.6,30.9,941,14,Pregnant,4,22.06.20,38.7,213.5,1140,405,480,1028,1203,1121,1151,1143,1140,405,0,0,0,0,Conf. Dry Off,Yes,2,22.06.20,-,346,2514,-,Female,-,209,Jan,22.01.15,Easy
733,-,14,13,22.08.06,6,Female,0,22.06.02,Holstein,8972,1,228,-,20.01.16,2.6,30.9,939,14,Pregnant (1st Preg Check),3,22.07.23,32.6,205.6,1063,377,953,1005,1066,1058,1062,1035,1063,377,0,0,0,85,2nd Pregn. Check,-,1,22.07.23,-,434,2452,-,Female,-,228,Dec,21.12.27,-
734,-,6,14,22.08.10,2,Female,178,22.02.15,Holstein,5529,1,227,-,20.01.16,2.6,30.9,939,6,Pregnant,4,22.05.16,14.3,134.5,862,273,829,892,953,972,937,848,862,273,0,0,0,38,Conf. Dry Off,Yes,2,22.05.16,-,326,2460,-,Female,-,227,Dec,21.12.28,Easy
736,-,12,11,22.08.06,6,Female,0,22.08.10,Holstein,5781,1,122,-,20.01.17,2.6,30.8,938,12,Bred,1,-,33.4,202.8,1072,385,0,0,0,494,1096,1106,1072,385,0,0,0,0,Inseminate,-,0,-,-,397,2731,-,Female,-,122,Apr,22.04.12,-
737,-,14,13,22.08.10,2,Female,0,22.07.27,Holstein,291,1,190,-,20.01.17,2.6,30.8,938,14,Bred,1,-,33.6,203.9,1140,378,0,542,1046,1148,1134,1086,1140,378,0,0,0,0,Inseminate,-,0,-,-,451,12825,-,Male,-,190,Feb,22.02.03,-
738,-,14,13,22.08.10,2,Female,0,22.08.03,Holstein,6935,1,195,-,20.01.16,2.6,30.9,939,14,Bred,1,-,35.7,222.9,1103,397,69,833,1069,1098,1153,1113,1103,397,0,0,0,0,Inseminate,-,0,-,-,463,2552,-,Female,-,195,Jan,22.01.29,-
739,-,6,14,22.08.10,2,Female,176,22.02.17,Holstein,14666,1,232,-,20.01.18,2.6,30.8,937,6,Pregnant,4,22.05.16,27.3,179.1,1036,344,990,1005,1082,1094,1059,1033,1036,344,0,0,0,175,Conf. Dry Off,Yes,2,22.05.16,-,333,2438,-,Female,-,232,Dec,21.12.23,Easy
740,-,14,13,22.08.10,2,Female,0,22.07.27,Holstein,6438,1,207,-,20.01.18,2.6,30.8,937,14,Bred,1,22.07.08,33.5,175.5,969,330,349,892,1016,992,1002,944,969,330,0,0,0,0,Inseminate,-,0,22.07.08,-,468,2524,-,Female,-,207,Jan,22.01.17,Easy
741,-,6,14,22.08.10,2,Female,177,22.02.16,Holstein,13160,1,237,-,20.01.18,2.6,30.8,937,6,Pregnant,4,22.05.16,29.2,177.2,1009,338,961,908,1004,1008,990,994,1009,338,0,0,0,266,Conf. Dry Off,Yes,2,22.05.16,-,337,2425,-,Female,-,237,Dec,21.12.18,Easy
742,-,192,85,22.03.10,155,Female,0,21.06.29,Holstein,-,0,-,Yes,20.01.18,2.6,30.8,937,192,"Cull, Not Pregnant",1,21.09.25,-,-,0,0,0,0,0,0,0,0,0,0,0,0,0,0,Inseminate,-,0,21.09.25,22.03.10,-,-,-,-,-,0,-,-,-
743,-,13,12,22.08.06,6,Female,0,22.06.03,Holstein,4701,1,172,-,20.01.19,2.6,30.8,936,13,Pregnant (1st Preg Check),3,22.07.14,35.2,202.1,1066,367,0,145,939,1039,1014,1046,1066,367,0,0,0,0,2nd Pregn. Check,-,1,22.07.14,-,379,12865,-,Male,-,172,Feb,22.02.21,-
744,-,14,13,22.08.06,6,Female,0,22.05.16,Holstein,2057,1,198,-,20.01.19,2.6,30.8,936,14,Pregnant (1st Preg Check),3,22.07.04,29.2,173.2,927,322,117,871,992,995,995,929,927,322,0,0,0,0,2nd Pregn. Check,-,1,22.07.04,-,387,12796,-,Male,-,198,Jan,22.01.26,-
745,-,14,13,22.08.06,6,Female,121,22.04.13,Holstein,5669,1,188,-,20.01.20,2.6,30.7,935,14,Pregnant,4,22.07.02,28.3,168,976,323,0,552,1019,1058,995,959,976,323,0,0,0,0,Conf. Dry Off,Yes,2,22.07.02,-,344,2581,-,Female,-,188,Feb,22.02.05,Easy
746,-,6,14,22.08.10,2,Female,163,22.03.02,Holstein,3314,1,233,-,20.01.20,2.6,30.7,935,6,Pregnant,4,22.05.30,25.7,133.1,961,278,887,844,955,948,885,960,961,278,0,0,0,186,Conf. Dry Off,Yes,2,22.05.30,-,347,12721,-,Male,-,233,Dec,21.12.22,Easy
747,-,13,12,22.08.06,6,Female,0,22.07.16,Holstein,3221,1,171,-,20.01.20,2.6,30.7,935,13,Bred,1,22.06.22,33.5,205.1,1067,388,0,162,878,1016,1092,1117,1067,388,0,0,0,0,Inseminate,-,0,22.06.22,-,421,2621,-,Female,-,171,Feb,22.02.22,Easy
748,-,14,13,22.08.10,2,Female,0,22.08.10,Holstein,3718,1,236,-,20.01.21,2.6,30.7,934,14,Bred,1,22.06.18,29.2,192.9,1048,360,941,916,1018,984,988,995,1048,360,0,0,0,284,Inseminate,-,0,22.06.18,-,511,2428,-,Female,-,236,Dec,21.12.19,Easy
749,-,14,13,22.08.06,6,Female,127,22.04.07,Holstein,2285,1,190,-,20.01.21,2.6,30.7,934,14,Pregnant,4,22.07.02,33.9,206.8,1075,375,0,710,1107,1119,1097,1083,1075,375,0,0,0,0,Conf. Dry Off,Yes,2,22.07.02,-,340,12822,-,Male,-,190,Feb,22.02.03,-
750,-,14,13,22.07.13,30,Female,128,22.04.06,Holstein,7099,1,205,-,20.01.23,2.6,30.6,932,14,Pregnant,4,22.07.02,22.9,142,930,267,260,912,1093,1071,1039,948,930,267,0,0,0,0,Conf. Dry Off,Yes,2,22.07.02,-,354,12788,-,Male,-,205,Jan,22.01.19,Easy
751,-,12,11,22.08.06,6,Female,0,22.06.27,Holstein,2105,1,125,-,20.01.23,2.6,30.6,932,12,Pregnant (1st Preg Check),3,22.08.06,36.4,216.8,1238,415,0,0,0,599,1107,1200,1238,415,0,0,0,0,2nd Pregn. Check,-,1,22.08.06,-,356,13011,-,Male,-,125,Apr,22.04.09,Easy
752,-,13,12,22.08.06,6,Female,0,22.05.18,Holstein,1272,1,171,-,20.01.24,2.5,30.6,931,13,Open,1,22.07.04,33.9,205.4,1119,379,0,160,1047,1171,1115,1093,1119,379,0,0,0,0,Inseminate,-,0,22.07.04,-,362,-,-,-,-,171,Feb,22.02.22,Easy
753,-,13,12,22.08.10,2,Female,0,22.06.22,Holstein,5447,1,143,-,20.01.26,2.5,30.5,929,13,Open,1,22.07.30,34.6,221.6,1124,400,0,0,163,897,1122,1109,1124,400,0,0,0,0,Inseminate,-,0,22.07.30,-,369,12948,-,Male,-,143,Mar,22.03.22,-
754,-,11,10,22.08.06,6,Female,0,-,Holstein,7136,1,72,-,20.01.26,2.5,30.5,929,11,Fresh,1,-,31.8,195.8,1129,354,0,0,0,0,2,818,1129,354,0,0,0,0,Inseminate,-,0,-,-,-,2837,-,Female,-,72,Jun,22.06.01,-
755,-,13,12,22.08.06,6,Female,0,22.06.07,Holstein,2423,1,169,-,20.01.27,2.5,30.5,928,13,Pregnant (1st Preg Check),3,22.07.14,23.2,147,771,258,0,61,870,1002,959,840,771,258,0,0,0,0,2nd Pregn. Check,-,1,22.07.14,-,380,12882,-,Male,-,169,Feb,22.02.24,Easy
756,-,14,13,22.07.13,30,Female,132,22.04.02,Holstein,5910,1,205,-,20.01.28,2.5,30.5,927,14,Pregnant,4,22.07.02,32.7,192.6,1086,367,314,979,1130,1133,1109,1101,1086,367,0,0,0,0,Conf. Dry Off,Yes,2,22.07.02,-,350,2528,-,Female,-,205,Jan,22.01.19,Easy
757,-,14,13,22.07.13,30,Female,147,22.03.18,Holstein,6369,1,233,-,20.01.29,2.5,30.4,926,14,Pregnant,4,22.06.20,30.8,198,1050,361,916,866,1044,1032,1030,1024,1050,361,0,0,0,161,Conf. Dry Off,Yes,2,22.06.20,-,363,2436,-,Female,-,233,Dec,21.12.22,Easy
758,-,14,13,22.08.10,2,Female,0,22.05.17,Holstein,2166,1,215,-,20.01.30,2.5,30.4,925,14,Open,1,22.07.04,30.4,185.5,966,339,592,918,1001,988,965,965,966,339,0,0,0,0,Inseminate,-,0,22.07.04,-,405,2492,-,Female,-,215,Jan,22.01.09,Easy
759,-,13,12,22.08.06,6,Female,0,22.06.14,Holstein,332,1,163,-,20.01.30,2.5,30.4,925,13,Pregnant (1st Preg Check),3,22.07.23,21.4,130.5,783,252,0,0,649,865,885,869,783,252,0,0,0,0,2nd Pregn. Check,-,1,22.07.23,-,381,-,-,-,-,163,Mar,22.03.02,Easy
760,-,13,12,22.08.06,6,Female,0,22.08.10,Holstein,6617,1,164,-,20.01.30,2.5,30.4,925,13,Bred,1,22.07.20,35.4,187.1,1026,354,0,0,709,1056,1092,1049,1026,354,0,0,0,0,Inseminate,-,0,22.07.20,-,439,12900,-,Male,-,164,Mar,22.03.01,Normal
761,-,14,13,22.08.10,2,Female,0,22.07.03,Holstein,5986,1,215,-,20.01.31,2.5,30.4,924,14,Bred,2,22.05.15,31.1,199.3,1128,379,527,924,1125,1148,1169,1078,1128,379,0,0,0,0,Pregn. Check,-,0,22.05.15,-,452,12768,-,Male,-,215,Jan,22.01.09,Easy
762,-,192,85,22.03.09,156,Female,0,21.07.05,Holstein,-,0,-,Yes,20.02.01,2.5,30.3,923,192,"Cull, Not Pregnant",1,22.03.09,-,-,0,0,0,0,0,0,0,0,0,0,0,0,0,0,Inseminate,-,0,22.03.09,-,-,-,-,-,-,0,-,-,-
763,-,6,14,22.08.10,2,Female,163,22.03.02,Holstein,908,1,224,-,20.02.01,2.5,30.3,923,6,Pregnant,4,22.05.30,20.1,161.8,852,311,843,896,989,921,837,907,852,311,0,0,0,2,Conf. Dry Off,Yes,2,22.05.30,-,338,2465,-,Female,-,224,Dec,21.12.31,-
764,-,14,13,22.07.13,30,Female,98,22.05.06,Holstein,5636,1,215,-,20.02.01,2.5,30.3,923,14,Pregnant,4,22.08.01,33,207.3,1110,389,572,953,1085,1095,1127,1110,1110,389,0,0,0,0,Conf. Dry Off,Yes,2,22.08.01,-,394,2488,-,Female,-,215,Jan,22.01.09,-
765,-,6,14,22.08.10,2,Female,0,22.06.23,Holstein,2714,1,228,-,20.02.01,2.5,30.3,923,6,Pregnant (1st Preg Check),3,22.07.30,22.6,166.7,901,308,986,905,1031,1012,919,943,901,308,0,0,0,76,2nd Pregn. Check,-,1,22.07.30,-,455,2456,-,Female,-,228,Dec,21.12.27,-
766,-,13,12,22.07.13,30,Female,0,22.05.27,Holstein,5133,1,181,-,20.02.02,2.5,30.3,922,13,Pregnant (1st Preg Check),3,22.07.11,31.8,173.6,935,329,0,348,874,984,1020,980,935,329,0,0,0,0,2nd Pregn. Check,-,1,22.07.11,-,381,2600,-,Female,-,181,Feb,22.02.12,-
767,-,14,13,22.07.13,30,Female,138,22.03.27,Holstein,5256,1,236,-,20.02.02,2.5,30.3,922,14,Pregnant,4,22.06.20,29,186.9,1030,351,974,988,1075,1078,1057,990,1030,351,0,0,0,220,Conf. Dry Off,Yes,2,22.06.20,-,375,2427,-,Female,-,236,Dec,21.12.19,Easy
768,-,13,12,22.08.10,2,Female,0,22.08.03,Holstein,6733,1,162,-,20.02.02,2.5,30.3,922,13,Bred,1,22.07.11,30.6,207.4,1088,383,0,0,727,1076,1159,1060,1088,383,0,0,0,0,Inseminate,-,0,22.07.11,-,430,12907,-,Male,-,162,Mar,22.03.03,Hard
769,-,13,12,22.07.13,30,Female,121,22.04.13,Holstein,12987,1,184,-,20.02.03,2.5,30.3,921,13,Pregnant,4,22.07.02,33.8,200.8,1073,376,0,482,1033,1082,1095,1063,1073,376,0,0,0,0,Conf. Dry Off,Yes,2,22.07.02,-,340,12839,-,Male,-,184,Feb,22.02.09,-
770,-,14,13,22.08.10,2,Female,0,22.07.05,Holstein,1192,1,205,-,20.02.03,2.5,30.3,921,14,Bred,2,22.05.02,31.9,200.5,1067,370,292,990,1209,1202,1155,1106,1067,370,0,0,0,0,Pregn. Check,-,0,22.05.02,-,444,2530,-,Female,-,205,Jan,22.01.19,Easy
772,-,14,13,22.07.13,30,Female,122,22.04.12,Holstein,3148,1,202,-,20.02.03,2.5,30.3,921,14,Pregnant,4,22.07.02,30.6,189.7,1027,352,165,879,1045,1017,1009,954,1027,352,0,0,0,0,Conf. Dry Off,Yes,2,22.07.02,-,357,2539,-,Female,-,202,Jan,22.01.22,Easy
773,-,12,11,22.07.13,30,Female,0,22.07.20,Holstein,3990,1,139,-,20.02.03,2.5,30.3,921,12,Bred,1,-,29,172.4,969,319,0,0,36,705,985,990,969,319,0,0,0,0,Inseminate,-,0,-,-,393,2692,-,Male,-,139,Mar,22.03.26,Hard
775,-,13,12,22.07.13,30,Female,101,22.05.03,Holstein,244,1,181,-,20.02.06,2.5,30.2,918,13,Pregnant,4,22.08.01,37.3,211.1,1140,391,0,374,1014,1096,1142,1150,1140,391,0,0,0,0,Conf. Dry Off,Yes,2,22.08.01,-,357,2598,-,Female,-,181,Feb,22.02.12,-
776,-,14,13,22.08.06,6,Female,124,22.04.10,Holstein,3863,1,195,-,20.02.06,2.5,30.2,918,14,Pregnant,4,22.07.02,43.3,255.5,1375,474,54,929,1328,1336,1371,1297,1375,474,0,0,0,0,Conf. Dry Off,Yes,2,22.07.02,-,348,2554,-,Female,-,195,Jan,22.01.29,-
777,-,14,13,22.07.13,30,Female,121,22.04.13,Holstein,14017,1,206,-,20.02.08,2.5,30.1,916,14,Pregnant,4,22.07.02,30.1,187.1,1082,363,289,907,1034,1043,1070,1066,1082,363,0,0,0,0,Conf. Dry Off,Yes,2,22.07.02,-,362,2526,-,Female,-,206,Jan,22.01.18,Easy
778,-,11,10,22.08.10,2,Female,0,-,Holstein,2827,1,55,-,20.02.08,2.5,30.1,916,11,Fresh,1,-,23.4,133.4,603,226,0,0,0,0,0,377,603,226,0,0,0,0,Inseminate,-,0,-,-,-,13194,-,Male,-,55,Jun,22.06.18,Hard
779,-,13,12,22.07.13,30,Female,0,22.08.10,Holstein,4770,1,178,-,20.02.08,2.5,30.1,916,13,Bred,1,22.06.27,35.2,210.5,1137,389,0,383,1209,1291,1269,1182,1137,389,0,0,0,0,Inseminate,-,0,22.06.27,-,453,-,-,-,-,178,Feb,22.02.15,-
780,-,14,13,22.07.13,30,Female,156,22.03.09,Holstein,5712,1,206,-,20.02.08,2.5,30.1,916,14,Pregnant,4,22.05.30,30.9,172.9,968,305,296,853,1008,1075,1049,965,968,305,0,0,0,0,Conf. Dry Off,Yes,2,22.05.30,-,327,-,-,-,-,206,Jan,22.01.18,Easy
781,-,13,12,22.08.06,6,Female,0,22.07.12,Holstein,10616,1,166,-,20.02.08,2.5,30.1,916,13,Bred,1,-,36.8,214.8,1169,409,0,5,992,1216,1251,1123,1169,409,0,0,0,0,Inseminate,-,0,-,-,412,12892,-,Male,-,166,Feb,22.02.27,Easy
782,-,14,13,22.08.06,6,Female,121,22.04.13,Holstein,5249,1,202,-,20.02.09,2.5,30.1,915,14,Pregnant,4,22.07.02,29.1,179.6,952,329,206,762,953,964,944,911,952,329,0,0,0,0,Conf. Dry Off,Yes,2,22.07.02,-,358,2535,-,Female,-,202,Jan,22.01.22,-
783,-,192,190,22.03.08,157,Female,0,21.06.08,Holstein,-,0,-,Yes,20.02.09,2.5,30.1,915,192,"Cull, Not Pregnant",1,21.09.11,-,-,0,0,0,0,0,0,0,0,0,0,0,0,0,0,Inseminate,-,0,21.09.11,22.03.08,-,-,-,-,-,0,-,-,-
784,-,14,13,22.08.06,6,Female,135,22.03.30,Holstein,1877,1,187,-,20.02.10,2.5,30,914,14,Pregnant,4,22.06.20,33.6,173,1120,352,0,646,1136,1161,1116,1144,1120,352,0,0,0,0,Conf. Dry Off,Yes,2,22.06.20,-,329,12833,-,Male,-,187,Feb,22.02.06,Easy
785,-,14,13,22.08.10,2,Female,0,22.08.08,Holstein,7609,1,213,-,20.02.10,2.5,30,914,14,Bred,1,22.06.27,36.7,217.2,1141,392,510,990,1180,1175,1227,1126,1141,392,0,0,0,0,Inseminate,-,0,22.06.27,-,486,2498,-,Female,-,213,Jan,22.01.11,Easy
786,-,13,12,22.07.13,30,Female,0,22.06.18,Holstein,109,1,187,-,20.02.10,2.5,30,914,13,Pregnant (1st Preg Check),3,22.07.23,28.9,169.2,993,332,8,523,1000,1035,1059,994,993,332,0,0,0,0,2nd Pregn. Check,-,1,22.07.23,-,409,2586,-,Female,-,187,Feb,22.02.06,Easy
787,-,199,190,22.07.02,41,Female,0,22.05.24,Holstein,-,1,211,Yes,20.02.12,2.5,30,912,199,"Cull, Not Pregnant",2,22.05.19,-,-,0,0,0,0,0,0,0,0,0,0,0,0,0,0,Pregn. Check,-,0,22.05.19,-,408,2508,-,Female,-,211,Jan,22.01.13,Normal
788,-,192,190,22.03.08,157,Female,0,21.06.16,Holstein,-,0,-,Yes,20.02.12,2.5,30,912,192,"Cull, Not Pregnant",1,21.09.25,-,-,0,0,0,0,0,0,0,0,0,0,0,0,0,0,Inseminate,-,0,21.09.25,22.03.08,-,-,-,-,-,0,-,-,-
789,-,13,12,22.08.06,6,Female,0,22.06.05,Holstein,15409,1,171,-,20.02.12,2.5,30,912,13,Pregnant (1st Preg Check),3,22.07.14,34.1,195.6,1056,368,0,171,1100,1171,1151,1013,1056,368,0,0,0,0,2nd Pregn. Check,-,1,22.07.14,-,380,12866,-,Male,-,171,Feb,22.02.22,Easy
790,-,14,13,22.08.06,6,Female,135,22.03.30,Holstein,3249,1,200,-,20.02.13,2.5,29.9,911,14,Pregnant,4,22.06.20,33.9,212.8,1254,404,157,1003,1235,1225,1316,1206,1254,404,0,0,0,0,Conf. Dry Off,Yes,2,22.06.20,-,342,2543,-,Female,-,200,Jan,22.01.24,Easy
791,-,13,12,22.07.13,30,Female,104,22.04.30,Holstein,6497,1,178,-,20.02.14,2.5,29.9,910,13,Pregnant,4,22.08.01,30.4,182.5,942,347,0,289,945,983,1032,1010,942,347,0,0,0,0,Conf. Dry Off,Yes,2,22.08.01,-,351,2605,-,Female,-,178,Feb,22.02.15,-
792,-,13,12,22.08.06,6,Female,119,22.04.15,Holstein,5727,1,173,-,20.02.15,2.5,29.9,909,13,Pregnant,4,22.07.16,38.2,220.9,1257,380,0,210,1010,1173,1183,1127,1257,380,0,0,0,0,Conf. Dry Off,Yes,2,22.07.16,-,331,12862,-,Male,-,173,Feb,22.02.20,-
793,-,14,13,22.08.06,6,Female,0,22.06.19,Holstein,6567,1,213,-,20.02.15,2.5,29.9,909,14,Pregnant (1st Preg Check),3,22.07.30,35.7,211.3,1224,395,575,1084,1241,1191,1232,1170,1224,395,0,0,0,0,2nd Pregn. Check,-,1,22.07.30,-,436,2497,-,Female,-,213,Jan,22.01.11,Hard
794,-,14,13,22.08.06,6,Female,0,22.05.26,Holstein,186,1,215,-,20.02.17,2.5,29.8,907,14,Pregnant (1st Preg Check),3,22.07.11,35.8,206.2,1111,372,681,1092,1195,1202,1148,1150,1111,372,0,0,0,0,2nd Pregn. Check,-,1,22.07.11,-,414,2491,-,Female,-,215,Jan,22.01.09,Easy
795,-,13,12,22.08.06,6,Female,0,22.05.25,Holstein,7592,1,164,-,20.02.17,2.5,29.8,907,13,Pregnant (1st Preg Check),3,22.07.11,37.7,219.6,1139,402,0,0,1035,1240,1243,1188,1139,402,0,0,0,0,2nd Pregn. Check,-,1,22.07.11,-,362,12897,-,Male,-,164,Mar,22.03.01,Normal
796,-,14,13,22.08.10,2,Female,0,22.07.30,Holstein,773,1,209,-,20.02.07,2.5,30.1,917,14,Bred,1,22.07.30,33.8,202.4,1105,378,323,938,1185,1160,1113,1092,1105,378,0,0,0,0,Inseminate,-,0,22.07.30,-,473,2517,-,Female,-,209,Jan,22.01.15,Easy
797,-,10,20,22.07.13,30,Female,0,22.08.01,Holstein,10674,1,194,-,20.02.07,2.5,30.1,917,10,Bred,1,22.06.18,37.2,222.8,1112,409,37,751,1027,1061,1100,1013,1112,409,0,0,0,0,Inseminate,-,0,22.06.18,-,460,2557,-,Female,-,194,Jan,22.01.30,-
798,-,14,13,22.08.06,6,Female,121,22.04.13,Holstein,4846,1,187,-,20.02.19,2.5,29.7,905,14,Pregnant,4,22.07.02,36,217.5,1123,405,0,587,1079,1109,1174,1117,1123,405,0,0,0,0,Conf. Dry Off,Yes,2,22.07.02,-,343,12832,-,Male,-,187,Feb,22.02.06,Hard
799,-,14,13,22.08.06,6,Female,0,22.05.23,Holstein,58,1,188,-,20.02.20,2.5,29.7,904,14,Pregnant (1st Preg Check),3,22.07.11,32.5,191.4,1033,347,0,770,1226,1196,1231,1096,1033,347,0,0,0,0,2nd Pregn. Check,-,1,22.07.11,-,384,2578,-,Female,-,188,Feb,22.02.05,Easy
800,-,14,13,22.08.06,6,Female,96,22.05.08,Holstein,13945,1,192,-,20.02.21,2.5,29.7,903,14,Pregnant,4,22.08.01,31.5,177.9,1031,343,0,924,1200,1172,1125,986,1031,343,0,0,0,0,Conf. Dry Off,Yes,2,22.08.01,-,373,2568,-,Female,-,192,Feb,22.02.01,Easy
801,-,14,13,22.07.13,30,Female,99,22.05.05,Holstein,1587,1,212,-,20.02.22,2.5,29.6,902,14,Pregnant,4,22.08.01,34.1,206.2,1180,408,599,1043,1200,1202,1279,1072,1180,408,0,0,0,0,Conf. Dry Off,Yes,2,22.08.01,-,390,12772,-,Male,-,212,Jan,22.01.12,Easy
802,-,14,13,22.08.06,6,Female,0,22.05.18,Holstein,13300,1,192,-,20.02.22,2.5,29.6,902,14,Pregnant (1st Preg Check),3,22.07.04,33,200.5,1065,372,0,672,1050,1060,1068,1050,1065,372,0,0,0,0,2nd Pregn. Check,-,1,22.07.04,-,383,12818,-,Male,-,192,Feb,22.02.01,Hard
803,-,199,190,22.03.01,164,Female,0,-,Holstein,-,1,190,Yes,20.02.22,2.5,29.6,902,199,"Cull, Not Pregnant",1,-,-,-,0,0,0,0,0,0,0,0,0,0,0,0,0,0,Inseminate,-,0,-,-,-,2571,-,Female,-,190,Feb,22.02.03,-
804,-,14,13,22.08.10,2,Female,0,22.07.20,Holstein,5499,1,198,-,20.02.23,2.5,29.6,901,14,Bred,1,22.06.27,40.4,233.9,1263,441,139,1080,1364,1277,1329,1274,1263,441,0,0,0,0,Inseminate,-,0,22.06.27,-,452,12797,-,Male,-,198,Jan,22.01.26,-
805,-,13,12,22.08.06,6,Female,0,22.07.13,Holstein,7862,1,171,-,20.02.23,2.5,29.6,901,13,Bred,1,22.07.04,32.8,194.5,1217,379,0,133,1086,1333,1250,1089,1217,379,0,0,0,0,Inseminate,-,0,22.07.04,-,418,12870,-,Male,-,171,Feb,22.02.22,Easy
806,-,14,13,22.08.10,2,Female,0,22.08.03,Holstein,1956,1,192,-,20.02.25,2.5,29.5,899,14,Bred,1,22.07.14,34,200.5,1118,370,4,806,1155,1115,1102,1082,1118,370,0,0,0,0,Inseminate,-,0,22.07.14,-,460,12815,-,Male,-,192,Feb,22.02.01,-
807,-,6,14,22.08.10,2,Female,97,22.05.07,Holstein,78,1,212,-,20.02.27,2.5,29.5,897,6,Pregnant,4,22.08.01,27,180.4,941,317,433,858,1007,981,963,922,941,317,0,0,0,0,Conf. Dry Off,Yes,2,22.08.01,-,392,2500,-,Female,-,212,Jan,22.01.12,Easy
808,-,199,190,22.08.02,10,Female,0,22.03.19,Holstein,-,0,-,Yes,20.02.27,2.5,29.5,897,199,"Cull, Not Pregnant",1,22.05.11,-,-,0,0,0,0,0,0,0,0,0,0,0,0,0,0,Inseminate,-,0,22.05.11,-,-,-,-,-,-,0,-,-,-
809,-,14,13,22.08.10,2,Female,0,22.07.30,Holstein,918,1,190,-,20.02.01,2.5,30.3,923,14,Bred,1,22.07.11,30,185.2,997,350,0,657,1093,1137,1091,1018,997,350,0,0,0,0,Inseminate,-,0,22.07.11,-,454,2572,-,Female,-,190,Feb,22.02.03,Normal
810,-,14,13,22.08.10,2,Female,0,22.07.02,Holstein,8311,1,209,-,20.03.01,2.4,29.4,894,14,Pregnant (1st Preg Check),3,22.08.06,35,212.1,1160,400,529,1049,1209,1191,1190,1165,1160,400,0,0,0,0,2nd Pregn. Check,-,1,22.08.06,-,445,2509,-,Female,-,209,Jan,22.01.15,Easy
811,-,6,14,22.08.10,2,Female,93,22.05.11,Holstein,7895,1,218,-,20.03.03,2.4,29.3,892,6,Pregnant,4,22.08.01,30.2,181.7,956,338,565,823,885,907,944,924,956,338,0,0,0,0,Conf. Dry Off,Yes,2,22.08.01,-,402,2483,-,Female,-,218,Jan,22.01.06,Easy
812,-,13,12,22.08.06,6,Female,0,22.05.17,Holstein,8636,1,176,-,20.03.07,2.4,29.2,888,13,Open,1,22.07.04,33.5,196.6,1111,370,0,295,1121,1213,1198,1072,1111,370,0,0,0,0,Inseminate,-,0,22.07.04,-,366,-,-,-,-,176,Feb,22.02.17,-
813,-,14,13,22.08.06,6,Female,0,22.06.04,Holstein,2271,1,188,-,20.03.08,2.4,29.1,887,14,Pregnant (1st Preg Check),3,22.07.14,30,181.8,1020,340,0,634,1001,1079,1089,1073,1020,340,0,0,0,0,2nd Pregn. Check,-,1,22.07.14,-,396,-,-,-,-,188,Feb,22.02.05,Easy
814,-,13,12,22.07.13,30,Female,100,22.05.04,Holstein,4993,1,183,-,20.03.08,2.4,29.1,887,13,Pregnant,4,22.08.01,23.9,148,740,273,0,319,748,816,835,806,740,273,0,0,0,0,Conf. Dry Off,Yes,2,22.08.01,-,360,2596,-,Female,-,183,Feb,22.02.10,Easy
815,-,11,10,22.08.10,2,Female,0,-,Holstein,2542,1,55,-,20.03.08,2.4,29.1,887,11,Fresh,1,-,39.8,245,1171,453,0,0,0,0,0,309,1171,453,0,0,0,0,Inseminate,-,0,-,-,-,2882,-,Female,-,55,Jun,22.06.18,Easy
816,-,13,12,22.07.13,30,Female,0,22.08.01,Holstein,4736,1,190,-,20.03.11,2.4,29,884,13,Bred,1,-,37.8,221.8,1155,404,0,720,1148,1200,1179,1127,1155,404,0,0,0,0,Inseminate,-,0,-,-,456,12824,-,Male,-,190,Feb,22.02.03,-
817,-,13,12,22.07.13,30,Female,136,22.03.29,Holstein,1758,1,184,-,20.03.11,2.4,29,884,13,Pregnant,4,22.06.20,27.9,174.6,926,321,0,431,881,907,931,940,926,321,0,0,0,0,Conf. Dry Off,Yes,2,22.06.20,-,325,2591,-,Female,-,184,Feb,22.02.09,-
818,-,6,14,22.08.10,2,Female,115,22.04.19,Holstein,734,1,211,-,20.03.11,2.4,29,884,6,Pregnant,4,22.07.16,27.6,176.8,990,337,472,891,1068,1056,1040,966,990,337,0,0,0,0,Conf. Dry Off,Yes,2,22.07.16,-,373,12775,-,Male,-,211,Jan,22.01.13,Normal
819,-,14,13,22.08.10,2,Female,0,-,Holstein,12833,1,205,-,20.03.12,2.4,29,883,14,Fresh,1,-,21.9,142.9,759,258,145,522,721,770,778,743,759,258,0,0,0,0,Inseminate,-,0,-,-,-,2529,-,Female,-,205,Jan,22.01.19,Easy
820,-,10,20,22.07.13,30,Female,0,22.08.03,Holstein,4280,1,194,-,20.03.12,2.4,29,883,10,Bred,1,22.07.14,30,191.8,966,347,18,583,787,814,940,884,966,347,0,0,0,0,Inseminate,-,0,22.07.14,-,462,12807,-,Male,-,194,Jan,22.01.30,-
821,-,13,12,22.08.06,6,Female,107,22.04.27,Holstein,4504,1,169,-,20.03.12,2.4,29,883,13,Pregnant,4,22.07.16,36.2,206.4,1131,386,0,56,925,1094,1144,1099,1131,386,0,0,0,0,Conf. Dry Off,Yes,2,22.07.16,-,339,2627,-,Female,-,169,Feb,22.02.24,Hard
822,-,13,12,22.08.10,2,Female,0,22.07.13,Holstein,8291,1,153,-,20.03.12,2.4,29,883,13,Bred,1,-,31.4,177.2,951,331,0,0,399,952,988,941,951,331,0,0,0,0,Inseminate,-,0,-,-,400,12927,-,Male,-,153,Mar,22.03.12,Easy
823,-,12,11,22.07.13,30,Female,0,22.06.29,Holstein,4884,1,137,-,20.03.14,2.4,28.9,881,12,Open,1,22.08.06,36.3,219,1137,406,0,0,79,1098,1177,1118,1137,406,0,0,0,0,Inseminate,-,0,22.08.06,-,370,12969,-,Male,-,137,Mar,22.03.28,Easy
824,-,13,12,22.07.13,30,Female,134,22.03.31,Holstein,4341,1,183,-,20.03.14,2.4,28.9,881,13,Pregnant,4,22.06.20,33.7,194.3,1014,361,0,447,962,1036,1015,986,1014,361,0,0,0,0,Conf. Dry Off,Yes,2,22.06.20,-,326,2594,-,Female,-,183,Feb,22.02.10,-
825,-,13,12,22.08.06,6,Female,114,22.04.20,Holstein,6860,1,171,-,20.03.15,2.4,28.9,880,13,Pregnant,4,22.07.16,33.6,190.6,965,358,0,146,1024,1115,1098,999,965,358,0,0,0,0,Conf. Dry Off,Yes,2,22.07.16,-,334,2624,-,Female,-,171,Feb,22.02.22,Easy
826,-,13,12,22.07.13,30,Female,101,22.05.03,Holstein,683,1,183,-,20.03.16,2.4,28.9,879,13,Pregnant,4,22.08.01,29.6,174.2,920,323,0,383,1004,1016,960,926,920,323,0,0,0,0,Conf. Dry Off,Yes,2,22.08.01,-,359,12842,-,Male,-,183,Feb,22.02.10,Easy
827,-,13,12,22.08.10,2,Female,0,22.08.01,Holstein,2989,1,153,-,20.03.16,2.4,28.9,879,13,Bred,1,22.07.12,32.7,187.7,975,334,0,0,413,941,1012,991,975,334,0,0,0,0,Inseminate,-,0,22.07.12,-,419,12926,-,Male,-,153,Mar,22.03.12,Easy
828,-,13,12,22.08.10,2,Female,0,22.07.27,Holstein,3993,1,148,-,20.03.18,2.4,28.8,877,13,Bred,1,-,36.5,209.7,1075,384,0,0,372,1076,1114,1042,1075,384,0,0,0,0,Inseminate,-,0,-,-,409,12938,-,Male,-,148,Mar,22.03.17,Easy
829,-,13,12,22.08.06,6,Female,0,22.06.07,Holstein,14137,1,169,-,20.03.18,2.4,28.8,877,13,Pregnant (1st Preg Check),3,22.07.14,33.8,202.2,1133,383,0,111,1069,1201,1196,1114,1133,383,0,0,0,0,2nd Pregn. Check,-,1,22.07.14,-,380,12871,-,Male,-,169,Feb,22.02.24,-
830,-,12,40,22.08.09,3,Female,0,22.07.13,Holstein,8303,1,121,-,20.03.20,2.4,28.7,875,12,Bred,1,21.10.09,35.4,181,1132,364,0,0,0,463,1128,1139,1132,364,0,0,0,0,Inseminate,-,0,21.10.09,-,368,13024,-,Male,-,121,Apr,22.04.13,Easy
831,-,13,12,22.08.10,2,Female,0,22.07.27,Holstein,12029,1,143,-,20.03.20,2.4,28.7,875,13,Bred,1,-,33.3,201.8,1050,381,0,0,177,875,1026,1030,1050,381,0,0,0,0,Inseminate,-,0,-,-,404,12951,-,Male,-,143,Mar,22.03.22,-
832,-,13,12,22.08.10,2,Female,0,22.08.07,Holstein,6520,1,139,-,20.03.21,2.4,28.7,874,13,Bred,1,22.08.06,34.1,194.5,1078,370,0,0,106,911,1115,1089,1078,370,0,0,0,0,Inseminate,-,0,22.08.06,-,411,12962,-,Male,-,139,Mar,22.03.26,Hard
833,-,13,12,22.08.10,2,Female,0,22.07.16,Holstein,5396,1,145,-,20.03.21,2.4,28.7,874,13,Bred,1,-,30.2,192.1,1066,363,0,0,275,988,1084,1041,1066,363,0,0,0,0,Inseminate,-,0,-,-,395,12947,-,Male,-,145,Mar,22.03.20,Easy
834,-,13,12,22.08.06,6,Female,0,22.07.22,Holstein,4720,1,175,-,20.03.22,2.4,28.7,873,13,Bred,1,22.07.11,30.2,170.4,1170,302,0,284,1204,1238,1245,1158,1170,302,0,0,0,0,Inseminate,-,0,22.07.11,-,431,12855,-,Male,-,175,Feb,22.02.18,-
835,-,13,12,22.08.10,2,Female,0,22.07.04,Holstein,357,1,148,-,20.03.22,2.4,28.7,873,13,Bred,2,-,33.9,215.8,1226,398,0,0,391,1108,1241,1221,1226,398,0,0,0,0,Pregn. Check,-,0,-,-,386,2669,-,Female,-,148,Mar,22.03.17,Easy
836,-,13,12,22.08.06,6,Female,0,22.07.13,Holstein,4434,1,171,-,20.03.22,2.4,28.7,873,13,Bred,1,22.06.20,32.9,190.2,1211,364,0,134,1162,1342,1333,1200,1211,364,0,0,0,0,Inseminate,-,0,22.06.20,-,418,2623,-,Female,-,171,Feb,22.02.22,Easy
838,-,6,14,22.08.10,2,Female,173,22.02.20,Holstein,8450,1,251,-,20.03.22,2.4,28.7,873,6,Pregnant,4,22.05.16,26.6,162.6,968,321,876,829,871,931,925,973,968,321,0,0,0,544,Conf. Dry Off,Yes,2,22.05.16,-,355,-,-,-,-,251,Dec,21.12.04,-
839,-,12,11,22.07.13,30,Female,0,22.07.23,Holstein,4025,1,132,-,20.03.23,2.4,28.6,872,12,Bred,1,-,33,201.3,1122,363,0,0,0,722,1156,1153,1122,363,0,0,0,0,Inseminate,-,0,-,-,389,2707,-,Female,-,132,Apr,22.04.02,Easy
840,-,192,190,22.03.08,157,Female,0,21.06.16,Holstein,-,0,-,Yes,20.03.24,2.4,28.6,871,192,"Cull, Not Pregnant",1,21.09.11,-,-,0,0,0,0,0,0,0,0,0,0,0,0,0,0,Inseminate,-,0,21.09.11,22.03.08,-,-,-,-,-,0,-,-,-
841,-,192,85,22.03.09,156,Female,0,21.06.17,Holstein,-,0,-,Yes,20.03.24,2.4,28.6,871,192,"Cull, Not Pregnant",1,22.03.09,-,-,0,0,0,0,0,0,0,0,0,0,0,0,0,0,Inseminate,-,0,22.03.09,-,-,-,-,-,-,0,-,-,-
843,-,12,11,22.08.06,6,Female,0,22.07.13,Holstein,3339,1,116,-,20.03.27,2.4,28.5,868,12,Bred,1,-,39.1,230.8,1207,423,0,0,0,367,1118,1191,1207,423,0,0,0,0,Inseminate,-,0,-,-,363,13032,-,Male,-,116,Apr,22.04.18,-
844,-,199,190,22.08.02,10,Female,0,22.04.24,Holstein,-,0,-,Yes,20.03.29,2.4,28.5,866,199,"Cull, Not Pregnant",1,22.05.29,-,-,0,0,0,0,0,0,0,0,0,0,0,0,0,0,Inseminate,-,0,22.05.29,22.01.25,-,-,-,-,-,0,-,-,-
845,-,12,11,22.08.06,6,Female,0,22.08.03,Holstein,8569,1,120,-,20.03.29,2.4,28.5,866,12,Bred,1,-,24.5,140.4,797,274,0,0,0,444,894,810,797,274,0,0,0,0,Inseminate,-,0,-,-,388,-,-,-,-,120,Apr,22.04.14,Easy
846,-,199,190,22.07.02,41,Female,0,-,Holstein,-,1,113,-,20.03.29,2.4,28.5,866,199,Fresh,1,-,-,-,0,0,0,0,0,0,0,0,0,0,0,0,0,0,Inseminate,-,0,-,-,-,13046,-,Male,-,113,Apr,22.04.21,-
848,-,13,12,22.08.06,6,Female,108,22.04.26,Holstein,1451,1,174,-,20.04.01,2.4,28.4,863,13,Pregnant,4,22.07.16,38.2,221.5,1278,422,0,222,1153,1296,1269,1234,1278,422,0,0,0,0,Conf. Dry Off,Yes,2,22.07.16,-,343,12860,-,Male,-,174,Feb,22.02.19,-
849,-,13,12,22.08.10,2,Female,0,22.06.22,Holstein,14545,1,146,-,20.04.01,2.4,28.4,863,13,Open,1,22.07.30,29.1,180.8,1053,347,0,0,314,1068,1140,1067,1053,347,0,0,0,0,Inseminate,-,0,22.07.30,-,372,2673,-,Female,-,146,Mar,22.03.19,-
850,-,2,22,22.07.31,12,Female,0,22.07.14,Holstein,2548,1,97,-,20.04.01,2.4,28.4,863,2,Bred,1,-,38.4,231.3,1223,395,0,0,0,0,549,1068,1223,395,0,0,0,0,Inseminate,-,0,-,-,345,13093,-,Male,-,97,May,22.05.07,Easy
851,-,13,12,22.08.10,2,Female,0,22.08.10,Holstein,9272,1,148,-,20.04.01,2.4,28.4,863,13,Bred,1,22.07.23,29.2,172.2,896,327,0,0,332,969,814,865,896,327,0,0,0,0,Inseminate,-,0,22.07.23,-,423,2668,-,Female,-,148,Mar,22.03.17,Easy
852,-,13,12,22.08.06,6,Female,0,22.08.09,Holstein,1345,1,172,-,20.04.03,2.4,28.3,861,13,Bred,1,22.08.06,36.4,199.9,1170,368,0,155,1020,1123,1146,1131,1170,368,0,0,0,0,Inseminate,-,0,22.08.06,-,446,2619,-,Female,-,172,Feb,22.02.21,-
853,-,11,10,22.08.06,6,Female,0,-,Holstein,2967,1,81,-,20.04.04,2.4,28.3,860,11,Fresh,1,-,36.5,230.4,1192,427,0,0,0,0,174,924,1192,427,0,0,0,0,Inseminate,-,0,-,-,-,13128,-,Male,-,81,May,22.05.23,Easy
854,-,192,85,22.03.10,155,Female,0,21.06.17,Holstein,-,0,-,Yes,20.04.04,2.4,28.3,860,192,"Cull, Not Pregnant",1,21.09.11,-,-,0,0,0,0,0,0,0,0,0,0,0,0,0,0,Inseminate,-,0,21.09.11,22.03.10,-,-,-,-,-,0,-,-,-
855,-,12,11,22.08.10,2,Female,0,-,Holstein,7888,1,107,-,20.04.04,2.4,28.3,860,12,Fresh,1,-,36.1,215.5,1139,403,0,0,0,86,967,1118,1139,403,0,0,0,0,Inseminate,-,0,-,-,-,2774,-,Female,-,107,Apr,22.04.27,-
856,-,13,12,22.07.13,30,Female,119,22.04.15,Holstein,13355,1,180,-,20.04.04,2.4,28.3,860,13,Pregnant,4,22.07.16,36.4,213.2,1160,394,0,464,1112,1187,1209,1167,1160,394,0,0,0,0,Conf. Dry Off,Yes,2,22.07.16,-,338,2602,-,Female,-,180,Feb,22.02.13,-
857,-,13,12,22.07.13,30,Female,0,22.06.04,Holstein,6168,1,180,-,20.04.04,2.4,28.3,860,13,Pregnant (1st Preg Check),3,22.07.14,32.1,183.7,1049,343,0,468,1078,1087,1174,1118,1049,343,0,0,0,0,2nd Pregn. Check,-,1,22.07.14,-,388,12846,-,Male,-,180,Feb,22.02.13,-
858,-,14,13,22.07.13,30,Female,132,22.04.02,Holstein,5267,1,209,-,20.04.05,2.4,28.2,859,14,Pregnant,4,22.07.02,27.3,157.1,854,295,204,475,755,799,838,820,854,295,0,0,0,0,Conf. Dry Off,Yes,2,22.07.02,-,354,-,-,-,-,209,Jan,22.01.15,Easy
859,-,12,11,22.08.10,2,Female,0,22.07.13,Holstein,1105,1,115,-,20.04.05,2.4,28.2,859,12,Bred,1,-,39.8,230.1,1225,410,0,0,0,279,947,1154,1225,410,0,0,0,0,Inseminate,-,0,-,-,362,2751,-,Female,-,115,Apr,22.04.19,-
860,-,13,12,22.08.10,2,Female,0,22.07.15,Holstein,3732,1,143,-,20.04.06,2.3,28.2,858,13,Open,1,-,35.4,185.4,1173,370,0,0,210,1047,1161,1186,1173,370,0,0,0,0,Inseminate,-,0,-,-,392,12950,-,Male,-,143,Mar,22.03.22,-
861,-,110,111,22.07.21,22,Female,189,22.02.04,Holstein,-,0,-,-,20.04.07,2.3,28.2,857,110,Pregnant,5,22.05.02,-,-,0,0,0,0,0,0,0,0,0,0,0,0,0,0,Conf. Step  Up,Yes,2,22.05.02,-,-,-,-,-,-,0,-,-,-
862,-,13,12,22.08.06,6,Female,0,22.07.23,Holstein,172,1,166,-,20.04.07,2.3,28.2,857,13,Bred,1,22.07.23,28.3,181.4,982,343,0,19,773,934,977,958,982,343,0,0,0,0,Inseminate,-,0,22.07.23,-,423,12884,-,Male,-,166,Feb,22.02.27,-
863,-,192,190,22.03.08,157,Female,0,21.06.23,Holstein,-,0,-,Yes,20.04.07,2.3,28.2,857,192,"Cull, Not Pregnant",1,21.09.11,-,-,0,0,0,0,0,0,0,0,0,0,0,0,0,0,Inseminate,-,0,21.09.11,22.03.08,-,-,-,-,-,0,-,-,-
864,-,13,12,22.08.06,6,Female,0,22.08.03,Holstein,2950,1,167,-,20.04.07,2.3,28.2,857,13,Bred,1,22.07.11,36.9,228,1191,433,0,37,906,1088,1141,1147,1191,433,0,0,0,0,Inseminate,-,0,22.07.11,-,435,12883,-,Male,-,167,Feb,22.02.26,-
866,-,110,111,22.07.21,22,Female,187,22.02.06,Holstein,-,0,-,-,20.04.09,2.3,28.1,855,110,Pregnant,5,22.05.02,-,-,0,0,0,0,0,0,0,0,0,0,0,0,0,0,Conf. Step  Up,Yes,2,22.05.02,21.12.17,-,-,-,-,-,0,-,-,-
868,-,12,11,22.08.10,2,Female,0,22.07.20,Holstein,2211,1,107,-,20.04.09,2.3,28.1,855,12,Bred,1,-,25.6,165.3,963,318,0,0,0,69,1002,992,963,318,0,0,0,0,Inseminate,-,0,-,-,361,13062,-,Male,-,107,Apr,22.04.27,-
869,-,12,11,22.08.06,6,Female,0,22.06.18,Holstein,4140,1,132,-,20.04.11,2.3,28,853,12,Pregnant (1st Preg Check),3,22.07.23,39.1,234.5,1213,431,0,0,0,784,1098,1152,1213,431,0,0,0,0,2nd Pregn. Check,-,1,22.07.23,-,354,2704,-,Female,-,132,Apr,22.04.02,-
870,-,192,85,22.03.10,155,Female,0,21.07.09,Holstein,-,0,-,Yes,20.04.12,2.3,28,852,192,"Cull, Not Pregnant",1,21.10.09,-,-,0,0,0,0,0,0,0,0,0,0,0,0,0,0,Inseminate,-,0,21.10.09,22.03.10,-,-,-,-,-,0,-,-,-
871,-,13,12,22.08.10,2,Female,0,22.07.20,Holstein,6721,1,155,-,20.04.12,2.3,28,852,13,Bred,1,22.06.27,32.9,200.9,1128,383,0,0,566,1067,1098,1078,1128,383,0,0,0,0,Inseminate,-,0,22.06.27,-,409,-,-,-,-,155,Mar,22.03.10,Hard
872,-,13,12,22.08.10,2,Female,95,22.05.09,Holstein,9244,1,153,-,20.04.12,2.3,28,852,13,Pregnant,4,22.08.01,31.9,182.6,1043,341,0,0,529,1044,1066,977,1043,341,0,0,0,0,Conf. Dry Off,Yes,2,22.08.01,-,335,2658,-,Female,-,153,Mar,22.03.12,Easy
873,-,13,12,22.08.06,6,Female,0,22.07.21,Holstein,3399,1,163,-,20.04.12,2.3,28,852,13,Bred,1,22.07.11,34.2,203.1,1199,391,0,0,796,1184,1221,1151,1199,391,0,0,0,0,Inseminate,-,0,22.07.11,-,418,2640,-,Female,-,163,Mar,22.03.02,Easy
874,-,11,10,22.08.10,2,Female,0,-,Holstein,3972,1,53,-,20.04.12,2.3,28,852,11,Fresh,1,-,39,226.5,982,414,0,0,0,0,0,210,982,414,0,0,0,0,Inseminate,-,0,-,-,-,13209,-,Male,-,53,Jun,22.06.20,-
875,-,13,12,22.08.06,6,Female,0,22.08.08,Holstein,19,1,164,-,20.04.16,2.3,27.9,848,13,Bred,1,-,27,165.5,884,319,0,0,897,1129,1182,947,884,319,0,0,0,0,Inseminate,-,0,-,-,437,12901,-,Male,-,164,Mar,22.03.01,Normal
876,-,192,190,22.03.08,157,Female,0,21.06.08,Holstein,-,0,-,Yes,20.04.16,2.3,27.9,848,192,"Cull, Not Pregnant",1,21.09.11,-,-,0,0,0,0,0,0,0,0,0,0,0,0,0,0,Inseminate,-,0,21.09.11,22.03.08,-,-,-,-,-,0,-,-,-
877,-,13,12,22.08.10,2,Female,101,22.05.03,Holstein,6584,1,152,-,20.04.18,2.3,27.8,846,13,Pregnant,4,22.08.01,26.3,179.7,982,333,0,0,409,980,1053,992,982,333,0,0,0,0,Conf. Dry Off,Yes,2,22.08.01,-,328,2659,-,Female,-,152,Mar,22.03.13,Easy
878,-,192,190,22.03.08,157,Female,0,21.06.10,Holstein,-,0,-,Yes,20.04.18,2.3,27.8,846,192,"Cull, Not Pregnant",1,21.09.11,-,-,0,0,0,0,0,0,0,0,0,0,0,0,0,0,Inseminate,-,0,21.09.11,22.03.08,-,-,-,-,-,0,-,-,-
879,-,13,12,22.08.10,2,Female,0,22.06.12,Holstein,1404,1,145,-,20.04.18,2.3,27.8,846,13,Pregnant (1st Preg Check),3,22.07.23,32.6,190,974,352,0,0,283,858,1000,953,974,352,0,0,0,0,2nd Pregn. Check,-,1,22.07.23,-,361,2676,-,Female,-,145,Mar,22.03.20,-
880,-,12,11,22.08.06,6,Female,0,22.08.01,Holstein,108,1,132,-,20.04.19,2.3,27.8,845,12,Bred,1,-,34.1,192.7,1033,358,0,0,0,832,1042,1065,1033,358,0,0,0,0,Inseminate,-,0,-,-,398,2705,-,Female,-,132,Apr,22.04.02,Easy
881,-,12,11,22.07.13,30,Female,0,22.07.27,Holstein,4333,1,137,-,20.04.19,2.3,27.8,845,12,Bred,1,-,24.8,150.5,833,281,0,0,17,590,787,842,833,281,0,0,0,0,Inseminate,-,0,-,-,398,2695,-,Female,-,137,Mar,22.03.28,Easy
882,-,13,12,22.08.10,2,Female,0,22.05.18,Holstein,3353,1,146,-,20.04.20,2.3,27.7,844,13,Pregnant (1st Preg Check),3,22.07.04,31.9,199.4,1036,368,0,0,245,877,1012,1003,1036,368,0,0,0,0,2nd Pregn. Check,-,1,22.07.04,-,337,2671,-,Female,-,146,Mar,22.03.19,-
883,-,13,12,22.08.10,2,Female,0,22.07.29,Holstein,10698,1,153,-,20.04.21,2.3,27.7,843,13,Bred,1,22.07.29,38.2,217.9,1195,395,0,0,608,1205,1248,1187,1195,395,0,0,0,0,Inseminate,-,0,22.07.29,-,416,2656,-,Female,-,153,Mar,22.03.12,-
884,-,3,1,22.08.08,4,Female,0,22.06.01,Holstein,3504,1,137,-,20.04.21,2.3,27.7,843,3,Pregnant (1st Preg Check),3,22.07.14,34.8,185.6,907,341,0,0,93,971,1111,1093,907,341,0,0,0,0,2nd Pregn. Check,-,1,22.07.14,-,342,12965,-,Male,-,137,Mar,22.03.28,-
885,-,12,11,22.07.13,30,Female,0,22.06.22,Holstein,1448,1,139,-,20.04.21,2.3,27.7,843,12,Pregnant (1st Preg Check),3,22.07.30,29.3,169.7,916,321,0,0,104,868,940,895,916,321,0,0,0,0,2nd Pregn. Check,-,1,22.07.30,-,365,12958,-,Male,-,139,Mar,22.03.26,-
886,-,192,190,22.03.08,157,Female,0,21.06.09,Holstein,-,0,-,Yes,20.04.21,2.3,27.7,843,192,"Cull, Not Pregnant",1,21.09.11,-,-,0,0,0,0,0,0,0,0,0,0,0,0,0,0,Inseminate,-,0,21.09.11,22.03.08,-,-,-,-,-,0,-,-,-
887,-,13,12,22.08.06,6,Female,0,22.08.03,Holstein,7365,1,163,-,20.04.21,2.3,27.7,843,13,Bred,1,22.07.11,35.3,205.4,1077,379,0,0,782,1028,1037,999,1077,379,0,0,0,0,Inseminate,-,0,22.07.11,-,431,12903,-,Male,-,163,Mar,22.03.02,Easy
888,-,12,11,22.08.06,6,Female,0,22.07.13,Holstein,1807,1,118,-,20.04.21,2.3,27.7,843,12,Bred,1,-,42.5,245.9,1304,452,0,0,0,448,1253,1247,1304,452,0,0,0,0,Inseminate,-,0,-,-,365,13027,-,Male,-,118,Apr,22.04.16,-
889,-,13,12,22.08.10,2,Female,99,22.05.05,Holstein,3047,1,146,-,20.04.21,2.3,27.7,843,13,Pregnant,4,22.08.01,33,187.6,1022,351,0,0,308,1001,1049,1055,1022,351,0,0,0,0,Conf. Dry Off,Yes,2,22.08.01,-,324,2672,-,Female,-,146,Mar,22.03.19,-
890,-,13,12,22.08.10,2,Female,0,22.06.15,Holstein,1352,1,152,-,20.04.21,2.3,27.7,843,13,Pregnant (1st Preg Check),3,22.08.11,34.6,214.8,1099,395,0,0,415,997,1088,1060,1099,395,0,0,0,0,2nd Pregn. Check,-,0,22.08.11,-,371,12928,-,Male,-,152,Mar,22.03.13,Easy
891,-,13,12,22.08.10,2,Female,0,22.05.18,Holstein,10401,1,139,-,20.04.23,2.3,27.6,841,13,Open,1,22.07.04,27.2,164.9,846,303,0,0,80,876,940,883,846,303,0,0,0,0,Inseminate,-,0,22.07.04,-,330,-,-,-,-,139,Mar,22.03.26,Hard
892,-,192,85,22.03.09,156,Female,0,21.06.09,Holstein,-,0,-,Yes,20.04.23,2.3,27.6,841,192,"Cull, Not Pregnant",1,22.03.09,-,-,0,0,0,0,0,0,0,0,0,0,0,0,0,0,Inseminate,-,0,22.03.09,-,-,-,-,-,-,0,-,-,-
893,-,13,12,22.08.10,2,Female,0,22.07.13,Holstein,1909,1,155,-,20.04.23,2.3,27.6,841,13,Bred,1,-,30.6,190.8,981,342,0,0,531,986,1033,913,981,342,0,0,0,0,Inseminate,-,0,-,-,402,12945,-,Male,-,155,Mar,22.03.10,Hard
895,-,13,12,22.08.10,2,Female,0,22.08.03,Holstein,10782,1,150,-,20.04.24,2.3,27.6,840,13,Bred,1,-,28.4,167.5,878,318,0,0,324,873,914,861,878,318,0,0,0,0,Inseminate,-,0,-,-,418,2662,-,Female,-,150,Mar,22.03.15,-
896,-,192,190,22.03.08,157,Female,0,21.06.16,Holstein,-,0,-,Yes,20.04.24,2.3,27.6,840,192,"Cull, Not Pregnant",1,21.09.11,-,-,0,0,0,0,0,0,0,0,0,0,0,0,0,0,Inseminate,-,0,21.09.11,22.03.08,-,-,-,-,-,0,-,-,-
898,-,13,12,22.08.10,2,Female,0,22.06.01,Holstein,3226,1,141,-,20.04.24,2.3,27.6,840,13,Pregnant (1st Preg Check),3,22.07.14,31.9,189,944,342,0,0,138,843,946,962,944,342,0,0,0,0,2nd Pregn. Check,-,1,22.07.14,-,346,12954,-,Male,-,141,Mar,22.03.24,Easy
899,-,11,10,22.07.13,30,Female,0,22.07.17,Holstein,6061,1,88,-,20.04.25,2.3,27.6,839,11,Bred,1,-,37.2,215.5,1132,393,0,0,0,0,388,997,1132,393,0,0,0,0,Inseminate,-,0,-,-,339,13108,-,Male,-,88,May,22.05.16,Easy
900,-,12,11,22.08.06,6,Female,0,22.07.06,Holstein,9095,1,125,-,20.04.25,2.3,27.6,839,12,Bred,2,-,36.8,214,1107,386,0,0,0,612,1063,1108,1107,386,0,0,0,0,Pregn. Check,-,0,-,-,365,2720,-,Female,-,125,Apr,22.04.09,-
901,-,13,12,22.08.10,2,Female,0,22.06.15,Holstein,7397,1,145,-,20.03.31,2.4,28.4,864,13,Pregnant (1st Preg Check),3,22.07.23,34.5,214.5,1125,393,0,0,320,1139,1220,1109,1125,393,0,0,0,0,2nd Pregn. Check,-,1,22.07.23,-,364,2679,-,Female,-,145,Mar,22.03.20,Easy
902,-,11,10,22.07.13,30,Female,0,22.08.03,Holstein,14551,1,95,-,20.04.25,2.3,27.6,839,11,Bred,1,-,35.4,205.8,1116,385,0,0,0,0,564,1013,1116,385,0,0,0,0,Inseminate,-,0,-,-,363,13097,-,Male,-,95,May,22.05.09,Hard
903,-,12,11,22.08.10,2,Female,0,22.06.23,Holstein,9130,1,115,-,20.04.25,2.3,27.6,839,12,Open,1,22.07.30,38.7,224.8,1181,423,0,0,0,254,1097,1227,1181,423,0,0,0,0,Inseminate,-,0,22.07.30,-,342,2755,-,Female,-,115,Apr,22.04.19,Easy
904,-,12,11,22.07.13,30,Female,0,22.05.23,Holstein,10313,1,137,-,20.04.26,2.3,27.5,838,12,Pregnant (1st Preg Check),3,22.07.11,34.4,198.3,1073,369,0,0,71,913,1057,1073,1073,369,0,0,0,0,2nd Pregn. Check,-,1,22.07.11,-,333,2693,-,Female,-,137,Mar,22.03.28,-
905,-,12,11,22.08.10,2,Female,0,22.06.24,Holstein,4717,1,111,-,20.04.26,2.3,27.5,838,12,Pregnant (1st Preg Check),3,22.07.30,27.7,163.4,873,303,0,0,0,103,756,856,873,303,0,0,0,0,2nd Pregn. Check,-,1,22.07.30,-,339,2766,-,Female,-,111,Apr,22.04.23,Easy
906,-,12,11,22.08.06,6,Female,0,22.07.30,Holstein,3510,1,130,-,20.04.27,2.3,27.5,837,12,Bred,1,-,31.6,184.2,913,339,0,0,0,518,814,856,913,339,0,0,0,0,Inseminate,-,0,-,-,394,2709,-,Female,-,130,Apr,22.04.04,Easy
907,-,90,110,22.08.07,5,Female,0,21.12.23,Holstein,-,0,-,-,20.04.27,2.3,27.5,837,90,Aborted,1,22.03.15,-,-,0,0,0,0,0,0,0,0,0,0,0,0,0,0,Inseminate,-,0,22.03.15,22.08.06,-,-,-,-,-,0,-,-,-
908,-,13,12,22.08.10,2,Female,0,22.07.21,Holstein,240,1,145,-,20.04.28,2.3,27.5,836,13,Bred,1,22.06.18,31,195,1017,360,0,0,243,934,1041,994,1017,360,0,0,0,0,Inseminate,-,0,22.06.18,-,400,2680,-,Female,-,145,Mar,22.03.20,Easy
909,-,85,110,22.08.08,4,Female,229,21.12.26,Holstein,-,0,-,-,20.04.30,2.3,27.4,834,85,Pregnant,5,22.03.21,-,-,0,0,0,0,0,0,0,0,0,0,0,0,0,0,Conf. Step  Up,Yes,2,22.03.21,21.12.26,-,-,-,-,-,0,-,-,-
911,-,13,12,22.08.10,2,Female,0,22.06.05,Holstein,6659,1,156,-,20.04.30,2.3,27.4,834,13,Pregnant (1st Preg Check),3,22.07.14,31.9,198.5,1062,369,0,0,649,1110,1107,1044,1062,369,0,0,0,0,2nd Pregn. Check,-,1,22.07.14,-,365,2652,-,Female,-,156,Mar,22.03.09,Easy
912,-,13,12,22.08.10,2,Female,100,22.05.04,Holstein,6248,1,150,-,20.05.01,2.3,27.4,833,13,Pregnant,4,22.08.01,34.7,211.1,1097,383,0,0,395,915,1053,1097,1097,383,0,0,0,0,Conf. Dry Off,Yes,2,22.08.01,-,327,2661,-,Female,-,150,Mar,22.03.15,-
913,-,12,11,22.08.06,6,Female,0,22.07.06,Holstein,10683,1,127,-,20.05.01,2.3,27.4,833,12,Open,1,22.08.11,35.6,207.1,1242,405,0,0,0,771,1271,1276,1242,405,0,0,0,0,Inseminate,-,0,22.08.11,-,367,13006,-,Male,-,127,Apr,22.04.07,Easy
914,-,11,10,22.08.06,6,Female,0,22.08.03,Holstein,6650,1,68,-,20.05.01,2.3,27.4,833,11,Bred,1,-,33.7,202.1,1005,371,0,0,0,0,0,640,1005,371,0,0,0,0,Inseminate,-,0,-,-,336,2848,-,Female,-,68,Jun,22.06.05,Easy
915,-,13,12,22.08.10,2,Female,0,22.06.01,Holstein,6535,1,139,-,20.05.02,2.3,27.3,832,13,Open,1,22.07.21,37.8,212.8,1207,411,0,0,123,825,1221,1167,1207,411,0,0,0,0,Inseminate,-,0,22.07.21,-,344,12960,-,Male,-,139,Mar,22.03.26,-
916,-,10,20,22.07.30,13,Female,0,-,Holstein,7590,1,36,-,20.05.02,2.3,27.3,832,10,Fresh,0,-,46,272.7,805,493,0,0,0,0,0,0,805,493,0,0,0,0,Report Heat,-,0,-,-,-,2923,-,Female,-,36,Jul,22.07.07,Easy
917,-,12,11,22.07.13,30,Female,0,22.05.24,Holstein,6173,1,137,-,20.05.04,2.3,27.3,830,12,Pregnant (1st Preg Check),3,22.07.11,31.7,195.9,982,358,0,0,44,797,918,954,982,358,0,0,0,0,2nd Pregn. Check,-,1,22.07.11,-,334,12971,-,Male,-,137,Mar,22.03.28,Easy
918,-,12,11,22.08.06,6,Female,0,22.07.06,Holstein,4828,1,125,-,20.05.04,2.3,27.3,830,12,Bred,2,-,34.6,201.7,1148,381,0,0,0,549,1061,1068,1148,381,0,0,0,0,Pregn. Check,-,0,-,-,365,13012,-,Male,-,125,Apr,22.04.09,Easy
919,-,12,11,22.08.06,6,Female,0,22.07.21,Holstein,5628,1,129,-,20.05.04,2.3,27.3,830,12,Bred,1,-,29.7,181.1,925,334,0,0,0,501,826,863,925,334,0,0,0,0,Inseminate,-,0,-,-,384,12998,-,Male,-,129,Apr,22.04.05,Hard
920,-,12,11,22.08.06,6,Female,0,22.06.08,Holstein,7867,1,130,-,20.05.05,2.3,27.2,829,12,Pregnant (1st Preg Check),3,22.07.14,33.3,193.7,1057,368,0,0,0,552,933,1014,1057,368,0,0,0,0,2nd Pregn. Check,-,1,22.07.14,-,342,12995,-,Male,-,130,Apr,22.04.04,Easy
921,-,13,12,22.08.10,2,Female,0,22.07.18,Holstein,11259,1,145,-,20.05.05,2.3,27.2,829,13,Bred,1,-,32.3,191.5,1057,358,0,0,272,972,1071,1057,1057,358,0,0,0,0,Inseminate,-,0,-,-,397,2675,-,Female,-,145,Mar,22.03.20,-
922,-,199,190,22.03.31,134,Female,0,21.07.29,Holstein,-,0,-,Yes,20.05.05,2.3,27.2,829,199,"Cull, Not Pregnant",1,21.10.22,-,-,0,0,0,0,0,0,0,0,0,0,0,0,0,0,Inseminate,-,0,21.10.22,22.03.20,-,-,-,-,-,0,-,-,-
923,-,13,12,22.08.10,2,Female,0,22.05.31,Holstein,14798,1,145,-,20.05.05,2.3,27.2,829,13,Pregnant (1st Preg Check),3,22.07.14,35.1,214.2,1082,377,0,0,235,1036,1127,1094,1082,377,0,0,0,0,2nd Pregn. Check,-,1,22.07.14,-,349,12944,-,Male,-,145,Mar,22.03.20,-
924,-,12,11,22.08.10,2,Female,0,22.08.11,Holstein,7180,1,113,-,20.05.06,2.3,27.2,828,12,Bred,1,-,32.3,182.3,936,338,0,0,0,205,945,883,936,338,0,0,0,0,Inseminate,-,0,-,-,389,13045,-,Male,-,113,Apr,22.04.21,-
925,-,11,10,22.08.06,6,Female,0,-,Holstein,1785,1,73,-,20.05.06,2.3,27.2,828,11,Fresh,1,-,31.8,183.9,1039,327,0,0,0,0,3,882,1039,327,0,0,0,0,Inseminate,-,0,-,-,-,2836,-,Female,-,73,May,22.05.31,-
926,-,13,12,22.08.10,2,Female,0,22.06.01,Holstein,5641,1,157,-,20.05.06,2.3,27.2,828,13,Pregnant (1st Preg Check),3,22.07.14,36.5,220.7,1222,417,0,0,791,1236,1273,1177,1222,417,0,0,0,0,2nd Pregn. Check,-,1,22.07.14,-,362,2648,-,Female,-,157,Mar,22.03.08,-
927,-,12,11,22.08.10,2,Female,0,22.07.27,Holstein,14564,1,104,-,20.05.06,2.3,27.2,828,12,Bred,1,-,45.5,247.6,1405,459,0,0,0,9,1089,1403,1405,459,0,0,0,0,Inseminate,-,0,-,-,365,2785,-,Female,-,104,Apr,22.04.30,-
928,-,13,12,22.08.10,2,Female,0,22.06.27,Holstein,2370,1,155,-,20.05.07,2.3,27.2,827,13,Pregnant (1st Preg Check),3,22.08.06,32.6,190.4,1031,354,0,0,591,1116,1135,1064,1031,354,0,0,0,0,2nd Pregn. Check,-,1,22.08.06,-,386,12922,-,Male,-,155,Mar,22.03.10,Easy
929,-,12,11,22.07.13,30,Female,0,22.06.29,Holstein,103,1,137,-,20.05.07,2.3,27.2,827,12,Pregnant (1st Preg Check),3,22.08.06,39.1,224.1,1183,422,0,0,98,1085,1219,1204,1183,422,0,0,0,0,2nd Pregn. Check,-,1,22.08.06,-,370,-,-,-,-,137,Mar,22.03.28,-
931,-,192,190,22.03.08,157,Female,0,21.06.15,Holstein,-,0,-,Yes,20.05.08,2.3,27.1,826,192,"Cull, Not Pregnant",1,21.09.11,-,-,0,0,0,0,0,0,0,0,0,0,0,0,0,0,Inseminate,-,0,21.09.11,22.03.08,-,-,-,-,-,0,-,-,-
932,-,192,190,22.03.08,157,Female,0,21.06.16,Holstein,-,0,-,Yes,20.05.08,2.3,27.1,826,192,"Cull, Not Pregnant",1,21.09.11,-,-,0,0,0,0,0,0,0,0,0,0,0,0,0,0,Inseminate,-,0,21.09.11,22.03.08,-,-,-,-,-,0,-,-,-
933,-,12,11,22.08.06,6,Female,0,22.07.13,Holstein,5602,1,116,-,20.05.08,2.3,27.1,826,12,Bred,1,-,34.3,208.9,1089,392,0,0,0,367,1053,1084,1089,392,0,0,0,0,Inseminate,-,0,-,-,363,2747,-,Female,-,116,Apr,22.04.18,-
934,-,13,12,22.08.10,2,Female,0,22.07.22,Holstein,5412,1,148,-,20.05.09,2.3,27.1,825,13,Bred,1,-,33.6,203.9,1119,380,0,0,321,1074,1184,1123,1119,380,0,0,0,0,Inseminate,-,0,-,-,404,12940,-,Male,-,148,Mar,22.03.17,Hard
935,-,192,190,22.03.08,157,Female,0,21.06.16,Holstein,-,0,-,Yes,20.05.09,2.3,27.1,825,192,"Cull, Not Pregnant",1,21.09.11,-,-,0,0,0,0,0,0,0,0,0,0,0,0,0,0,Inseminate,-,0,21.09.11,22.03.08,-,-,-,-,-,0,-,-,-
936,-,12,11,22.08.06,6,Female,0,22.06.01,Holstein,2364,1,127,-,20.05.09,2.3,27.1,825,12,Pregnant (1st Preg Check),3,22.07.14,42.2,230.2,1307,440,0,0,0,869,1370,1291,1307,440,0,0,0,0,2nd Pregn. Check,-,1,22.07.14,-,332,13004,-,Male,-,127,Apr,22.04.07,Easy
937,-,13,12,22.08.10,2,Female,0,22.05.20,Holstein,8467,1,146,-,20.05.10,2.3,27.1,824,13,Pregnant (1st Preg Check),3,22.07.04,30.2,187.8,943,352,0,0,246,870,904,934,943,352,0,0,0,0,2nd Pregn. Check,-,1,22.07.04,-,339,12943,-,Male,-,146,Mar,22.03.19,-
938,-,13,12,22.08.10,2,Female,0,22.08.03,Holstein,2445,1,158,-,20.05.11,2.3,27,823,13,Bred,1,22.07.14,30.3,196.6,988,352,0,0,575,1015,858,943,988,352,0,0,0,0,Inseminate,-,0,22.07.14,-,426,2647,-,Female,-,158,Mar,22.03.07,-
940,-,13,12,22.08.10,2,Female,0,22.06.28,Holstein,1896,1,150,-,20.05.11,2.3,27,823,13,Open,1,22.08.06,14.8,105.7,883,227,0,0,378,897,814,851,883,227,0,0,0,0,Inseminate,-,0,22.08.06,-,382,2663,-,Female,-,150,Mar,22.03.15,Easy
941,-,110,111,22.07.21,22,Female,179,22.02.14,Holstein,-,0,-,-,20.05.11,2.3,27,823,110,Pregnant,5,22.05.30,-,-,0,0,0,0,0,0,0,0,0,0,0,0,0,0,Conf. Step  Up,Yes,2,22.05.30,-,-,-,-,-,-,0,-,-,-
942,-,192,190,22.03.08,157,Female,0,21.06.15,Holstein,-,0,-,Yes,20.05.09,2.3,27.1,825,192,"Cull, Not Pregnant",1,21.09.11,-,-,0,0,0,0,0,0,0,0,0,0,0,0,0,0,Inseminate,-,0,21.09.11,22.03.08,-,-,-,-,-,0,-,-,-
943,-,11,10,22.07.13,30,Female,0,22.07.22,Holstein,5758,1,86,-,20.05.13,2.2,27,821,11,Bred,1,21.11.27,33.7,193.5,1058,357,0,0,0,0,333,1034,1058,357,0,0,0,0,Inseminate,-,0,21.11.27,-,342,2816,-,Female,-,86,May,22.05.18,Easy
944,-,11,10,22.08.10,2,Female,0,-,Holstein,4279,1,56,-,20.05.13,2.2,27,821,11,Fresh,1,-,21.7,125.7,540,232,0,0,0,0,0,130,540,232,0,0,0,0,Inseminate,-,0,-,22.06.21,-,-,-,-,-,56,Jun,22.06.17,-
945,-,11,10,22.08.10,2,Female,0,-,Holstein,4840,1,51,-,20.05.13,2.2,27,821,11,Fresh,1,-,37,246.7,1168,433,0,0,0,0,0,243,1168,433,0,0,0,0,Inseminate,-,0,-,-,-,2890,-,Female,-,51,Jun,22.06.22,Easy
946,-,12,11,22.08.06,6,Female,0,22.07.06,Holstein,7500,1,127,-,20.05.14,2.2,26.9,820,12,Bred,2,-,44.1,237.6,1308,447,0,0,0,709,1202,1262,1308,447,0,0,0,0,Pregn. Check,-,0,-,-,367,13005,-,Male,-,127,Apr,22.04.07,Easy
947,-,11,10,22.08.10,2,Female,0,-,Holstein,2338,1,51,-,20.05.14,2.2,26.9,820,11,Fresh,1,-,40.7,243.7,1152,433,0,0,0,0,0,229,1152,433,0,0,0,0,Inseminate,-,0,-,-,-,13218,-,Male,-,51,Jun,22.06.22,Easy
949,-,12,11,22.07.13,30,Female,0,22.08.03,Holstein,7465,1,133,-,20.05.03,2.3,27.3,831,12,Bred,1,22.07.11,37.9,231.9,1197,428,0,0,0,993,1208,1203,1197,428,0,0,0,0,Inseminate,-,0,22.07.11,-,401,2700,-,Female,-,133,Apr,22.04.01,Easy
950,-,12,11,22.08.10,2,Female,0,22.07.27,Holstein,2779,1,104,-,20.05.04,2.3,27.3,830,12,Bred,1,-,31.3,183.9,938,342,0,0,0,9,777,899,938,342,0,0,0,0,Inseminate,-,0,-,-,365,2784,-,Female,-,104,Apr,22.04.30,-
952,-,192,85,22.03.09,156,Female,0,21.06.15,Holstein,-,0,-,Yes,20.05.17,2.2,26.8,817,192,"Cull, Not Pregnant",1,22.03.09,-,-,0,0,0,0,0,0,0,0,0,0,0,0,0,0,Inseminate,-,0,22.03.09,-,-,-,-,-,-,0,-,-,-
953,-,110,111,22.07.21,22,Female,135,22.03.30,Holstein,-,0,-,-,20.05.17,2.2,26.8,817,110,Pregnant,5,22.06.20,-,-,0,0,0,0,0,0,0,0,0,0,0,0,0,0,Conf. Step  Up,Yes,2,22.06.20,21.11.01,-,-,-,-,-,0,-,-,-
954,-,12,11,22.08.10,2,Female,0,22.07.30,Holstein,6636,1,113,-,20.05.17,2.2,26.8,817,12,Bred,1,-,36.8,217.4,1154,411,0,0,0,278,1174,1200,1154,411,0,0,0,0,Inseminate,-,0,-,-,377,13043,-,Male,-,113,Apr,22.04.21,-
955,-,12,11,22.07.13,30,Female,0,22.06.29,Holstein,995,1,137,-,20.05.17,2.2,26.8,817,12,Open,1,22.08.10,37.5,228.9,1165,408,0,0,57,953,1118,1094,1165,408,0,0,0,0,Inseminate,-,0,22.08.10,-,370,-,-,-,-,137,Mar,22.03.28,-
956,-,10,20,22.08.10,2,Female,0,-,Holstein,248,1,8,-,20.05.17,2.2,26.8,817,10,Fresh,0,-,24.8,121.4,0,125,0,0,0,0,0,0,0,125,0,0,0,0,Report Heat,-,0,-,-,-,3009,-,Female,-,8,Aug,22.08.04,Easy
957,-,192,190,22.03.08,157,Female,0,21.06.12,Holstein,-,0,-,Yes,20.05.18,2.2,26.8,816,192,"Cull, Not Pregnant",1,21.09.11,-,-,0,0,0,0,0,0,0,0,0,0,0,0,0,0,Inseminate,-,0,21.09.11,22.03.08,-,-,-,-,-,0,-,-,-
958,-,12,11,22.07.13,30,Female,0,22.06.10,Holstein,5085,1,133,-,20.05.18,2.2,26.8,816,12,Pregnant (1st Preg Check),3,22.07.14,34.3,190.6,971,352,0,0,0,793,1035,995,971,352,0,0,0,0,2nd Pregn. Check,-,1,22.07.14,-,347,-,-,-,-,133,Apr,22.04.01,-
959,-,13,12,22.08.10,2,Female,0,22.08.10,Holstein,1053,1,148,-,20.05.18,2.2,26.8,816,13,Bred,1,-,34.3,207.9,1147,391,0,0,355,1070,1186,1140,1147,391,0,0,0,0,Inseminate,-,0,-,-,423,12937,-,Male,-,148,Mar,22.03.17,Hard
960,-,12,11,22.07.13,30,Female,0,22.08.01,Holstein,6802,1,132,-,20.05.19,2.2,26.8,815,12,Bred,1,22.08.01,31.4,197,1079,367,0,0,0,913,1164,1131,1079,367,0,0,0,0,Inseminate,-,0,22.08.01,-,398,2702,-,Female,-,132,Apr,22.04.02,-
961,-,13,12,22.08.10,2,Female,0,22.07.12,Holstein,7970,1,148,-,20.05.19,2.2,26.8,815,13,Bred,1,22.06.18,34.8,210.1,1129,387,0,0,294,1020,1158,1078,1129,387,0,0,0,0,Inseminate,-,0,22.06.18,-,394,2670,-,Female,-,148,Mar,22.03.17,Easy
962,-,70,13,22.08.11,1,Female,0,22.08.01,Holstein,4248,1,143,-,20.05.20,2.2,26.7,814,70,Bred,1,22.07.30,19.9,170.9,1011,333,0,0,226,998,1056,1008,1011,333,0,0,0,0,Inseminate,-,0,22.07.30,-,409,2681,-,Female,-,143,Mar,22.03.22,Easy
964,-,13,12,22.08.10,2,Female,0,22.07.12,Holstein,3258,1,141,-,20.05.20,2.2,26.7,814,13,Bred,1,-,32.7,193.3,1018,338,0,0,146,1040,1124,1021,1018,338,0,0,0,0,Inseminate,-,0,-,-,387,-,-,Female,-,141,Mar,22.03.24,Easy
965,-,12,11,22.07.13,30,Female,0,22.06.29,Holstein,6518,1,132,-,20.05.21,2.2,26.7,813,12,Pregnant (1st Preg Check),3,22.08.06,35.2,206.4,1052,367,0,0,0,804,1108,1070,1052,367,0,0,0,0,2nd Pregn. Check,-,1,22.08.06,-,365,2706,-,Female,-,132,Apr,22.04.02,Easy
966,-,192,85,22.03.10,155,Female,0,22.04.03,Holstein,-,0,-,Yes,20.05.21,2.2,26.7,813,192,"Cull, Not Pregnant",3,21.09.11,-,-,0,0,0,0,0,0,0,0,0,0,0,0,0,0,2nd Pregn. Check,-,0,21.09.11,22.03.10,-,-,-,-,-,0,-,-,-
967,-,192,85,22.03.09,156,Female,0,21.06.16,Holstein,-,0,-,Yes,20.05.22,2.2,26.7,812,192,"Cull, Not Pregnant",1,22.03.09,-,-,0,0,0,0,0,0,0,0,0,0,0,0,0,0,Inseminate,-,0,22.03.09,-,-,-,-,-,-,0,-,-,-
968,-,11,10,22.08.06,6,Female,0,-,Holstein,2385,1,69,-,20.05.22,2.2,26.7,812,11,Fresh,1,-,40.5,237,1205,440,0,0,0,0,0,959,1205,440,0,0,0,0,Inseminate,-,0,-,-,-,2843,-,Female,-,69,Jun,22.06.04,Easy
969,-,13,12,22.08.10,2,Female,107,22.04.27,Holstein,68,1,155,-,20.05.22,2.2,26.7,812,13,Pregnant,4,22.07.16,27.8,161,807,294,0,0,408,798,870,830,807,294,0,0,0,0,Conf. Dry Off,Yes,2,22.07.16,-,325,2654,-,Female,-,155,Mar,22.03.10,Easy
970,-,12,11,22.08.10,2,Female,0,-,Holstein,2639,1,103,-,20.05.22,2.2,26.7,812,12,Fresh,1,-,20.2,128,600,236,0,0,0,1,777,827,600,236,0,0,0,0,Inseminate,-,0,-,-,-,13075,-,Male,-,103,May,22.05.01,-
971,-,13,12,22.08.10,2,Female,0,22.05.18,Holstein,742,1,143,-,20.05.23,2.2,26.6,811,13,Pregnant (1st Preg Check),3,22.07.04,32.1,186.1,963,345,0,0,151,783,964,954,963,345,0,0,0,0,2nd Pregn. Check,-,1,22.07.04,-,334,-,-,-,-,143,Mar,22.03.22,-
972,-,13,12,22.08.10,2,Female,0,22.06.07,Holstein,5941,1,141,-,20.05.24,2.2,26.6,810,13,Pregnant (1st Preg Check),3,22.07.14,38.3,226.3,1169,429,0,0,156,1092,1222,1182,1169,429,0,0,0,0,2nd Pregn. Check,-,1,22.07.14,-,352,2687,-,Female,-,141,Mar,22.03.24,Easy
973,-,13,12,22.08.10,2,Female,0,22.05.19,Holstein,85,1,139,-,20.05.24,2.2,26.6,810,13,Pregnant (1st Preg Check),3,22.07.04,30,178.3,1011,326,0,0,119,916,1065,1056,1011,326,0,0,0,0,2nd Pregn. Check,-,1,22.07.04,-,331,2690,-,Female,-,139,Mar,22.03.26,-
975,-,12,11,22.07.13,30,Female,0,22.05.20,Holstein,789,1,135,-,20.05.24,2.2,26.6,810,12,Pregnant (1st Preg Check),3,22.07.04,27.5,171.3,893,308,0,0,24,762,927,858,893,308,0,0,0,0,2nd Pregn. Check,-,1,22.07.04,-,328,12974,-,Male,-,135,Mar,22.03.30,-
976,-,12,11,22.08.10,2,Female,0,22.08.07,Holstein,1681,1,100,-,20.05.24,2.2,26.6,810,12,Bred,1,-,28.9,181.9,1063,345,0,0,0,0,846,1032,1063,345,0,0,0,0,Inseminate,-,0,-,-,372,13088,-,Male,-,100,May,22.05.04,Easy
978,-,12,11,22.08.10,2,Female,0,22.08.06,Holstein,8958,1,102,-,20.05.25,2.2,26.6,809,12,Bred,1,-,25.1,148.9,824,279,0,0,0,0,685,857,824,279,0,0,0,0,Inseminate,-,0,-,-,373,13083,-,Male,-,102,May,22.05.02,-
979,-,11,10,22.08.06,6,Female,0,22.08.10,Holstein,6625,1,82,-,20.05.25,2.2,26.6,809,11,Bred,1,-,40.5,239.1,1327,447,0,0,0,0,286,1168,1327,447,0,0,0,0,Inseminate,-,0,-,-,357,13117,-,Male,-,82,May,22.05.22,Hard
980,-,12,11,22.08.06,6,Female,0,22.07.06,Holstein,2920,1,123,-,20.05.25,2.2,26.6,809,12,Open,1,22.08.11,37,199.9,1119,375,0,0,0,493,1058,1105,1119,375,0,0,0,0,Inseminate,-,0,22.08.11,-,363,2728,-,Female,-,123,Apr,22.04.11,-
981,-,110,111,22.07.21,22,Female,0,22.04.28,Holstein,-,0,-,-,20.05.25,2.2,26.6,809,110,Pregnant (1st Preg Check),3,22.06.16,-,-,0,0,0,0,0,0,0,0,0,0,0,0,0,0,2nd Pregn. Check,-,1,22.06.16,22.02.27,-,-,-,-,-,0,-,-,-
982,-,12,11,22.08.06,6,Female,0,22.06.01,Holstein,7236,1,123,-,20.05.27,2.2,26.5,807,12,Pregnant (1st Preg Check),3,22.07.14,30.1,183.7,953,342,0,0,0,429,842,892,953,342,0,0,0,0,2nd Pregn. Check,-,1,22.07.14,-,328,2726,-,Female,-,123,Apr,22.04.11,-
983,-,12,11,22.08.06,6,Female,0,22.07.27,Holstein,11858,1,125,-,20.05.27,2.2,26.5,807,12,Bred,1,-,46.8,272.5,1429,501,0,0,0,705,1365,1395,1429,501,0,0,0,0,Inseminate,-,0,-,-,386,13010,-,Male,-,125,Apr,22.04.09,-
984,-,110,111,22.07.21,22,Female,218,22.01.06,Holstein,-,0,-,-,20.05.27,2.2,26.5,807,110,Pregnant,5,22.03.30,-,-,0,0,0,0,0,0,0,0,0,0,0,0,0,0,Conf. Step  Up,Yes,3,22.03.30,-,-,-,-,-,-,0,-,-,-
985,-,85,110,22.07.16,27,Female,254,21.12.01,Holstein,-,0,-,-,20.05.28,2.2,26.5,806,85,Pregnant,5,22.02.21,-,-,0,0,0,0,0,0,0,0,0,0,0,0,0,0,Conf. Step  Up,Yes,2,22.02.21,-,-,-,-,-,-,0,-,-,-
986,-,12,11,22.08.06,6,Female,0,22.06.03,Holstein,740,1,121,-,20.05.28,2.2,26.5,806,12,Pregnant (1st Preg Check),3,22.07.14,39.2,226.7,1215,416,0,0,0,500,1168,1214,1215,416,0,0,0,0,2nd Pregn. Check,-,1,22.07.14,-,328,13022,-,Male,-,121,Apr,22.04.13,Easy
987,-,12,11,22.08.06,6,Female,0,22.06.29,Holstein,7761,1,130,-,20.05.29,2.2,26.4,805,12,Open,1,22.08.06,32.3,198,1004,364,0,24,0,727,1047,1005,1004,364,0,0,0,0,Inseminate,-,0,22.08.06,-,363,2708,-,Female,-,130,Apr,22.04.04,Easy
988,-,12,11,22.08.06,6,Female,0,22.07.11,Holstein,2549,1,130,-,20.05.29,2.2,26.4,805,12,Open,1,22.07.11,29.5,171,904,321,0,0,0,536,829,875,904,321,0,0,0,0,Inseminate,-,0,22.07.11,-,375,-,-,-,-,130,Apr,22.04.04,Hard
989,-,12,11,22.08.06,6,Female,0,-,Holstein,7860,1,127,-,20.05.30,2.2,26.4,804,12,Fresh,1,-,36.8,215.7,1160,398,0,0,0,640,1066,1121,1160,398,0,0,0,0,Inseminate,-,0,-,-,-,13007,-,Male,-,127,Apr,22.04.07,Hard
990,-,3,1,22.08.08,4,Female,0,22.06.23,Holstein,4337,1,115,-,20.05.30,2.2,26.4,804,3,Pregnant (1st Preg Check),3,22.07.30,27.2,170.3,840,305,0,0,0,225,870,929,840,305,0,0,0,0,2nd Pregn. Check,-,1,22.07.30,-,342,13041,-,Male,-,115,Apr,22.04.19,Easy
991,-,12,11,22.08.06,6,Female,0,22.07.06,Holstein,499,1,129,-,20.05.30,2.2,26.4,804,12,Bred,2,-,28.8,175.4,890,324,0,0,0,562,839,865,890,324,0,0,0,0,Pregn. Check,-,0,-,-,369,13001,-,Male,-,129,Apr,22.04.05,Easy
992,-,12,11,22.08.06,6,Female,0,22.07.06,Holstein,13921,1,125,-,20.05.30,2.2,26.4,804,12,Bred,2,-,41.6,245,1288,460,0,0,0,635,1244,1248,1288,460,0,0,0,0,Pregn. Check,-,0,-,-,365,2722,-,Female,-,125,Apr,22.04.09,Easy
993,-,10,2,22.07.21,22,Female,0,22.07.20,Holstein,8725,1,111,-,20.05.31,2.2,26.4,803,10,Bred,1,-,32,187.5,931,350,0,0,0,172,886,923,931,350,0,0,0,0,Inseminate,-,0,-,-,365,2765,-,Female,-,111,Apr,22.04.23,Easy
994,-,12,11,22.08.10,2,Female,0,-,Holstein,4355,1,111,-,20.05.31,2.2,26.4,803,12,Fresh,1,-,37.3,224.3,1266,422,0,0,0,135,962,1185,1266,422,0,0,0,0,Inseminate,-,0,-,-,-,13053,-,Male,-,111,Apr,22.04.23,Easy
995,-,12,11,22.08.06,6,Female,0,22.08.01,Holstein,253,1,121,-,20.06.01,2.2,26.3,802,12,Bred,1,-,32.1,194.5,1048,348,0,0,0,421,973,1009,1048,348,0,0,0,0,Inseminate,-,0,-,-,387,13023,-,Male,-,121,Apr,22.04.13,Easy
996,-,12,11,22.08.06,6,Female,0,22.08.10,Holstein,4433,1,118,-,20.06.01,2.2,26.3,802,12,Bred,1,-,42.8,254,1353,474,0,0,0,451,1305,1335,1353,474,0,0,0,0,Inseminate,-,0,-,-,393,2739,-,Female,-,118,Apr,22.04.16,-
997,-,10,2,22.07.21,22,Female,0,22.07.31,Holstein,3540,1,117,-,20.06.01,2.2,26.3,802,10,Bred,1,-,33.2,208.5,1087,378,0,0,0,203,724,958,1087,378,0,0,0,0,Inseminate,-,0,-,-,382,2741,-,Female,-,117,Apr,22.04.17,Easy
998,-,12,11,22.08.06,6,Female,0,22.07.13,Holstein,1780,1,120,-,20.06.01,2.2,26.3,802,12,Bred,1,-,37.8,223.1,1154,408,0,0,0,453,1160,1210,1154,408,0,0,0,0,Inseminate,-,0,-,-,367,13025,-,Male,-,120,Apr,22.04.14,Easy
999,-,10,20,22.07.13,30,Female,0,22.07.06,Holstein,7179,1,123,-,20.06.01,2.2,26.3,802,10,Bred,2,-,34,208.9,1046,382,0,0,0,590,1114,982,1046,382,0,0,0,0,Pregn. Check,-,0,-,-,363,2725,-,Female,-,123,Apr,22.04.11,-
1000,-,10,20,22.07.30,13,Female,0,-,Holstein,2296,1,33,-,20.06.01,2.2,26.3,802,10,Fresh,0,-,37.5,217.3,569,395,0,0,0,0,0,0,569,395,0,0,0,0,Report Heat,-,0,-,-,-,13257,-,Male,-,33,Jul,22.07.10,Easy
1001,-,199,190,22.08.02,10,Female,0,22.06.15,Holstein,-,0,-,Yes,20.06.01,2.2,26.3,802,199,"Cull, Not Pregnant",1,22.04.04,-,-,0,0,0,0,0,0,0,0,0,0,0,0,0,0,Inseminate,-,0,22.04.04,22.04.17,-,-,-,-,-,0,-,-,-
1002,-,110,111,22.07.21,22,Female,205,22.01.19,Holstein,-,0,-,-,20.06.01,2.2,26.3,802,110,Pregnant,5,22.04.11,-,-,0,0,0,0,0,0,0,0,0,0,0,0,0,0,Conf. Step  Up,Yes,2,22.04.11,-,-,-,-,-,-,0,-,-,-
1003,-,12,11,22.08.10,2,Female,0,22.07.27,Holstein,12810,1,106,-,20.06.04,2.2,26.3,799,12,Bred,1,-,35.2,194.9,1028,368,0,0,0,44,889,973,1028,368,0,0,0,0,Inseminate,-,0,-,-,367,13067,-,Male,-,106,Apr,22.04.28,-
1007,-,11,10,22.08.10,2,Female,0,-,Holstein,3860,1,55,-,20.06.07,2.2,26.2,796,11,Fresh,1,-,36.9,213.9,987,389,0,0,0,0,0,259,987,389,0,0,0,0,Inseminate,-,0,-,-,-,13201,-,Male,-,55,Jun,22.06.18,Easy
1008,-,12,11,22.08.10,2,Female,0,22.07.27,Holstein,6722,1,104,-,20.06.07,2.2,26.2,796,12,Bred,1,-,32,198,1083,368,0,0,0,11,816,1000,1083,368,0,0,0,0,Inseminate,-,0,-,-,365,13071,-,Male,-,104,Apr,22.04.30,-
1009,-,11,10,22.07.13,30,Female,0,22.08.10,Holstein,711,1,86,-,20.06.10,2.2,26.1,793,11,Bred,1,-,33.7,195.6,1071,363,0,0,0,0,337,1019,1071,363,0,0,0,0,Inseminate,-,0,-,-,361,2812,-,Female,-,86,May,22.05.18,-
1010,-,12,11,22.08.06,6,Female,0,22.07.20,Holstein,5184,1,123,-,20.06.10,2.2,26.1,793,12,Bred,1,22.07.14,35.8,206.3,1126,380,0,0,0,570,1071,1142,1126,380,0,0,0,0,Inseminate,-,0,22.07.14,-,377,2729,-,Female,-,123,Apr,22.04.11,-
1011,-,12,11,22.08.10,2,Female,0,22.07.06,Holstein,4216,1,102,-,20.06.11,2.2,26,792,12,Bred,2,-,32.7,195.3,1045,358,0,0,0,0,779,1002,1045,358,0,0,0,0,Pregn. Check,-,0,-,-,342,2788,-,Female,-,102,May,22.05.02,-
1013,-,11,10,22.08.06,6,Female,0,-,Holstein,13528,1,76,-,20.06.12,2.2,26,791,11,Fresh,1,-,29.6,186.5,908,343,0,0,0,0,19,680,908,343,0,0,0,0,Inseminate,-,0,-,-,-,13136,-,Male,-,76,May,22.05.28,Hard
1014,-,12,11,22.08.10,2,Female,0,22.07.13,Holstein,10178,1,115,-,20.06.12,2.2,26,791,12,Bred,1,-,37.9,214.6,1146,394,0,0,0,269,1068,1149,1146,394,0,0,0,0,Inseminate,-,0,-,-,362,13036,-,Male,-,115,Apr,22.04.19,-
1015,-,11,10,22.07.13,30,Female,0,22.08.03,Holstein,6852,1,90,-,20.06.12,2.2,26,791,11,Bred,1,21.11.08,40.4,226.2,1187,416,0,0,0,0,477,1126,1187,416,0,0,0,0,Inseminate,-,0,21.11.08,-,358,2805,-,Female,-,90,May,22.05.14,-
1017,-,12,11,22.08.10,2,Female,0,22.07.13,Holstein,12636,1,115,-,20.06.13,2.2,26,790,12,Bred,1,-,36.1,213.3,1087,390,0,0,0,266,1045,1149,1087,390,0,0,0,0,Inseminate,-,0,-,-,362,2753,-,Female,-,115,Apr,22.04.19,-
1018,-,12,11,22.08.10,2,Female,0,22.07.27,Holstein,4476,1,101,-,20.06.13,2.2,26,790,12,Bred,1,-,33.8,203,1081,378,0,0,0,0,788,1037,1081,378,0,0,0,0,Inseminate,-,0,-,-,362,2789,-,Female,-,101,May,22.05.03,Easy
1019,-,11,10,22.07.13,30,Female,0,22.07.23,Holstein,8437,1,88,-,20.06.13,2.2,26,790,11,Bred,1,-,29.3,174,858,320,0,0,0,0,309,852,858,320,0,0,0,0,Inseminate,-,0,-,-,345,2809,-,Female,-,88,May,22.05.16,Easy
1022,-,11,10,22.08.06,6,Female,0,-,Holstein,2081,1,69,-,20.06.15,2.2,25.9,788,11,Fresh,1,-,24.9,142,699,260,0,0,0,0,0,632,699,260,0,0,0,0,Inseminate,-,0,-,-,-,13183,-,Male,-,69,Jun,22.06.04,-
1023,-,12,11,22.08.10,2,Female,0,22.06.29,Holstein,4606,1,115,-,20.06.15,2.2,25.9,788,12,Pregnant (1st Preg Check),3,22.08.06,34.3,203.4,1037,371,0,0,0,143,823,972,1037,371,0,0,0,0,2nd Pregn. Check,-,1,22.08.06,-,348,13038,-,Male,-,115,Apr,22.04.19,Easy
1024,-,12,11,22.08.06,6,Female,0,22.07.13,Holstein,12406,1,122,-,20.06.15,2.2,25.9,788,12,Bred,1,-,35.8,201.5,1069,371,0,0,0,509,1063,1057,1069,371,0,0,0,0,Inseminate,-,0,-,-,369,13016,-,Male,-,122,Apr,22.04.12,-
1025,-,12,11,22.08.06,6,Female,0,22.06.09,Holstein,1744,1,121,-,20.06.16,2.2,25.9,787,12,Pregnant (1st Preg Check),3,22.07.14,18.4,130.9,1069,281,0,0,0,465,1002,1059,1069,281,0,0,0,0,2nd Pregn. Check,-,1,22.07.14,-,334,2734,-,Female,-,121,Apr,22.04.13,-
1026,-,11,10,22.08.10,2,Female,0,-,Holstein,777,1,60,-,20.06.16,2.2,25.9,787,11,Fresh,1,-,33.1,223.6,1212,416,0,0,0,0,0,509,1212,416,0,0,0,0,Inseminate,-,0,-,-,-,13175,-,Male,-,60,Jun,22.06.13,Easy
1028,-,199,190,22.06.04,69,Female,0,-,Holstein,-,1,106,Yes,20.06.16,2.2,25.9,787,199,"Cull, Not Pregnant",1,-,-,-,0,0,0,0,0,0,0,0,0,0,0,0,0,0,Inseminate,-,0,-,-,-,13069,-,Male,-,106,Apr,22.04.28,Easy
1029,-,11,10,22.08.06,6,Female,0,22.08.07,Holstein,2380,1,73,-,20.06.17,2.2,25.8,786,11,Bred,1,-,37.7,215.3,1121,386,0,0,0,0,6,911,1121,386,0,0,0,0,Inseminate,-,0,-,-,345,2835,-,Female,-,73,May,22.05.31,-
1030,-,12,11,22.08.10,2,Female,0,22.07.20,Holstein,1108,1,111,-,20.06.18,2.1,25.8,785,12,Bred,1,-,33.8,201.9,1143,384,0,0,0,212,1042,1123,1143,384,0,0,0,0,Inseminate,-,0,-,-,365,2761,-,Female,-,111,Apr,22.04.23,Easy
1031,-,11,10,22.07.13,30,Female,0,22.08.03,Holstein,6678,1,90,-,20.06.18,2.1,25.8,785,11,Bred,1,-,34.5,208.6,1126,381,0,0,0,0,536,1094,1126,381,0,0,0,0,Inseminate,-,0,-,-,358,2803,-,Female,-,90,May,22.05.14,-
1033,-,12,11,22.08.10,2,Female,0,22.07.20,Holstein,232,1,108,-,20.06.19,2.1,25.8,784,12,Bred,1,-,28.4,181.3,1067,339,0,0,0,122,975,1097,1067,339,0,0,0,0,Inseminate,-,0,-,-,362,2773,-,Female,-,108,Apr,22.04.26,-
1034,-,11,10,22.07.13,30,Female,0,22.08.03,Holstein,6164,1,95,-,20.06.20,2.1,25.7,783,11,Bred,1,-,30.5,170.2,884,313,0,0,0,0,453,820,884,313,0,0,0,0,Inseminate,-,0,-,-,363,2798,-,Female,-,95,May,22.05.09,Easy
1035,-,11,10,22.08.06,6,Female,0,22.07.25,Holstein,2898,1,78,-,20.06.20,2.1,25.7,783,11,Bred,1,-,38.8,232.3,1192,423,0,0,0,0,121,1001,1192,423,0,0,0,0,Inseminate,-,0,-,-,337,2830,-,Female,-,78,May,22.05.26,-
1036,-,22,1,22.08.10,2,Female,0,-,Holstein,1029,1,26,-,20.06.20,2.1,25.7,783,22,Fresh,0,-,42.3,236.6,365,407,0,0,0,0,0,0,365,407,0,0,0,0,Report Heat,-,0,-,-,-,2952,-,Female,-,26,Jul,22.07.17,-
1038,-,12,11,22.08.10,2,Female,0,22.07.20,Holstein,7164,1,111,-,20.06.21,2.1,25.7,782,12,Bred,1,-,39.9,232.4,1321,441,0,0,0,216,1199,1270,1321,441,0,0,0,0,Inseminate,-,0,-,-,365,13055,-,Male,-,111,Apr,22.04.23,Easy
1039,-,110,111,22.07.21,22,Female,0,22.05.30,Holstein,-,0,-,-,20.06.21,2.1,25.7,782,110,Pregnant (1st Preg Check),3,22.07.07,-,-,0,0,0,0,0,0,0,0,0,0,0,0,0,0,2nd Pregn. Check,-,1,22.07.07,22.03.30,-,-,-,-,-,0,-,-,-
1040,-,11,10,22.08.06,6,Female,0,-,Holstein,12162,1,65,-,20.06.21,2.1,25.7,782,11,Fresh,1,-,41.4,242,1255,444,0,0,0,0,0,675,1255,444,0,0,0,0,Inseminate,-,0,-,-,-,13159,-,Male,-,65,Jun,22.06.08,Easy
1041,-,12,11,22.08.10,2,Female,0,22.07.27,Holstein,2812,1,100,-,20.06.22,2.1,25.7,781,12,Bred,1,-,32.7,208.3,1174,397,0,0,0,0,764,1153,1174,397,0,0,0,0,Inseminate,-,0,-,-,361,2794,-,Female,-,100,May,22.05.04,Easy
1042,-,12,11,22.08.10,2,Female,0,22.07.27,Holstein,954,1,101,-,20.06.22,2.1,25.7,781,12,Bred,1,-,38.1,224.8,1179,418,0,0,0,0,928,1101,1179,418,0,0,0,0,Inseminate,-,0,-,-,362,13084,-,Male,-,101,May,22.05.03,Easy
1044,-,12,11,22.08.10,2,Female,0,22.07.27,Holstein,14038,1,106,-,20.06.24,2.1,25.6,779,12,Bred,1,-,34.6,207.6,1083,386,0,0,0,34,974,1129,1083,386,0,0,0,0,Inseminate,-,0,-,-,367,2783,-,Female,-,106,Apr,22.04.28,Easy
1045,-,12,11,22.08.10,2,Female,0,22.07.19,Holstein,6345,1,106,-,20.06.25,2.1,25.6,778,12,Bred,1,22.07.14,35.3,221.5,1157,410,0,0,0,56,1020,1140,1157,410,0,0,0,0,Inseminate,-,0,22.07.14,-,359,10364,-,Male,-,106,Apr,22.04.28,-
1046,-,12,11,22.08.10,2,Female,0,22.08.04,Holstein,6675,1,106,-,20.06.25,2.1,25.6,778,12,Bred,1,22.08.04,38.4,220.6,1190,398,0,0,0,71,946,1149,1190,398,0,0,0,0,Inseminate,-,0,22.08.04,-,375,13066,-,Male,-,106,Apr,22.04.28,-
1047,-,12,11,22.08.10,2,Female,0,22.07.20,Holstein,4455,1,111,-,20.06.25,2.1,25.6,778,12,Bred,1,-,33.3,192.7,1054,356,0,0,0,176,881,1031,1054,356,0,0,0,0,Inseminate,-,0,-,-,365,13054,-,Male,-,111,Apr,22.04.23,Easy
1048,-,11,10,22.08.06,6,Female,0,-,Holstein,4475,1,76,-,20.06.25,2.1,25.6,778,11,Fresh,1,-,42.3,233,1211,425,0,0,0,0,50,1057,1211,425,0,0,0,0,Inseminate,-,0,-,-,-,13138,-,Male,-,76,May,22.05.28,Easy
1049,-,12,11,22.08.10,2,Female,0,22.07.19,Holstein,3613,1,107,-,20.06.26,2.1,25.5,777,12,Bred,1,-,33.2,203.4,1111,378,0,0,0,92,1142,1097,1111,378,0,0,0,0,Inseminate,-,0,-,-,360,13063,-,Male,-,107,Apr,22.04.27,-
1050,-,199,190,22.06.04,69,Female,0,-,Holstein,-,1,81,Yes,20.06.26,2.1,25.5,777,199,"Cull, Not Pregnant",1,-,-,-,0,0,0,0,0,0,0,0,0,0,0,0,0,0,Inseminate,-,0,-,-,-,2827,-,Female,-,81,May,22.05.23,Easy
1052,-,11,10,22.08.10,2,Female,0,-,Holstein,5623,1,58,-,20.06.28,2.1,25.5,775,11,Fresh,1,-,32.3,199.2,1011,366,0,0,0,0,0,372,1011,366,0,0,0,0,Inseminate,-,0,-,-,-,13179,-,Male,-,58,Jun,22.06.15,Easy
1053,-,12,11,22.08.10,2,Female,0,22.07.20,Holstein,3938,1,113,-,20.06.29,2.1,25.4,774,12,Bred,1,-,38.5,229.1,1197,413,0,0,0,252,1088,1157,1197,413,0,0,0,0,Inseminate,-,0,-,-,367,13048,-,Male,-,113,Apr,22.04.21,Easy
1054,-,11,10,22.08.06,6,Female,0,-,Holstein,1795,1,78,-,20.07.01,2.1,25.4,772,11,Fresh,1,-,40.6,237.1,1306,427,0,0,0,0,137,1072,1306,427,0,0,0,0,Inseminate,-,0,-,-,-,2829,-,Female,-,78,May,22.05.26,-
1055,-,12,11,22.08.10,2,Female,0,22.07.19,Holstein,7364,1,113,-,20.07.01,2.1,25.4,772,12,Open,1,-,35.5,222.6,1127,412,0,0,0,216,1053,1089,1127,412,0,0,0,0,Inseminate,-,0,-,-,366,2758,-,Female,-,113,Apr,22.04.21,Easy
1057,-,12,11,22.08.10,2,Female,0,22.07.20,Holstein,12197,1,111,-,20.07.02,2.1,25.3,771,12,Bred,1,-,38.2,219.2,1152,405,0,0,0,106,908,1150,1152,405,0,0,0,0,Inseminate,-,0,-,-,365,2767,-,Female,-,111,Apr,22.04.23,Easy
1058,-,12,11,22.08.10,2,Female,0,22.07.13,Holstein,3686,1,97,-,20.07.02,2.1,25.3,771,12,Bred,1,-,34.7,205,1090,383,0,0,0,0,687,1102,1090,383,0,0,0,0,Inseminate,-,0,-,-,344,2795,-,Female,-,97,May,22.05.07,Easy
1059,-,12,11,22.08.10,2,Female,0,22.08.01,Holstein,7017,1,104,-,20.07.04,2.1,25.3,769,12,Bred,1,-,31.1,185,958,340,0,0,0,3,921,989,958,340,0,0,0,0,Inseminate,-,0,-,-,370,2786,-,Female,-,104,Apr,22.04.30,-
1061,-,12,11,22.08.10,2,Female,0,22.07.20,Holstein,12975,1,107,-,20.07.04,2.1,25.3,769,12,Bred,1,-,33.9,197.4,1009,361,0,0,0,80,1047,1108,1009,361,0,0,0,0,Inseminate,-,0,-,-,361,2775,-,Female,-,107,Apr,22.04.27,-
1062,-,11,10,22.08.10,2,Female,0,-,Holstein,5100,1,52,-,20.07.05,2.1,25.2,768,11,Fresh,1,-,34.8,213.4,1022,401,0,0,0,0,0,215,1022,401,0,0,0,0,Inseminate,-,0,-,-,-,2886,-,Female,-,52,Jun,22.06.21,Easy
1063,-,11,10,22.08.06,6,Female,0,-,Holstein,3087,1,76,-,20.07.06,2.1,25.2,767,11,Fresh,1,-,40.6,232.7,1232,429,0,0,0,0,58,1031,1232,429,0,0,0,0,Inseminate,-,0,-,-,-,13135,-,Male,-,76,May,22.05.28,Easy
1066,-,11,10,22.08.06,6,Female,0,22.07.27,Holstein,4026,1,81,-,20.07.06,2.1,25.2,767,11,Bred,1,-,35.9,216.6,1106,386,0,0,0,0,184,916,1106,386,0,0,0,0,Inseminate,-,0,-,-,342,2825,-,Female,-,81,May,22.05.23,-
1067,-,10,20,22.07.13,30,Female,0,-,Holstein,137,1,45,-,20.07.09,2.1,25.1,764,10,Fresh,1,-,42.1,250.6,1185,446,0,0,0,0,0,54,1185,446,0,0,0,0,Inseminate,-,0,-,-,-,2904,-,Female,-,45,Jun,22.06.28,Easy
1068,-,12,11,22.08.10,2,Female,0,22.07.20,Holstein,1401,1,111,-,20.07.09,2.1,25.1,764,12,Bred,1,-,33.4,197.4,998,363,0,0,0,155,938,999,998,363,0,0,0,0,Inseminate,-,0,-,-,365,2768,-,Female,-,111,Apr,22.04.23,Easy
1070,-,12,11,22.08.10,2,Female,0,22.07.25,Holstein,3278,1,111,-,20.07.10,2.1,25.1,763,12,Bred,1,-,36.3,211.4,1091,370,0,0,0,153,933,996,1091,370,0,0,0,0,Inseminate,-,0,-,-,370,2763,-,Female,-,111,Apr,22.04.23,Easy
1071,-,12,11,22.08.10,2,Female,0,22.07.23,Holstein,1542,1,109,-,20.07.11,2.1,25,762,12,Bred,1,-,34.4,176.9,1063,342,0,0,0,121,1029,1156,1063,342,0,0,0,0,Inseminate,-,0,-,-,366,2769,-,Female,-,109,Apr,22.04.25,-
1072,-,12,11,22.08.10,2,Female,0,22.07.20,Holstein,6231,1,113,-,20.07.11,2.1,25,762,12,Bred,1,-,37.3,217.3,1177,408,0,0,0,167,1013,1141,1177,408,0,0,0,0,Inseminate,-,0,-,-,367,13051,-,Male,-,113,Apr,22.04.21,Easy
1073,-,12,11,22.08.10,2,Female,0,22.07.22,Holstein,3827,1,103,-,20.07.11,2.1,25,762,12,Bred,1,-,31.6,184.1,994,344,0,0,0,4,750,926,994,344,0,0,0,0,Inseminate,-,0,-,-,359,13074,-,Male,-,103,May,22.05.01,-
1074,-,12,11,22.08.10,2,Female,0,22.07.01,Holstein,1328,1,113,-,20.07.11,2.1,25,762,12,Pregnant (1st Preg Check),3,22.08.06,33.2,184.3,979,350,0,0,0,168,831,904,979,350,0,0,0,0,2nd Pregn. Check,-,1,22.08.06,-,348,2757,-,Female,-,113,Apr,22.04.21,-
1075,-,11,10,22.07.13,30,Female,0,22.07.23,Holstein,7202,1,85,-,20.07.12,2.1,25,761,11,Bred,1,-,35.9,208.3,1069,379,0,0,0,0,303,984,1069,379,0,0,0,0,Inseminate,-,0,-,-,342,13115,-,Male,-,85,May,22.05.19,Easy
1076,-,110,111,22.07.21,22,Female,116,22.04.18,Holstein,-,0,-,-,20.07.12,2.1,25,761,110,Pregnant,5,22.07.16,-,-,0,0,0,0,0,0,0,0,0,0,0,0,0,0,Conf. Step  Up,Yes,2,22.07.16,-,-,-,-,-,-,0,-,-,-
1077,-,12,11,22.08.10,2,Female,0,22.08.10,Holstein,3077,1,106,-,20.07.12,2.1,25,761,12,Bred,1,22.08.10,34.8,203.4,1061,381,0,0,0,34,861,998,1061,381,0,0,0,0,Inseminate,-,0,22.08.10,-,381,13065,-,Male,-,106,Apr,22.04.28,-
1078,-,11,10,22.07.13,30,Female,0,22.08.03,Holstein,1610,1,89,-,20.07.12,2.1,25,761,11,Bred,1,22.01.01,35.1,199.7,1109,363,0,0,0,0,472,1150,1109,363,0,0,0,0,Inseminate,-,0,22.01.01,-,357,13105,-,Male,-,89,May,22.05.15,-
1079,-,11,10,22.07.13,30,Female,0,22.07.22,Holstein,2765,1,96,-,20.07.12,2.1,25,761,11,Bred,1,-,39.7,236.7,1250,442,0,0,0,0,788,1169,1250,442,0,0,0,0,Inseminate,-,0,-,-,352,13095,-,Male,-,96,May,22.05.08,Hard
1080,-,12,11,22.08.06,6,Female,0,22.07.13,Holstein,7386,1,116,-,20.07.12,2.1,25,761,12,Bred,1,-,28.3,163.1,802,281,0,0,0,326,855,1028,802,281,0,0,0,0,Inseminate,-,0,-,-,363,2744,-,Female,-,116,Apr,22.04.18,-
1081,-,12,11,22.08.10,2,Female,0,22.07.18,Holstein,3396,1,107,-,20.07.13,2.1,25,760,12,Bred,1,-,38.2,220.2,1160,406,0,0,0,69,1067,1167,1160,406,0,0,0,0,Inseminate,-,0,-,-,359,2777,-,Female,-,107,Apr,22.04.27,-
1083,-,11,10,22.08.06,6,Female,0,-,Holstein,700,1,69,-,20.07.13,2.1,25,760,11,Fresh,1,-,25.3,148.6,766,268,0,0,0,0,0,518,766,268,0,0,0,0,Inseminate,-,0,-,-,-,2844,-,Female,-,69,Jun,22.06.04,Easy
1084,-,11,10,22.08.06,6,Female,0,-,Holstein,2518,1,67,-,20.07.13,2.1,25,760,11,Fresh,1,-,31.4,183.1,901,337,0,0,0,0,0,595,901,337,0,0,0,0,Inseminate,-,0,-,-,-,2850,-,Female,-,67,Jun,22.06.06,Easy
1085,-,11,10,22.07.13,30,Female,0,22.07.31,Holstein,5195,1,85,-,20.07.14,2.1,24.9,759,11,Bred,1,-,31.4,193.8,930,350,0,0,0,0,245,826,930,350,0,0,0,0,Inseminate,-,0,-,-,350,2818,-,Female,-,85,May,22.05.19,Easy
1086,-,11,10,22.08.10,2,Female,0,-,Holstein,4060,1,61,-,20.07.14,2.1,24.9,759,11,Fresh,1,-,37.4,217,1005,390,0,0,0,0,0,439,1005,390,0,0,0,0,Inseminate,-,0,-,-,-,13169,-,Male,-,61,Jun,22.06.12,Hard
1087,-,11,10,22.07.13,30,Female,0,22.08.10,Holstein,3762,1,86,-,20.07.14,2.1,24.9,759,11,Bred,1,-,32.8,194.6,1071,361,0,0,0,0,337,940,1071,361,0,0,0,0,Inseminate,-,0,-,-,361,13111,-,Male,-,86,May,22.05.18,-
1088,-,11,10,22.08.06,6,Female,0,22.08.03,Holstein,3654,1,69,-,20.07.15,2.1,24.9,758,11,Bred,1,-,41.3,246.6,1235,444,0,0,0,0,0,878,1235,444,0,0,0,0,Inseminate,-,0,-,-,337,-,-,-,-,69,Jun,22.06.04,-
1089,-,11,10,22.08.06,6,Female,0,-,Holstein,1726,1,68,-,20.07.15,2.1,24.9,758,11,Fresh,1,-,41.7,239,1318,431,0,0,0,0,0,856,1318,431,0,0,0,0,Inseminate,-,0,-,-,-,2847,-,Female,-,68,Jun,22.06.05,Hard
1090,-,11,10,22.08.06,6,Female,0,22.08.10,Holstein,4124,1,82,-,20.07.16,2.1,24.9,757,11,Bred,1,-,39.8,241.3,1216,446,0,0,0,0,240,1125,1216,446,0,0,0,0,Inseminate,-,0,-,-,357,13118,-,Male,-,82,May,22.05.22,Easy
1091,-,11,10,22.08.06,6,Female,0,22.08.10,Holstein,4127,1,82,-,20.07.18,2.1,24.8,755,11,Bred,1,-,36.6,212.3,1176,399,0,0,0,0,221,1081,1176,399,0,0,0,0,Inseminate,-,0,-,-,357,13119,-,Male,-,82,May,22.05.22,Easy
1094,-,11,10,22.08.10,2,Female,0,-,Holstein,385,1,55,-,20.07.19,2.1,24.8,754,11,Fresh,1,-,34.5,204.1,1005,374,0,0,0,0,0,281,1005,374,0,0,0,0,Inseminate,-,0,-,-,-,13202,-,Male,-,55,Jun,22.06.18,Easy
1096,-,11,10,22.08.10,2,Female,0,22.07.27,Holstein,5721,1,64,-,20.07.20,2.1,24.7,753,11,Bred,1,-,36.3,213.7,1040,397,0,0,0,0,0,525,1040,397,0,0,0,0,Inseminate,-,0,-,-,325,13164,-,Male,-,64,Jun,22.06.09,Easy
1097,-,110,111,22.07.21,22,Female,120,22.04.14,Holstein,-,0,-,-,20.07.20,2.1,24.7,753,110,Pregnant,5,22.07.16,-,-,0,0,0,0,0,0,0,0,0,0,0,0,0,0,Conf. Step  Up,Yes,2,22.07.16,-,-,-,-,-,-,0,-,-,-
1098,-,11,10,22.08.06,6,Female,0,-,Holstein,642,1,67,-,20.07.20,2.1,24.7,753,11,Fresh,1,-,36.1,226.4,1191,415,0,0,0,0,0,688,1191,415,0,0,0,0,Inseminate,-,0,-,-,-,2851,-,Female,-,67,Jun,22.06.06,Easy
1099,-,11,10,22.08.10,2,Female,0,22.08.11,Holstein,3335,1,64,-,20.07.21,2.1,24.7,752,11,Bred,1,-,42.7,262.7,1316,480,0,0,0,0,0,731,1316,480,0,0,0,0,Inseminate,-,0,-,-,340,13162,-,Male,-,64,Jun,22.06.09,Easy
1100,-,11,10,22.08.10,2,Female,0,-,Holstein,9014,1,60,-,20.07.22,2.1,24.7,751,11,Fresh,1,-,27.9,168.1,864,301,0,0,0,0,0,387,864,301,0,0,0,0,Inseminate,-,0,-,-,-,2868,-,Female,-,60,Jun,22.06.13,Easy
1101,-,11,10,22.08.06,6,Female,0,-,Holstein,4579,1,71,-,20.07.23,2.1,24.6,750,11,Fresh,1,-,42,255.2,1270,475,0,0,0,0,0,982,1270,475,0,0,0,0,Inseminate,-,0,-,-,-,2841,-,Female,-,71,Jun,22.06.02,Easy
1102,-,11,10,22.07.13,30,Female,0,22.07.23,Holstein,6550,1,85,-,20.07.24,2.1,24.6,749,11,Bred,1,-,34.3,216.7,1214,402,0,0,0,0,332,1137,1214,402,0,0,0,0,Inseminate,-,0,-,-,342,13113,-,Male,-,85,May,22.05.19,Easy
1103,-,85,110,22.07.16,27,Female,255,21.11.30,Holstein,-,0,-,-,20.07.24,2.1,24.6,749,85,Pregnant,5,22.02.21,-,-,0,0,0,0,0,0,0,0,0,0,0,0,0,0,Conf. Step  Up,Yes,2,22.02.21,-,-,-,-,-,-,0,-,-,-
1104,-,11,10,22.08.10,2,Female,0,-,Holstein,6739,1,62,-,20.07.24,2.1,24.6,749,11,Fresh,1,-,37.9,234.7,1094,411,0,0,0,0,0,484,1094,411,0,0,0,0,Inseminate,-,0,-,-,-,2860,-,Female,-,62,Jun,22.06.11,Easy
1105,-,11,10,22.08.06,6,Female,0,-,Holstein,8246,1,79,-,20.07.24,2.1,24.6,749,11,Fresh,1,-,38.1,225.8,1260,414,0,0,0,0,168,1230,1260,414,0,0,0,0,Inseminate,-,0,-,-,-,13130,-,Male,-,79,May,22.05.25,-
1106,-,85,110,22.08.08,4,Female,236,21.12.19,Holstein,-,0,-,-,20.07.24,2.1,24.6,749,85,Pregnant,5,22.03.15,-,-,0,0,0,0,0,0,0,0,0,0,0,0,0,0,Conf. Step  Up,Yes,2,22.03.15,-,-,-,-,-,-,0,-,-,-
1108,-,199,190,22.06.04,69,Female,0,21.09.16,Holstein,-,0,-,Yes,20.07.26,2,24.5,747,199,"Cull, Not Pregnant",1,21.12.11,-,-,0,0,0,0,0,0,0,0,0,0,0,0,0,0,Inseminate,-,0,21.12.11,22.05.01,-,-,-,-,-,0,-,-,-
1109,-,11,10,22.08.06,6,Female,0,-,Holstein,7121,1,69,-,20.07.27,2,24.5,746,11,Fresh,1,-,27,173.7,964,332,0,0,0,0,0,665,964,332,0,0,0,0,Inseminate,-,0,-,-,-,13184,-,Male,-,69,Jun,22.06.04,Hard
1110,-,199,190,22.07.02,41,Female,0,-,Holstein,-,1,64,Yes,20.07.27,2,24.5,746,199,"Cull, Not Pregnant",1,-,-,-,0,0,0,0,0,0,0,0,0,0,0,0,0,0,Inseminate,-,0,-,-,-,2854,-,Female,-,64,Jun,22.06.09,Easy
1111,-,11,10,22.08.10,2,Female,0,-,Holstein,2496,1,57,-,20.07.27,2,24.5,746,11,Fresh,1,-,40.4,240,1153,436,0,0,0,0,0,400,1153,436,0,0,0,0,Inseminate,-,0,-,-,-,2874,-,Female,-,57,Jun,22.06.16,Easy
1112,-,10,20,22.07.13,30,Female,0,-,Holstein,4044,1,41,-,20.07.28,2,24.5,745,10,Fresh,1,-,34.6,192.6,758,354,0,0,0,0,0,0,758,354,0,0,0,0,Inseminate,-,0,-,-,-,13240,-,Male,-,41,Jul,22.07.02,Easy
1113,-,90,91,22.07.21,22,Female,0,22.06.17,Holstein,-,0,-,-,20.07.28,2,24.5,745,90,Pregnant (1st Preg Check),3,22.07.30,-,-,0,0,0,0,0,0,0,0,0,0,0,0,0,0,2nd Pregn. Check,-,1,22.07.30,-,-,-,-,-,-,0,-,-,-
1114,-,85,20,22.07.17,26,Female,266,21.11.19,Holstein,7449,0,-,-,20.07.30,2,24.4,743,85,Pregnant,5,22.07.17,-,-,0,0,0,0,0,0,0,0,0,0,0,0,0,0,Conf. Step  Up,Yes,2,22.07.17,-,-,-,-,-,-,0,-,-,-
1118,-,11,10,22.07.13,30,Female,0,-,Holstein,4615,1,88,-,20.08.01,2,24.3,741,11,Fresh,1,-,34.8,234,1266,434,0,0,0,0,495,1198,1266,434,0,0,0,0,Inseminate,-,0,-,-,-,2808,-,Female,-,88,May,22.05.16,Easy
1119,-,11,10,22.08.06,6,Female,0,-,Holstein,2210,1,81,-,20.08.01,2,24.3,741,11,Fresh,1,-,39.9,236.6,1284,436,0,0,0,0,230,1246,1284,436,0,0,0,0,Inseminate,-,0,-,-,-,13126,-,Male,-,81,May,22.05.23,Easy
1121,-,11,10,22.07.13,30,Female,0,22.08.10,Holstein,8159,1,86,-,20.08.01,2,24.3,741,11,Bred,1,22.01.01,28.7,175.8,912,318,0,0,0,0,237,805,912,318,0,0,0,0,Inseminate,-,0,22.01.01,-,361,2815,-,Female,-,86,May,22.05.18,Easy
1122,-,11,10,22.07.13,30,Female,0,22.07.13,Holstein,1310,1,93,-,20.08.01,2,24.3,741,11,Bred,1,-,39.5,233.4,1259,426,0,0,0,0,631,1215,1259,426,0,0,0,0,Inseminate,-,0,-,-,340,13099,-,Male,-,93,May,22.05.11,Easy
1123,-,10,20,22.08.06,6,Female,0,-,Holstein,8056,1,26,-,20.08.01,2,24.3,741,10,Fresh,0,-,33,199.3,416,364,0,0,0,0,0,0,416,364,0,0,0,0,Report Heat,-,0,-,-,-,13284,-,Male,-,26,Jul,22.07.17,-
1124,-,10,20,22.07.13,30,Female,0,-,Holstein,4340,1,47,-,20.08.02,2,24.3,740,10,Fresh,1,-,31,187.8,871,347,0,0,0,0,0,110,871,347,0,0,0,0,Inseminate,-,0,-,-,-,2897,-,Female,-,47,Jun,22.06.26,-
1125,-,10,20,22.08.10,2,Female,0,-,Holstein,6514,1,3,-,20.08.02,2,24.3,740,10,Fresh,0,-,13.4,18.3,0,18,0,0,0,0,0,0,0,18,0,0,0,0,Report Heat,-,0,-,-,-,13391,-,Male,-,3,Aug,22.08.09,Hard
1126,-,85,110,22.08.08,4,Female,240,21.12.15,Holstein,-,0,-,-,20.08.02,2,24.3,740,85,Pregnant,5,22.03.15,-,-,0,0,0,0,0,0,0,0,0,0,0,0,0,0,Conf. Step  Up,Yes,2,22.03.15,-,-,-,-,-,-,0,-,-,-
1127,-,11,10,22.08.06,6,Female,0,22.07.25,Holstein,12515,1,81,-,20.08.03,2,24.3,739,11,Bred,1,-,32.3,200.7,1143,388,0,0,0,0,200,991,1143,388,0,0,0,0,Inseminate,-,0,-,-,340,13122,-,Male,-,81,May,22.05.23,-
1128,-,85,110,22.07.02,41,Female,272,21.11.13,Holstein,1458,0,-,-,20.08.03,2,24.3,739,85,Pregnant,5,22.02.07,-,-,0,0,0,0,0,0,0,0,0,0,0,0,0,0,Conf. Step  Up,Yes,2,22.02.07,-,-,-,-,-,-,0,-,-,-
1129,-,11,10,22.08.06,6,Female,0,-,Holstein,3340,1,79,-,20.08.03,2,24.3,739,11,Fresh,1,-,30.8,171.2,822,306,0,0,0,0,96,433,822,306,0,0,0,0,Inseminate,-,0,-,-,-,13131,-,Male,-,79,May,22.05.25,-
1130,-,10,20,22.07.13,30,Female,0,-,Holstein,4325,1,45,-,20.08.03,2,24.3,739,10,Fresh,1,-,33.5,187.2,810,328,0,0,0,0,0,40,810,328,0,0,0,0,Inseminate,-,0,-,-,-,13228,-,Male,-,45,Jun,22.06.28,Easy
1131,-,11,10,22.08.10,2,Female,0,-,Holstein,3947,1,55,-,20.08.03,2,24.3,739,11,Fresh,1,-,30.8,186.3,954,342,0,0,0,0,0,292,954,342,0,0,0,0,Inseminate,-,0,-,-,-,2876,-,Female,-,55,Jun,22.06.18,-
1132,-,11,10,22.08.06,6,Female,0,22.07.13,Holstein,3673,1,81,-,20.08.05,2,24.2,737,11,Bred,1,-,32.9,202.1,1129,383,0,0,0,0,211,1015,1129,383,0,0,0,0,Inseminate,-,0,-,-,328,13121,-,Male,-,81,May,22.05.23,-
1133,-,110,111,22.07.21,22,Female,164,22.03.01,Holstein,-,0,-,-,20.08.05,2,24.2,737,110,Pregnant,5,22.05.30,-,-,0,0,0,0,0,0,0,0,0,0,0,0,0,0,Conf. Step  Up,Yes,2,22.05.30,-,-,-,-,-,-,0,-,-,-
1134,-,11,10,22.08.06,6,Female,0,22.08.10,Holstein,6081,1,83,-,20.08.05,2,24.2,737,11,Bred,1,-,31,182,1008,342,0,0,0,0,282,1007,1008,342,0,0,0,0,Inseminate,-,0,-,-,358,2821,-,Female,-,83,May,22.05.21,-
1135,-,11,10,22.08.06,6,Female,0,22.08.10,Holstein,3512,1,83,-,20.08.06,2,24.2,736,11,Bred,1,-,40.3,243.3,1260,442,0,0,0,0,286,1118,1260,442,0,0,0,0,Inseminate,-,0,-,-,358,2823,-,Female,-,83,May,22.05.21,-
1136,-,11,10,22.08.10,2,Female,0,-,Holstein,6076,1,59,-,20.08.06,2,24.2,736,11,Fresh,1,-,33.1,203.8,1069,371,0,0,0,0,0,463,1069,371,0,0,0,0,Inseminate,-,0,-,-,-,2871,-,Female,-,59,Jun,22.06.14,Easy
1137,-,11,10,22.08.06,6,Female,0,-,Holstein,418,1,66,-,20.08.06,2,24.2,736,11,Fresh,1,-,41.3,237,1185,441,0,0,0,0,0,678,1185,441,0,0,0,0,Inseminate,-,0,-,-,-,13156,-,Male,-,66,Jun,22.06.07,Easy
1138,-,11,10,22.07.13,30,Female,0,22.07.23,Holstein,353,1,85,-,20.08.06,2,24.2,736,11,Bred,1,-,24.6,145.4,720,267,0,0,0,0,185,694,720,267,0,0,0,0,Inseminate,-,0,-,-,342,2819,-,Female,-,85,May,22.05.19,Easy
1139,-,11,10,22.07.13,30,Female,0,22.07.06,Holstein,470,1,86,-,20.08.07,2,24.1,735,11,Bred,2,-,30,173.9,967,333,0,0,0,0,294,891,967,333,0,0,0,0,Pregn. Check,-,0,-,-,326,-,-,-,-,86,May,22.05.18,Easy
1140,-,85,110,22.07.16,27,Female,254,21.12.01,Holstein,-,0,-,-,20.08.08,2,24.1,734,85,Pregnant,5,22.02.21,-,-,0,0,0,0,0,0,0,0,0,0,0,0,0,0,Conf. Step  Up,Yes,2,22.02.21,-,-,-,-,-,-,0,-,-,-
1141,-,11,10,22.08.10,2,Female,0,-,Holstein,4262,1,69,-,20.08.09,2,24.1,733,11,Fresh,1,-,29.8,184.8,871,338,0,0,0,0,0,646,871,338,0,0,0,0,Inseminate,-,0,-,-,-,2842,-,Female,-,69,Jun,22.06.04,-
1142,-,11,10,22.08.10,2,Female,0,-,Holstein,5317,1,53,-,20.08.09,2,24.1,733,11,Fresh,1,-,37.4,213.1,1024,389,0,0,0,0,0,263,1024,389,0,0,0,0,Inseminate,-,0,-,-,-,2884,-,Female,-,53,Jun,22.06.20,-
1143,-,11,10,22.08.10,2,Female,0,-,Holstein,2222,1,55,-,20.08.09,2,24.1,733,11,Fresh,1,-,31.5,181.5,897,333,0,0,0,0,0,292,897,333,0,0,0,0,Inseminate,-,0,-,-,-,-,-,-,-,55,Jun,22.06.18,-
1144,-,10,20,22.08.06,6,Female,0,-,Holstein,6318,1,28,-,20.08.09,2,24.1,733,10,Fresh,0,-,31.8,186.6,431,335,0,0,0,0,0,0,431,335,0,0,0,0,Report Heat,-,0,-,-,-,-,-,-,-,28,Jul,22.07.15,-
1145,-,85,110,22.07.16,27,Female,247,21.12.08,Holstein,-,0,-,-,20.08.12,2,24,730,85,Pregnant,5,22.02.28,-,-,0,0,0,0,0,0,0,0,0,0,0,0,0,0,Conf. Step  Up,Yes,2,22.02.28,-,-,-,-,-,-,0,-,-,-
1146,-,10,20,22.07.30,13,Female,0,-,Holstein,2555,1,38,-,20.08.12,2,24,730,10,Fresh,0,-,36.9,213.7,824,395,0,0,0,0,0,0,824,395,0,0,0,0,Report Heat,-,0,-,-,-,13332,-,Male,-,38,Jul,22.07.05,-
1147,-,10,20,22.07.30,13,Female,0,-,Holstein,10398,1,33,-,20.08.13,2,24,729,10,Fresh,0,-,29.7,175.7,554,324,0,0,0,0,0,0,554,324,0,0,0,0,Report Heat,-,0,-,-,-,-,-,-,-,33,Jul,22.07.10,Easy
1148,-,110,111,22.07.21,22,Female,148,22.03.17,Holstein,-,0,-,-,20.08.13,2,24,729,110,Pregnant,5,22.06.20,-,-,0,0,0,0,0,0,0,0,0,0,0,0,0,0,Conf. Step  Up,Yes,2,22.06.20,22.03.17,-,-,-,-,-,0,-,-,-
1150,-,10,20,22.07.13,30,Female,0,-,Holstein,4543,1,45,-,20.08.13,2,24,729,10,Fresh,1,-,40.7,242.6,1099,448,0,0,0,0,0,72,1099,448,0,0,0,0,Inseminate,-,0,-,-,-,13227,-,Male,-,45,Jun,22.06.28,Easy
1151,-,10,20,22.08.06,6,Female,0,-,Holstein,5179,1,29,-,20.08.13,2,24,729,10,Fresh,0,-,34.3,192.7,411,333,0,0,0,0,0,0,411,333,0,0,0,0,Report Heat,-,0,-,-,-,2946,-,Female,-,29,Jul,22.07.14,Hard
1153,-,11,10,22.07.13,30,Female,0,22.07.20,Holstein,173,1,85,-,20.08.13,2,24,729,11,Bred,1,-,30.6,188.7,948,348,0,0,0,0,270,910,948,348,0,0,0,0,Inseminate,-,0,-,-,339,13114,-,Male,-,85,May,22.05.19,Hard
1154,-,11,10,22.08.06,6,Female,0,-,Holstein,7798,1,79,-,20.08.15,2,23.9,727,11,Fresh,1,-,35,218.2,1139,409,0,0,0,0,169,1032,1139,409,0,0,0,0,Inseminate,-,0,-,-,-,2828,-,Female,-,79,May,22.05.25,-
1156,-,11,10,22.08.06,6,Female,0,22.07.25,Holstein,9674,1,69,-,20.08.15,2,23.9,727,11,Bred,1,-,37.3,221.4,1209,420,0,0,0,0,0,863,1209,420,0,0,0,0,Inseminate,-,0,-,-,328,2845,-,Female,-,69,Jun,22.06.04,Easy
1157,-,85,110,22.07.02,41,Female,268,21.11.17,Holstein,5351,0,-,-,20.08.15,2,23.9,727,85,Pregnant,5,22.02.07,-,-,0,0,0,0,0,0,0,0,0,0,0,0,0,0,Conf. Step  Up,Yes,2,22.02.07,-,-,-,-,-,-,0,-,-,-
1158,-,10,20,22.07.30,13,Female,0,-,Holstein,7554,1,36,-,20.08.15,2,23.9,727,10,Fresh,0,-,34.9,195.5,638,343,0,0,0,0,0,0,638,343,0,0,0,0,Report Heat,-,0,-,-,-,2925,-,Female,-,36,Jul,22.07.07,Easy
1159,-,10,20,22.07.30,13,Female,0,-,Holstein,3845,1,36,-,20.08.17,2,23.8,725,10,Fresh,0,-,36.7,217.4,763,397,0,0,0,0,0,0,763,397,0,0,0,0,Report Heat,-,0,-,-,-,13250,-,Male,-,36,Jul,22.07.07,-
1160,-,11,10,22.08.10,2,Female,0,22.08.11,Holstein,1836,1,62,-,20.08.18,2,23.8,724,11,Bred,1,-,37.9,230.6,1148,425,0,0,0,0,0,569,1148,425,0,0,0,0,Inseminate,-,0,-,-,338,2856,-,Female,-,62,Jun,22.06.11,-
1161,-,85,110,22.08.08,4,Female,233,21.12.22,Holstein,-,0,-,-,20.08.19,2,23.8,723,85,Pregnant,5,22.03.15,-,-,0,0,0,0,0,0,0,0,0,0,0,0,0,0,Conf. Step  Up,Yes,2,22.03.15,-,-,-,-,-,-,0,-,-,-
1162,-,110,111,22.07.21,22,Female,206,22.01.18,Holstein,-,0,-,-,20.08.19,2,23.8,723,110,Pregnant,5,22.04.18,-,-,0,0,0,0,0,0,0,0,0,0,0,0,0,0,Conf. Step  Up,Yes,2,22.04.18,-,-,-,-,-,-,0,-,-,-
1163,-,10,20,22.08.10,2,Female,0,-,Holstein,2775,1,8,-,20.08.19,2,23.8,723,10,Fresh,0,-,27.8,143.1,0,157,0,0,0,0,0,0,0,157,0,0,0,0,Report Heat,-,0,-,-,-,13354,-,Male,-,8,Aug,22.08.04,Hard
1164,-,11,10,22.08.10,2,Female,0,-,Holstein,9460,1,50,-,20.08.19,2,23.8,723,11,Fresh,1,-,37.7,226.2,1062,425,0,0,0,0,0,161,1062,425,0,0,0,0,Inseminate,-,0,-,-,-,13221,-,Male,-,50,Jun,22.06.23,Easy
1165,-,10,20,22.08.10,2,Female,0,-,Holstein,7887,1,3,-,20.08.20,2,23.7,722,10,Fresh,0,-,22.7,45.7,0,46,0,0,0,0,0,0,0,46,0,0,0,0,Report Heat,-,0,-,-,-,13381,-,Male,-,3,Aug,22.08.09,-
1166,-,11,10,22.08.10,2,Female,0,-,Holstein,2514,1,58,-,20.08.20,2,23.7,722,11,Fresh,1,-,21,137.8,763,259,0,0,0,0,0,277,763,259,0,0,0,0,Inseminate,-,0,-,-,-,2872,-,Female,-,58,Jun,22.06.15,Easy
1167,-,10,20,22.08.06,6,Female,0,-,Holstein,6801,1,31,-,20.08.20,2,23.7,722,10,Fresh,0,-,34.8,204.9,550,370,0,0,0,0,0,0,550,370,0,0,0,0,Report Heat,-,0,-,-,-,2937,-,Female,-,31,Jul,22.07.12,Easy
1168,-,11,10,22.08.10,2,Female,0,-,Holstein,1813,1,53,-,20.08.20,2,23.7,722,11,Fresh,1,-,34,202.4,972,365,0,0,0,0,0,246,972,365,0,0,0,0,Inseminate,-,0,-,-,-,2885,-,Female,-,53,Jun,22.06.20,-
1169,-,85,110,22.07.02,41,Female,271,21.11.14,Holstein,4494,0,-,-,20.08.21,2,23.7,721,85,Pregnant,5,22.02.07,-,-,0,0,0,0,0,0,0,0,0,0,0,0,0,0,Conf. Step  Up,Yes,2,22.02.07,-,-,-,-,-,-,0,-,-,-
1170,-,10,20,22.07.13,30,Female,0,-,Holstein,4379,1,43,-,20.08.21,2,23.7,721,10,Fresh,1,-,35,210,912,377,0,0,0,0,0,0,912,377,0,0,0,0,Inseminate,-,0,-,-,-,2909,-,Female,-,43,Jun,22.06.30,Easy
1171,-,110,111,22.07.21,22,Female,190,22.02.03,Holstein,-,0,-,-,20.08.21,2,23.7,721,110,Pregnant,5,22.05.02,-,-,0,0,0,0,0,0,0,0,0,0,0,0,0,0,Conf. Step  Up,Yes,2,22.05.02,-,-,-,-,-,-,0,-,-,-
1176,-,10,20,22.07.13,30,Female,0,-,Holstein,5908,1,43,-,20.08.22,2,23.7,720,10,Fresh,1,-,31.7,186,743,339,0,0,0,0,0,0,743,339,0,0,0,0,Inseminate,-,0,-,-,-,13235,-,Male,-,43,Jun,22.06.30,Easy
1178,-,10,20,22.08.06,6,Female,0,-,Holstein,3377,1,16,-,20.08.23,2,23.6,719,10,Fresh,0,-,32.3,182.8,98,321,0,0,0,0,0,0,98,321,0,0,0,0,Report Heat,-,0,-,-,-,2975,-,Female,-,16,Jul,22.07.27,-
1179,-,11,10,22.08.10,2,Female,0,-,Holstein,387,1,50,-,20.08.23,2,23.6,719,11,Fresh,1,-,25.6,166.1,673,294,0,0,0,0,0,57,673,294,0,0,0,0,Inseminate,-,0,-,-,-,2891,-,Female,-,50,Jun,22.06.23,-
1180,-,11,10,22.08.10,2,Female,0,22.08.10,Holstein,4982,1,59,-,20.08.23,2,23.6,719,11,Bred,1,-,40.1,243.1,1202,450,0,0,0,0,0,488,1202,450,0,0,0,0,Inseminate,-,0,-,-,334,13178,-,Male,-,59,Jun,22.06.14,Easy
1181,-,11,10,22.08.10,2,Female,0,-,Holstein,5545,1,58,-,20.08.23,2,23.6,719,11,Fresh,1,-,27.5,155.1,699,279,0,0,0,0,0,204,699,279,0,0,0,0,Inseminate,-,0,-,-,-,13180,-,Male,-,58,Jun,22.06.15,Hard
1182,-,190,40,22.08.11,1,Female,0,-,Holstein,7866,1,5,Yes,20.08.23,2,23.6,719,190,"Cull, Not Pregnant",0,-,-,-,0,0,0,0,0,0,0,0,0,0,0,0,0,0,Report Heat,-,0,-,-,-,13366,-,Male,-,5,Aug,22.08.07,-
1183,-,85,110,22.07.16,27,Female,247,21.12.08,Holstein,-,0,-,-,20.08.24,2,23.6,718,85,Pregnant,5,22.02.28,-,-,0,0,0,0,0,0,0,0,0,0,0,0,0,0,Conf. Step  Up,Yes,2,22.02.28,-,-,-,-,-,-,0,-,-,-
1184,-,10,20,22.08.06,6,Female,0,-,Holstein,9502,1,30,-,20.08.24,2,23.6,718,10,Fresh,0,-,30.4,184.4,460,341,0,0,0,0,0,0,460,341,0,0,0,0,Report Heat,-,0,-,-,-,2942,-,Female,-,30,Jul,22.07.13,-
1185,-,11,10,22.08.10,2,Female,0,-,Holstein,8116,1,59,-,20.08.24,2,23.6,718,11,Fresh,1,-,38.5,227.8,1066,414,0,0,0,0,0,401,1066,414,0,0,0,0,Inseminate,-,0,-,-,-,13187,-,Male,-,59,Jun,22.06.14,Hard
1186,-,85,110,22.07.10,33,Female,263,21.11.22,Holstein,5792,0,-,-,20.08.24,2,23.6,718,85,Pregnant,5,22.02.21,-,-,0,0,0,0,0,0,0,0,0,0,0,0,0,0,Conf. Step  Up,Yes,2,22.02.21,-,-,-,-,-,-,0,-,-,-
1188,-,199,190,22.06.04,69,Female,0,21.10.06,Holstein,-,0,-,Yes,20.08.24,2,23.6,718,199,"Cull, Not Pregnant",1,22.05.15,-,-,0,0,0,0,0,0,0,0,0,0,0,0,0,0,Inseminate,-,0,22.05.15,-,-,-,-,-,-,0,-,-,-
1189,-,10,20,22.07.13,30,Female,0,-,Holstein,318,1,44,-,20.08.24,2,23.6,718,10,Fresh,1,-,35.2,202.9,860,357,0,0,0,0,0,20,860,357,0,0,0,0,Inseminate,-,0,-,-,-,13229,-,Male,-,44,Jun,22.06.29,-
1190,-,85,110,22.08.08,4,Female,225,21.12.30,Holstein,-,0,-,-,20.08.25,2,23.6,717,85,Pregnant,5,22.03.21,-,-,0,0,0,0,0,0,0,0,0,0,0,0,0,0,Conf. Step  Up,Yes,2,22.03.21,-,-,-,-,-,-,0,-,-,-
1192,-,85,110,22.07.16,27,Female,258,21.11.27,Holstein,-,0,-,-,20.08.25,2,23.6,717,85,Pregnant,5,22.02.21,-,-,0,0,0,0,0,0,0,0,0,0,0,0,0,0,Conf. Step  Up,Yes,2,22.02.21,-,-,-,-,-,-,0,-,-,-
1194,-,10,20,22.07.13,30,Female,0,-,Holstein,12646,1,44,-,20.08.27,2,23.5,715,10,Fresh,1,-,35.8,218.8,932,387,0,0,0,0,0,14,932,387,0,0,0,0,Inseminate,-,0,-,-,-,2907,-,Female,-,44,Jun,22.06.29,Easy
1195,-,199,190,22.08.02,10,Female,0,22.05.13,Holstein,-,0,-,Yes,20.08.28,2,23.5,714,199,"Cull, Not Pregnant",1,22.04.17,-,-,0,0,0,0,0,0,0,0,0,0,0,0,0,0,Inseminate,-,0,22.04.17,-,-,-,-,-,-,0,-,-,-
1197,-,85,110,22.07.02,41,Female,267,21.11.18,Holstein,5446,0,-,-,20.08.30,1.9,23.4,712,85,Pregnant,5,22.02.07,-,-,0,0,0,0,0,0,0,0,0,0,0,0,0,0,Conf. Step  Up,Yes,2,22.02.07,-,-,-,-,-,-,0,-,-,-
1198,-,10,20,22.07.30,13,Female,0,-,Holstein,7559,1,40,-,20.08.31,1.9,23.4,711,10,Fresh,1,-,33.3,195.3,786,359,0,0,0,0,0,0,786,359,0,0,0,0,Inseminate,-,0,-,-,-,13243,-,Male,-,40,Jul,22.07.03,Easy
1199,-,85,110,22.06.22,51,Female,278,21.11.07,Holstein,7472,0,-,-,20.08.31,1.9,23.4,711,85,Pregnant,5,22.02.07,-,-,0,0,0,0,0,0,0,0,0,0,0,0,0,0,Conf. Step  Up,Yes,2,22.02.07,-,-,-,-,-,-,0,-,-,-
1200,-,10,20,22.08.10,2,Female,0,-,Holstein,6494,1,4,-,20.08.31,1.9,23.4,711,10,Fresh,0,-,22.1,85.1,0,85,0,0,0,0,0,0,0,85,0,0,0,0,Report Heat,-,0,-,-,-,13371,-,Male,-,4,Aug,22.08.08,-
1201,-,10,20,22.07.30,13,Female,0,-,Holstein,4731,1,38,-,20.08.31,1.9,23.4,711,10,Fresh,0,-,36.6,212.4,702,376,0,0,0,0,0,0,702,376,0,0,0,0,Report Heat,-,0,-,-,-,2918,-,Female,-,38,Jul,22.07.05,Easy
1203,-,85,110,22.07.16,27,Female,247,21.12.08,Holstein,-,0,-,-,20.08.31,1.9,23.4,711,85,Pregnant,5,22.02.28,-,-,0,0,0,0,0,0,0,0,0,0,0,0,0,0,Conf. Step  Up,Yes,2,22.02.28,-,-,-,-,-,-,0,-,-,-
1204,-,10,20,22.08.10,2,Female,0,-,Holstein,8327,1,45,-,20.08.31,1.9,23.4,711,10,Fresh,1,-,28,171.4,819,328,0,0,0,0,0,37,819,328,0,0,0,0,Inseminate,-,0,-,-,-,2903,-,Female,-,45,Jun,22.06.28,Easy
1205,-,10,20,22.08.06,6,Female,0,-,Holstein,848,1,29,-,20.08.31,1.9,23.4,711,10,Fresh,0,-,29.5,191.6,431,350,0,0,0,0,0,0,431,350,0,0,0,0,Report Heat,-,0,-,-,-,13276,-,Male,-,29,Jul,22.07.14,Easy
1206,-,10,20,22.08.10,2,Female,0,-,Holstein,51,1,13,-,20.08.31,1.9,23.4,711,10,Fresh,0,-,30.7,164.4,29,282,0,0,0,0,0,0,29,282,0,0,0,0,Report Heat,-,0,-,-,-,13324,-,Male,-,13,Jul,22.07.30,-
1207,-,11,10,22.08.10,2,Female,0,-,Holstein,8575,1,53,-,20.08.31,1.9,23.4,711,11,Fresh,1,-,35.7,217.6,1013,395,0,0,0,0,0,274,1013,395,0,0,0,0,Inseminate,-,0,-,-,-,13208,-,Male,-,53,Jun,22.06.20,-
1208,-,110,111,22.07.21,22,Female,187,22.02.06,Holstein,-,0,-,-,20.09.02,1.9,23.3,709,110,Pregnant,5,22.05.02,-,-,0,0,0,0,0,0,0,0,0,0,0,0,0,0,Conf. Step  Up,Yes,2,22.05.02,-,-,-,-,-,-,0,-,-,-
1209,-,85,110,22.07.16,27,Female,258,21.11.27,Holstein,-,0,-,-,20.09.02,1.9,23.3,709,85,Pregnant,5,22.02.21,-,-,0,0,0,0,0,0,0,0,0,0,0,0,0,0,Conf. Step  Up,Yes,2,22.02.21,-,-,-,-,-,-,0,-,-,-
1210,-,10,20,22.08.06,6,Female,0,-,Holstein,20,1,31,-,20.09.02,1.9,23.3,709,10,Fresh,0,-,31.1,182.5,455,338,0,0,0,0,0,0,455,338,0,0,0,0,Report Heat,-,0,-,-,-,13264,-,Male,-,31,Jul,22.07.12,Easy
1211,-,10,20,22.08.10,2,Female,0,-,Holstein,13702,1,3,-,20.09.02,1.9,23.3,709,10,Fresh,0,-,21.2,35.9,0,36,0,0,0,0,0,0,0,36,0,0,0,0,Report Heat,-,0,-,-,-,13389,-,Male,-,3,Aug,22.08.09,Easy
1212,-,85,110,22.06.22,51,Female,277,21.11.08,Holstein,3310,0,-,-,20.09.02,1.9,23.3,709,85,Pregnant,5,22.02.07,-,-,0,0,0,0,0,0,0,0,0,0,0,0,0,0,Conf. Step  Up,Yes,2,22.02.07,-,-,-,-,-,-,0,-,-,-
1213,-,10,20,22.08.10,2,Female,0,-,Holstein,1645,1,9,-,20.09.03,1.9,23.3,708,10,Fresh,0,-,24.2,129.1,0,166,0,0,0,0,0,0,0,166,0,0,0,0,Report Heat,-,0,-,-,-,2998,-,Female,-,9,Aug,22.08.03,-
1214,-,10,20,22.07.30,13,Female,0,-,Holstein,6592,1,36,-,20.09.04,1.9,23.2,707,10,Fresh,0,-,33.4,191.6,664,338,0,0,0,0,0,0,664,338,0,0,0,0,Report Heat,-,0,-,-,-,2919,-,Female,-,36,Jul,22.07.07,-
1216,-,11,10,22.08.10,2,Female,0,-,Holstein,6334,1,50,-,20.09.04,1.9,23.2,707,11,Fresh,1,-,34.3,206.2,911,371,0,0,0,0,0,157,911,371,0,0,0,0,Inseminate,-,0,-,-,-,-,-,-,-,50,Jun,22.06.23,Hard
1217,-,11,10,22.08.10,2,Female,0,-,Holstein,9571,1,61,-,20.09.04,1.9,23.2,707,11,Fresh,1,-,41,264.9,1326,483,0,0,0,0,0,593,1326,483,0,0,0,0,Inseminate,-,0,-,-,-,2863,-,Female,-,61,Jun,22.06.12,Easy
1218,-,10,20,22.08.10,2,Female,0,-,Holstein,3027,1,8,-,20.09.05,1.9,23.2,706,10,Fresh,0,-,30,154.9,0,161,0,0,0,0,0,0,0,161,0,0,0,0,Report Heat,-,0,-,-,-,13357,-,Male,-,8,Aug,22.08.04,Easy
1219,-,10,20,22.08.06,6,Female,0,-,Holstein,3067,1,27,-,20.09.06,1.9,23.2,705,10,Fresh,0,-,35.8,210.4,478,386,0,0,0,0,0,0,478,386,0,0,0,0,Report Heat,-,0,-,-,-,2948,-,Female,-,27,Jul,22.07.16,-
1220,-,110,111,22.07.21,22,Female,184,22.02.09,Holstein,-,0,-,-,20.09.06,1.9,23.2,705,110,Pregnant,5,22.05.02,-,-,0,0,0,0,0,0,0,0,0,0,0,0,0,0,Conf. Step  Up,Yes,2,22.05.02,-,-,-,-,-,-,0,-,-,-
1221,-,10,20,22.08.06,6,Female,0,-,Holstein,11274,1,31,-,20.09.06,1.9,23.2,705,10,Fresh,0,-,35.2,202.7,535,357,0,0,0,0,0,0,535,357,0,0,0,0,Report Heat,-,0,-,-,-,2934,-,Female,-,31,Jul,22.07.12,Easy
1222,-,11,10,22.08.10,2,Female,0,-,Holstein,10021,1,53,-,20.09.06,1.9,23.2,705,11,Fresh,1,-,35.8,219.8,1100,404,0,0,0,0,0,306,1100,404,0,0,0,0,Inseminate,-,0,-,-,-,13204,-,Male,-,53,Jun,22.06.20,-
1223,-,11,10,22.08.10,2,Female,0,-,Holstein,3541,1,55,-,20.09.06,1.9,23.2,705,11,Fresh,1,-,37.2,236.9,1126,432,0,0,0,0,0,325,1126,432,0,0,0,0,Inseminate,-,0,-,-,-,2879,-,Female,-,55,Jun,22.06.18,Easy
1224,-,10,20,22.07.13,30,Female,0,-,Holstein,2592,1,43,-,20.09.06,1.9,23.2,705,10,Fresh,1,-,32.5,202.3,829,373,0,0,0,0,0,1,829,373,0,0,0,0,Inseminate,-,0,-,-,-,2908,-,Female,-,43,Jun,22.06.30,Easy
1225,-,11,10,22.08.10,2,Female,0,-,Holstein,6011,1,55,-,20.09.07,1.9,23.1,704,11,Fresh,1,-,31.4,186.5,880,345,0,0,0,0,0,259,880,345,0,0,0,0,Inseminate,-,0,-,-,-,13193,-,Male,-,55,Jun,22.06.18,-
1226,-,85,110,22.07.16,27,Female,248,21.12.07,Holstein,-,0,-,-,20.09.07,1.9,23.1,704,85,Pregnant,5,22.02.28,-,-,0,0,0,0,0,0,0,0,0,0,0,0,0,0,Conf. Step  Up,Yes,2,22.02.28,-,-,-,-,-,-,0,-,-,-
1227,-,10,20,22.08.10,2,Female,0,-,Holstein,5720,1,9,-,20.09.07,1.9,23.1,704,10,Fresh,0,-,16.7,134.1,0,184,0,0,0,0,0,0,0,184,0,0,0,0,Report Heat,-,0,-,-,-,13347,-,Male,-,9,Aug,22.08.03,-
1228,-,10,20,22.08.06,6,Female,0,-,Holstein,11801,1,29,-,20.09.07,1.9,23.1,704,10,Fresh,0,-,31.3,195.7,428,354,0,0,0,0,0,0,428,354,0,0,0,0,Report Heat,-,0,-,-,-,2945,-,Female,-,29,Jul,22.07.14,-
1229,-,85,110,22.07.10,33,Female,265,21.11.20,Holstein,448,0,-,-,20.09.07,1.9,23.1,704,85,Pregnant,5,22.02.21,-,-,0,0,0,0,0,0,0,0,0,0,0,0,0,0,Conf. Step  Up,Yes,2,22.02.21,-,-,-,-,-,-,0,-,-,-
1230,-,10,20,22.07.30,13,Female,0,-,Holstein,5536,1,38,-,20.09.07,1.9,23.1,704,10,Fresh,0,-,37.5,229.1,722,397,0,0,0,0,0,0,722,397,0,0,0,0,Report Heat,-,0,-,-,-,2917,-,Female,-,38,Jul,22.07.05,Easy
1231,-,10,20,22.07.30,13,Female,0,-,Holstein,5221,1,38,-,20.09.08,1.9,23.1,703,10,Fresh,0,-,36.4,211.1,661,380,0,0,0,0,0,0,661,380,0,0,0,0,Report Heat,-,0,-,-,-,-,-,-,-,38,Jul,22.07.05,Hard
1232,-,20,70,22.08.11,1,Female,0,-,Holstein,317,1,4,-,20.09.08,1.9,23.1,703,20,Fresh,0,-,25.5,57.8,0,58,0,0,0,0,0,0,0,58,0,0,0,0,Report Heat,-,0,-,-,-,13376,-,Male,-,4,Aug,22.08.08,-
1233,-,10,20,22.08.06,6,Female,0,-,Holstein,106,1,29,-,20.09.08,1.9,23.1,703,10,Fresh,0,-,34,208.3,399,371,0,0,0,0,0,0,399,371,0,0,0,0,Report Heat,-,0,-,-,-,13278,-,Male,-,29,Jul,22.07.14,Easy
1234,-,11,10,22.08.10,2,Female,0,22.08.11,Holstein,6706,1,50,-,20.09.09,1.9,23.1,702,11,Bred,1,-,32.1,203.6,929,374,0,0,0,0,0,132,929,374,0,0,0,0,Inseminate,-,0,-,-,326,13220,-,Male,-,50,Jun,22.06.23,Easy
1235,-,85,110,22.06.22,51,Female,278,21.11.07,Holstein,4110,0,-,-,20.09.09,1.9,23.1,702,85,Pregnant,5,22.02.07,-,-,0,0,0,0,0,0,0,0,0,0,0,0,0,0,Conf. Step  Up,Yes,2,22.02.07,-,-,-,-,-,-,0,-,-,-
1236,-,10,20,22.07.13,30,Female,0,-,Holstein,6027,1,41,-,20.09.10,1.9,23,701,10,Fresh,1,-,32.5,192.6,775,356,0,0,0,0,0,0,775,356,0,0,0,0,Inseminate,-,0,-,-,-,13237,-,Female,-,41,Jul,22.07.02,-
1237,-,10,20,22.07.30,13,Female,0,-,Holstein,6642,1,33,-,20.09.10,1.9,23,701,10,Fresh,0,-,36.7,206.8,561,380,0,0,0,0,0,0,561,380,0,0,0,0,Report Heat,-,0,-,-,-,2931,-,Female,-,33,Jul,22.07.10,Easy
1238,-,10,20,22.07.13,30,Female,0,-,Holstein,5715,1,48,-,20.09.10,1.9,23,701,10,Fresh,1,-,37.7,208.4,931,390,0,0,0,0,0,108,931,390,0,0,0,0,Inseminate,-,0,-,-,-,13222,-,Male,-,48,Jun,22.06.25,-
1239,-,85,110,22.08.08,4,Female,232,21.12.23,Holstein,-,0,-,-,20.09.10,1.9,23,701,85,Pregnant,5,22.03.15,-,-,0,0,0,0,0,0,0,0,0,0,0,0,0,0,Conf. Step  Up,Yes,2,22.03.15,-,-,-,-,-,-,0,-,-,-
1240,-,10,20,22.07.13,30,Female,0,-,Holstein,15727,1,48,-,20.09.10,1.9,23,701,10,Fresh,1,-,28,150.1,754,283,0,0,0,0,0,76,754,283,0,0,0,0,Inseminate,-,0,-,-,-,2896,-,Female,-,48,Jun,22.06.25,-
1242,-,10,20,22.07.30,13,Female,0,-,Holstein,6395,1,40,-,20.09.11,1.9,23,700,10,Fresh,1,-,38.8,212.4,871,390,0,0,0,0,0,0,871,390,0,0,0,0,Inseminate,-,0,-,-,-,13244,-,Male,-,40,Jul,22.07.03,Easy
1244,-,85,110,22.08.08,4,Female,230,21.12.25,Holstein,-,0,-,-,20.09.11,1.9,23,700,85,Pregnant,5,22.03.21,-,-,0,0,0,0,0,0,0,0,0,0,0,0,0,0,Conf. Step  Up,Yes,2,22.03.21,-,-,-,-,-,-,0,-,-,-
1245,-,199,190,22.02.01,192,Female,0,-,Holstein,-,0,-,Yes,20.09.11,1.9,23,700,199,"Cull, Not Pregnant",1,-,-,-,0,0,0,0,0,0,0,0,0,0,0,0,0,0,Inseminate,-,0,-,-,-,-,-,-,-,0,-,-,-
1246,-,10,20,22.08.06,6,Female,0,-,Holstein,2108,1,29,-,20.09.11,1.9,23,700,10,Fresh,0,-,31.6,192.2,437,345,0,0,0,0,0,0,437,345,0,0,0,0,Report Heat,-,0,-,-,-,13274,-,Male,-,29,Jul,22.07.14,-
1247,-,11,10,22.08.10,2,Female,0,-,Holstein,6711,1,50,-,20.09.11,1.9,23,700,11,Fresh,1,-,31.9,203.2,967,370,0,0,0,0,0,137,967,370,0,0,0,0,Inseminate,-,0,-,-,-,13219,-,Male,-,50,Jun,22.06.23,-
1248,-,10,20,22.08.10,2,Female,0,-,Holstein,8837,1,8,-,20.09.11,1.9,23,700,10,Fresh,0,-,30.1,146.3,0,153,0,0,0,0,0,0,0,153,0,0,0,0,Report Heat,-,0,-,-,-,3005,-,Female,-,8,Aug,22.08.04,Easy
1249,-,10,20,22.07.13,30,Female,0,-,Holstein,1853,1,44,-,20.09.11,1.9,23,700,10,Fresh,1,-,35.2,221,1010,415,0,0,0,0,0,19,1010,415,0,0,0,0,Inseminate,-,0,-,-,-,13230,-,Male,-,44,Jun,22.06.29,-
1250,-,10,20,22.08.06,6,Female,0,-,Holstein,6505,1,23,-,20.09.12,1.9,23,699,10,Fresh,0,-,35.8,199.7,342,372,0,0,0,0,0,0,342,372,0,0,0,0,Report Heat,-,0,-,-,-,13293,-,Male,-,23,Jul,22.07.20,-
1251,-,10,20,22.07.30,13,Female,0,-,Holstein,4080,1,33,-,20.09.12,1.9,23,699,10,Fresh,0,-,30.7,192,542,354,0,0,0,0,0,0,542,354,0,0,0,0,Report Heat,-,0,-,-,-,2930,-,Female,-,33,Jul,22.07.10,Easy
1252,-,110,111,22.07.21,22,Female,139,22.03.26,Holstein,-,0,-,-,20.09.12,1.9,23,699,110,Pregnant,5,22.06.20,-,-,0,0,0,0,0,0,0,0,0,0,0,0,0,0,Conf. Step  Up,Yes,2,22.06.20,-,-,-,-,-,-,0,-,-,-
1254,-,10,20,22.08.06,6,Female,0,-,Holstein,2176,1,29,-,20.09.12,1.9,23,699,10,Fresh,0,-,34.2,195.8,467,362,0,0,0,0,0,0,467,362,0,0,0,0,Report Heat,-,0,-,-,-,13273,-,Male,-,29,Jul,22.07.14,-
1257,-,10,20,22.07.13,30,Female,0,-,Holstein,3419,1,41,-,20.09.12,1.9,23,699,10,Fresh,1,-,34.4,194.8,772,357,0,0,0,0,0,0,772,357,0,0,0,0,Inseminate,-,0,-,-,-,13238,-,Male,-,41,Jul,22.07.02,Easy
1258,-,10,20,22.07.13,30,Female,0,-,Holstein,747,1,43,-,20.09.12,1.9,23,699,10,Fresh,1,-,32.9,204.5,871,364,0,0,0,0,0,0,871,364,0,0,0,0,Inseminate,-,0,-,-,-,13234,-,Male,-,43,Jun,22.06.30,Easy
1260,-,11,10,22.08.10,2,Female,0,-,Holstein,16195,1,50,-,20.09.12,1.9,23,699,11,Fresh,1,-,36.1,203.5,1016,378,0,0,0,0,0,157,1016,378,0,0,0,0,Inseminate,-,0,-,-,-,13236,-,Male,-,50,Jun,22.06.23,-
1261,-,85,110,22.07.16,27,Female,247,21.12.08,Holstein,-,0,-,-,20.09.13,1.9,22.9,698,85,Pregnant,5,22.02.28,-,-,0,0,0,0,0,0,0,0,0,0,0,0,0,0,Conf. Step  Up,Yes,2,22.02.28,-,-,-,-,-,-,0,-,-,-
1262,-,85,110,22.07.16,27,Female,249,21.12.06,Holstein,-,0,-,-,20.09.14,1.9,22.9,697,85,Pregnant,5,22.02.28,-,-,0,0,0,0,0,0,0,0,0,0,0,0,0,0,Conf. Step  Up,Yes,2,22.02.28,-,-,-,-,-,-,0,-,-,-
1263,-,10,20,22.08.06,6,Female,0,-,Holstein,4638,1,31,-,20.09.14,1.9,22.9,697,10,Fresh,0,-,38.6,225.2,606,395,0,0,0,0,0,0,606,395,0,0,0,0,Report Heat,-,0,-,-,-,13262,-,Male,-,31,Jul,22.07.12,Easy
1264,-,10,20,22.08.10,2,Female,0,-,Holstein,294,1,10,-,20.09.14,1.9,22.9,697,10,Fresh,0,-,25.6,151.4,0,221,0,0,0,0,0,0,0,221,0,0,0,0,Report Heat,-,0,-,-,-,13341,-,Male,-,10,Aug,22.08.02,Easy
1265,-,10,20,22.07.13,30,Female,0,-,Holstein,3751,1,43,-,20.09.14,1.9,22.9,697,10,Fresh,1,-,41.6,247.4,1069,450,0,0,0,0,0,4,1069,450,0,0,0,0,Inseminate,-,0,-,-,-,13231,-,Male,-,43,Jun,22.06.30,Easy
1266,-,10,20,22.07.13,30,Female,0,-,Holstein,1651,1,41,-,20.09.14,1.9,22.9,697,10,Fresh,1,-,32.5,199.7,811,370,0,0,0,0,0,0,811,370,0,0,0,0,Inseminate,-,0,-,-,-,13239,-,Male,-,41,Jul,22.07.02,Easy
1268,-,110,111,22.07.21,22,Female,163,22.03.02,Holstein,-,0,-,-,20.09.14,1.9,22.9,697,110,Pregnant,5,22.05.30,-,-,0,0,0,0,0,0,0,0,0,0,0,0,0,0,Conf. Step  Up,Yes,2,22.05.30,-,-,-,-,-,-,0,-,-,-
1269,-,11,10,22.08.10,2,Female,0,-,Holstein,13685,1,59,-,20.09.14,1.9,22.9,697,11,Fresh,1,-,38,219.1,1003,385,0,0,0,0,0,430,1003,385,0,0,0,0,Inseminate,-,0,-,-,-,13177,-,Male,-,59,Jun,22.06.14,Easy
1270,-,10,20,22.08.06,6,Female,0,-,Holstein,56,1,22,-,20.09.15,1.9,22.9,696,10,Fresh,0,-,29.7,185.3,240,334,0,0,0,0,0,0,240,334,0,0,0,0,Report Heat,-,0,-,-,-,13295,-,Male,-,22,Jul,22.07.21,-
1271,-,85,110,22.07.16,27,Female,248,21.12.07,Holstein,-,0,-,-,20.09.03,1.9,23.3,708,85,Pregnant,5,22.02.28,-,-,0,0,0,0,0,0,0,0,0,0,0,0,0,0,Conf. Step  Up,Yes,2,22.02.28,-,-,-,-,-,-,0,-,-,-
1272,-,10,20,22.08.06,6,Female,0,-,Holstein,4844,1,23,-,20.09.12,1.9,23,699,10,Fresh,0,-,27.5,173.2,279,308,0,0,0,0,0,0,279,308,0,0,0,0,Report Heat,-,0,-,-,-,2956,-,Female,-,23,Jul,22.07.20,-
1273,-,10,20,22.07.13,30,Female,0,-,Holstein,1521,1,47,-,20.09.15,1.9,22.9,696,10,Fresh,1,-,32.9,191.9,830,352,0,0,0,0,0,77,830,352,0,0,0,0,Inseminate,-,0,-,-,-,13223,-,Male,-,47,Jun,22.06.26,-
1274,-,10,20,22.07.13,30,Female,0,-,Holstein,6604,1,41,-,20.09.15,1.9,22.9,696,10,Fresh,1,-,35,229.4,918,425,0,0,0,0,0,0,918,425,0,0,0,0,Inseminate,-,0,-,-,-,13331,-,Male,-,41,Jul,22.07.02,Easy
1275,-,199,190,22.05.01,103,Female,0,21.11.05,Holstein,-,0,-,Yes,20.09.15,1.9,22.9,696,199,"Cull, Not Pregnant",1,22.01.24,-,-,0,0,0,0,0,0,0,0,0,0,0,0,0,0,Inseminate,-,0,22.01.24,22.04.16,-,-,-,-,-,0,-,-,-
1276,-,85,110,22.07.02,41,Female,270,21.11.15,Holstein,9253,0,-,-,20.09.15,1.9,22.9,696,85,Pregnant,5,22.02.07,-,-,0,0,0,0,0,0,0,0,0,0,0,0,0,0,Conf. Step  Up,Yes,2,22.02.07,-,-,-,-,-,-,0,-,-,-
1277,-,11,10,22.08.10,2,Female,0,-,Holstein,12877,1,55,-,20.09.15,1.9,22.9,696,11,Fresh,1,-,34.2,236.4,1222,436,0,0,0,0,0,348,1222,436,0,0,0,0,Inseminate,-,0,-,-,-,2880,-,Female,-,55,Jun,22.06.18,Easy
1278,-,85,110,22.08.08,4,Female,230,21.12.25,Holstein,-,0,-,-,20.09.15,1.9,22.9,696,85,Pregnant,5,22.03.21,-,-,0,0,0,0,0,0,0,0,0,0,0,0,0,0,Conf. Step  Up,Yes,2,22.03.21,-,-,-,-,-,-,0,-,-,-
1279,-,11,10,22.08.10,2,Female,0,-,Holstein,6687,1,57,-,20.09.16,1.9,22.8,695,11,Fresh,1,-,33.5,193.1,1007,358,0,0,0,0,0,304,1007,358,0,0,0,0,Inseminate,-,0,-,-,-,2875,-,Female,-,57,Jun,22.06.16,Hard
1280,-,10,20,22.07.13,30,Female,0,-,Holstein,1431,1,43,-,20.09.16,1.9,22.8,695,10,Fresh,1,-,30.4,181.7,756,333,0,0,0,0,0,4,756,333,0,0,0,0,Inseminate,-,0,-,-,-,13232,-,Male,-,43,Jun,22.06.30,Easy
1281,-,90,91,22.07.21,22,Female,0,22.06.26,Holstein,-,0,-,-,20.09.16,1.9,22.8,695,90,Open,1,22.06.16,-,-,0,0,0,0,0,0,0,0,0,0,0,0,0,0,Inseminate,-,0,22.06.16,-,-,-,-,-,-,0,-,-,-
1282,-,10,20,22.07.13,30,Female,0,-,Holstein,12157,1,41,-,20.09.16,1.9,22.8,695,10,Fresh,1,-,31.4,182.2,730,337,0,0,0,0,0,0,730,337,0,0,0,0,Inseminate,-,0,-,-,-,2910,-,Female,-,41,Jul,22.07.02,-
1283,-,85,110,22.07.10,33,Female,260,21.11.25,Holstein,-,0,-,-,20.09.17,1.9,22.8,694,85,Pregnant,5,22.02.21,-,-,0,0,0,0,0,0,0,0,0,0,0,0,0,0,Conf. Step  Up,Yes,2,22.02.21,-,-,-,-,-,-,0,-,-,-
1284,-,90,91,22.07.21,22,Female,0,21.11.23,Holstein,-,0,-,-,20.09.19,1.9,22.7,692,90,Aborted,1,22.02.21,-,-,0,0,0,0,0,0,0,0,0,0,0,0,0,0,Inseminate,-,0,22.02.21,22.04.25,-,-,-,-,-,0,-,-,-
1285,-,10,20,22.07.30,13,Female,0,-,Holstein,299,1,33,-,20.09.20,1.9,22.7,691,10,Fresh,0,-,36.1,206.4,525,370,0,0,0,0,0,0,525,370,0,0,0,0,Report Heat,-,0,-,-,-,2933,-,Female,-,33,Jul,22.07.10,Easy
1286,-,10,20,22.08.10,2,Female,0,-,Holstein,1319,1,9,-,20.09.20,1.9,22.7,691,10,Fresh,0,-,18.2,119.6,0,151,0,0,0,0,0,0,0,151,0,0,0,0,Report Heat,-,0,-,-,-,3002,-,Female,-,9,Aug,22.08.03,Easy
1287,-,10,20,22.08.10,2,Female,0,-,Holstein,709,1,4,-,20.09.20,1.9,22.7,691,10,Fresh,0,-,23.2,87.6,0,88,0,0,0,0,0,0,0,88,0,0,0,0,Report Heat,-,0,-,-,-,13368,-,Male,-,4,Aug,22.08.08,-
1288,-,10,20,22.08.06,6,Female,0,-,Holstein,5951,1,16,-,20.09.20,1.9,22.7,691,10,Fresh,0,-,34,212,129,366,0,0,0,0,0,0,129,366,0,0,0,0,Report Heat,-,0,-,-,-,2974,-,Female,-,16,Jul,22.07.27,-
1289,-,90,91,22.07.21,22,Female,0,22.05.21,Holstein,-,0,-,-,20.09.20,1.9,22.7,691,90,Pregnant (1st Preg Check),3,22.07.04,-,-,4,0,0,0,0,0,0,0,4,0,0,0,0,0,2nd Pregn. Check,-,1,22.07.04,-,-,-,-,-,-,0,-,-,-
1290,-,10,20,22.08.10,2,Female,0,-,Holstein,1930,1,3,-,20.09.20,1.9,22.7,691,10,Fresh,0,-,18.6,31.9,0,32,0,0,0,0,0,0,0,32,0,0,0,0,Report Heat,-,0,-,-,-,13390,-,Male,-,3,Aug,22.08.09,Easy
1291,-,10,20,22.08.10,2,Female,0,-,Holstein,1700,1,10,-,20.09.20,1.9,22.7,691,10,Fresh,0,-,29,162.2,0,233,0,0,0,0,0,0,0,233,0,0,0,0,Report Heat,-,0,-,-,-,2994,-,Female,-,10,Aug,22.08.02,Easy
1292,-,85,110,22.07.02,41,Female,268,21.11.17,Holstein,1752,0,-,-,20.09.21,1.9,22.7,690,85,Pregnant,5,22.02.07,-,-,0,0,0,0,0,0,0,0,0,0,0,0,0,0,Conf. Step  Up,Yes,2,22.02.07,-,-,-,-,-,-,0,-,-,-
1293,-,10,20,22.08.10,2,Female,0,-,Holstein,4061,1,6,-,20.09.21,1.9,22.7,690,10,Fresh,0,-,25.7,110.4,0,111,0,0,0,0,0,0,0,111,0,0,0,0,Report Heat,-,0,-,-,-,13363,-,Male,-,6,Aug,22.08.06,-
1294,-,10,85,22.08.11,1,Female,0,-,Holstein,3995,1,2,-,20.09.21,1.9,22.7,690,10,Fresh,0,-,19.1,21.8,0,22,0,0,0,0,0,0,0,22,0,0,0,0,Report Heat,-,0,-,-,-,13395,-,Male,-,2,Aug,22.08.10,Easy
1295,-,10,20,22.08.10,2,Female,0,-,Holstein,3572,1,13,-,20.09.21,1.9,22.7,690,10,Fresh,0,-,33.8,187.1,46,328,0,0,0,0,0,0,46,328,0,0,0,0,Report Heat,-,0,-,-,-,13321,-,Male,-,13,Jul,22.07.30,-
1296,-,85,110,22.07.02,41,Female,268,21.11.17,Holstein,268,0,-,-,20.09.22,1.9,22.6,689,85,Pregnant,5,22.02.07,-,-,0,0,0,0,0,0,0,0,0,0,0,0,0,0,Conf. Step  Up,Yes,2,22.02.07,-,-,-,-,-,-,0,-,-,-
1297,-,10,20,22.08.10,2,Female,0,-,Holstein,4877,1,4,-,20.09.22,1.9,22.6,689,10,Fresh,0,-,32.1,80,0,80,0,0,0,0,0,0,0,80,0,0,0,0,Report Heat,-,0,-,-,-,3017,-,Female,-,4,Aug,22.08.08,-
1298,-,85,110,22.07.02,41,Female,268,21.11.17,Holstein,9203,0,-,-,20.09.22,1.9,22.6,689,85,Pregnant,5,22.02.07,-,-,0,0,0,0,0,0,0,0,0,0,0,0,0,0,Conf. Step  Up,Yes,2,22.02.07,-,-,-,-,-,-,0,-,-,-
1299,-,10,20,22.08.06,6,Female,0,-,Holstein,342,1,21,-,20.09.22,1.9,22.6,689,10,Fresh,0,-,30.3,200.2,262,352,0,0,0,0,0,0,262,352,0,0,0,0,Report Heat,-,0,-,-,-,2959,-,Female,-,21,Jul,22.07.22,Easy
1300,-,85,110,22.07.16,27,Female,254,21.12.01,Holstein,-,0,-,-,20.09.22,1.9,22.6,689,85,Pregnant,5,22.02.21,-,-,0,0,0,0,0,0,0,0,0,0,0,0,0,0,Conf. Step  Up,Yes,2,22.02.21,-,-,-,-,-,-,0,-,-,-
1301,-,110,111,22.07.21,22,Female,127,22.04.07,Holstein,-,0,-,-,20.09.22,1.9,22.6,689,110,Pregnant,5,22.07.02,-,-,0,0,0,0,0,0,0,0,0,0,0,0,0,0,Conf. Step  Up,Yes,2,22.07.02,-,-,-,-,-,-,0,-,-,-
1302,-,110,111,22.07.21,22,Female,188,22.02.05,Holstein,-,0,-,-,20.09.23,1.9,22.6,688,110,Pregnant,5,22.05.30,-,-,0,0,0,0,0,0,0,0,0,0,0,0,0,0,Conf. Step  Up,Yes,2,22.05.30,-,-,-,-,-,-,0,-,-,-
1303,-,199,190,22.02.01,192,Female,0,21.11.02,Holstein,-,0,-,Yes,20.09.23,1.9,22.6,688,199,"Cull, Not Pregnant",1,22.01.08,-,-,0,0,0,0,0,0,0,0,0,0,0,0,0,0,Inseminate,-,0,22.01.08,-,-,-,-,-,-,0,-,-,-
1305,-,85,110,22.06.22,51,Female,282,21.11.03,Holstein,5722,0,-,-,20.09.24,1.9,22.6,687,85,Pregnant,5,22.01.24,-,-,0,0,0,0,0,0,0,0,0,0,0,0,0,0,Conf. Step  Up,Yes,2,22.01.24,-,-,-,-,-,-,0,-,-,-
1307,-,10,20,22.08.06,6,Female,0,-,Holstein,4400,1,18,-,20.09.24,1.9,22.6,687,10,Fresh,0,-,31.1,175.8,166,318,0,0,0,0,0,0,166,318,0,0,0,0,Report Heat,-,0,-,-,-,2966,-,Female,-,18,Jul,22.07.25,-
1308,-,10,20,22.08.06,6,Female,0,-,Holstein,3629,1,20,-,20.09.19,1.9,22.7,692,10,Fresh,0,-,27.5,171.9,157,296,0,0,0,0,0,0,157,296,0,0,0,0,Report Heat,-,0,-,-,-,2961,-,Female,-,20,Jul,22.07.23,-
1309,-,10,20,22.08.10,2,Female,0,-,Holstein,7050,1,15,-,20.09.25,1.9,22.5,686,10,Fresh,0,-,30.2,183.1,58,316,0,0,0,0,0,0,58,316,0,0,0,0,Report Heat,-,0,-,-,-,13318,-,Male,-,15,Jul,22.07.28,Easy
1310,-,10,20,22.08.06,6,Female,0,-,Holstein,4505,1,24,-,20.09.26,1.9,22.5,685,10,Fresh,0,-,35.4,190.4,335,355,0,0,0,0,0,0,335,355,0,0,0,0,Report Heat,-,0,-,-,-,2955,-,Female,-,24,Jul,22.07.19,-
1311,-,85,110,22.08.08,4,Female,228,21.12.27,Holstein,-,0,-,-,20.09.26,1.9,22.5,685,85,Pregnant,5,22.03.21,-,-,0,0,0,0,0,0,0,0,0,0,0,0,0,0,Conf. Step  Up,Yes,2,22.03.21,-,-,-,-,-,-,0,-,-,-
1312,-,85,110,22.07.02,41,Female,269,21.11.16,Holstein,1960,0,-,-,20.09.26,1.9,22.5,685,85,Pregnant,5,22.02.07,-,-,0,0,0,0,0,0,0,0,0,0,0,0,0,0,Conf. Step  Up,Yes,2,22.02.07,-,-,-,-,-,-,0,-,-,-
1313,-,110,111,22.07.21,22,Female,117,22.04.17,Holstein,-,0,-,-,20.09.26,1.9,22.5,685,110,Pregnant,5,22.07.16,-,-,0,0,0,0,0,0,0,0,0,0,0,0,0,0,Conf. Step  Up,Yes,2,22.07.16,-,-,-,-,-,-,0,-,-,-
1314,-,85,110,22.07.16,27,Female,255,21.11.30,Holstein,-,0,-,-,20.09.26,1.9,22.5,685,85,Pregnant,5,22.02.21,-,-,0,0,0,0,0,0,0,0,0,0,0,0,0,0,Conf. Step  Up,Yes,2,22.02.21,-,-,-,-,-,-,0,-,-,-
1315,-,85,110,22.07.10,33,Female,265,21.11.20,Holstein,607,0,-,-,20.09.27,1.9,22.5,684,85,Pregnant,5,22.02.21,-,-,0,0,0,0,0,0,0,0,0,0,0,0,0,0,Conf. Step  Up,Yes,2,22.02.21,-,-,-,-,-,-,0,-,-,-
1316,-,10,20,22.08.10,2,Female,0,-,Holstein,5139,1,6,-,20.09.27,1.9,22.5,684,10,Fresh,0,-,33.1,168.3,0,170,0,0,0,0,0,0,0,170,0,0,0,0,Report Heat,-,0,-,-,-,13359,-,Male,-,6,Aug,22.08.06,-
1317,-,10,20,22.08.10,2,Female,0,-,Holstein,270,1,13,-,20.09.27,1.9,22.5,684,10,Fresh,0,-,31.5,184,6,297,0,0,0,0,0,0,6,297,0,0,0,0,Report Heat,-,0,-,-,-,2986,-,Female,-,13,Jul,22.07.30,Easy
1318,-,85,110,22.06.19,54,Female,283,21.11.02,Holstein,3368,0,-,-,20.09.27,1.9,22.5,684,85,Pregnant,5,22.01.24,-,-,0,0,0,0,0,0,0,0,0,0,0,0,0,0,Conf. Step  Up,Yes,2,22.01.24,-,-,-,-,-,-,0,-,-,-
1319,-,85,110,22.06.19,54,Female,283,21.11.02,Holstein,4972,0,-,-,20.09.27,1.9,22.5,684,85,Pregnant,5,22.01.24,-,-,0,0,0,0,0,0,0,0,0,0,0,0,0,0,Conf. Step  Up,Yes,2,22.01.24,-,-,-,-,-,-,0,-,-,-
1320,-,110,111,22.07.21,22,Female,189,22.02.04,Holstein,-,0,-,-,20.09.28,1.9,22.4,683,110,Pregnant,5,22.05.02,-,-,0,0,0,0,0,0,0,0,0,0,0,0,0,0,Conf. Step  Up,Yes,2,22.05.02,-,-,-,-,-,-,0,-,-,-
1321,-,85,110,22.07.16,27,Female,248,21.12.07,Holstein,-,0,-,-,20.09.28,1.9,22.4,683,85,Pregnant,5,22.02.28,-,-,0,0,0,0,0,0,0,0,0,0,0,0,0,0,Conf. Step  Up,Yes,2,22.02.28,-,-,-,-,-,-,0,-,-,-
1322,-,85,110,22.08.08,4,Female,242,21.12.13,Holstein,-,0,-,-,20.09.28,1.9,22.4,683,85,Pregnant,5,22.03.15,-,-,0,0,0,0,0,0,0,0,0,0,0,0,0,0,Conf. Step  Up,Yes,2,22.03.15,-,-,-,-,-,-,0,-,-,-
1323,-,10,20,22.08.10,2,Female,0,-,Holstein,2655,1,8,-,20.09.28,1.9,22.4,683,10,Fresh,0,-,28.3,164.6,0,184,0,0,0,0,0,0,0,184,0,0,0,0,Report Heat,-,0,-,-,-,3007,-,Female,-,8,Aug,22.08.04,Easy
1324,-,10,20,22.08.10,2,Female,0,-,Holstein,537,1,4,-,20.09.28,1.9,22.4,683,10,Fresh,0,-,25.7,85.3,0,85,0,0,0,0,0,0,0,85,0,0,0,0,Report Heat,-,0,-,-,-,13367,-,Male,-,4,Aug,22.08.08,-
1325,-,85,110,22.07.02,41,Female,269,21.11.16,Holstein,12673,0,-,-,20.09.29,1.9,22.4,682,85,Pregnant,5,22.02.07,-,-,0,0,0,0,0,0,0,0,0,0,0,0,0,0,Conf. Step  Up,Yes,2,22.02.07,-,-,-,-,-,-,0,-,-,-
1326,-,85,110,22.07.10,33,Female,263,21.11.22,Holstein,4829,0,-,-,20.09.29,1.9,22.4,682,85,Pregnant,5,22.02.21,-,-,0,0,0,0,0,0,0,0,0,0,0,0,0,0,Conf. Step  Up,Yes,2,22.02.21,-,-,-,-,-,-,0,-,-,-
1327,-,85,110,22.07.10,33,Female,260,21.11.25,Holstein,-,0,-,-,20.09.29,1.9,22.4,682,85,Pregnant,5,22.02.21,-,-,0,0,0,0,0,0,0,0,0,0,0,0,0,0,Conf. Step  Up,Yes,2,22.02.21,-,-,-,-,-,-,0,-,-,-
1328,-,85,110,22.07.02,41,Female,267,21.11.18,Holstein,786,0,-,-,20.09.29,1.9,22.4,682,85,Pregnant,5,22.02.07,-,-,0,0,0,0,0,0,0,0,0,0,0,0,0,0,Conf. Step  Up,Yes,2,22.02.07,-,-,-,-,-,-,0,-,-,-
1329,-,10,20,22.08.10,2,Female,0,-,Holstein,128,1,33,-,20.09.30,1.9,22.4,681,10,Fresh,0,-,24.6,154.7,406,281,0,0,0,0,0,0,406,281,0,0,0,0,Report Heat,-,0,-,-,-,13302,-,Male,-,33,Jul,22.07.10,Easy
1330,-,85,110,22.07.16,27,Female,248,21.12.07,Holstein,-,0,-,-,20.10.01,1.9,22.3,680,85,Pregnant,5,22.02.28,-,-,0,0,0,0,0,0,0,0,0,0,0,0,0,0,Conf. Step  Up,Yes,2,22.02.28,-,-,-,-,-,-,0,-,-,-
1331,-,85,110,22.06.19,54,Female,283,21.11.02,Holstein,3040,0,-,-,20.10.01,1.9,22.3,680,85,Pregnant,5,22.01.24,-,-,0,0,0,0,0,0,0,0,0,0,0,0,0,0,Conf. Step  Up,Yes,2,22.01.24,-,-,-,-,-,-,0,-,-,-
1332,-,10,85,22.08.11,1,Female,0,-,Holstein,6507,1,2,-,20.10.01,1.9,22.3,680,10,Fresh,0,-,7.5,7.5,0,8,0,0,0,0,0,0,0,8,0,0,0,0,Report Heat,-,0,-,-,-,13397,-,Male,-,2,Aug,22.08.10,Easy
1333,-,110,111,22.07.21,22,Female,117,22.04.17,Holstein,-,0,-,-,20.10.01,1.9,22.3,680,110,Pregnant,5,22.07.16,-,-,0,0,0,0,0,0,0,0,0,0,0,0,0,0,Conf. Step  Up,Yes,2,22.07.16,-,-,-,-,-,-,0,-,-,-
1334,-,10,20,22.08.10,2,Female,0,-,Holstein,1097,1,15,-,20.10.02,1.9,22.3,679,10,Fresh,0,-,27.6,160.5,48,273,0,0,0,0,0,0,48,273,0,0,0,0,Report Heat,-,0,-,-,-,2980,-,Female,-,15,Jul,22.07.28,Easy
1335,-,85,110,22.08.08,4,Female,234,21.12.21,Holstein,-,0,-,-,20.10.03,1.9,22.3,678,85,Pregnant,5,22.03.15,-,-,0,0,0,0,0,0,0,0,0,0,0,0,0,0,Conf. Step  Up,Yes,2,22.03.15,-,-,-,-,-,-,0,-,-,-
1336,-,10,20,22.08.10,2,Female,0,-,Holstein,739,1,6,-,20.10.03,1.9,22.3,678,10,Fresh,0,-,24.5,116,0,117,0,0,0,0,0,0,0,117,0,0,0,0,Report Heat,-,0,-,-,-,13360,-,Male,-,6,Aug,22.08.06,-
1337,-,110,111,22.07.21,22,Female,194,22.01.30,Holstein,-,0,-,-,20.10.03,1.9,22.3,678,110,Pregnant,5,22.05.02,-,-,0,0,0,0,0,0,0,0,0,0,0,0,0,0,Conf. Step  Up,Yes,2,22.05.02,-,-,-,-,-,-,0,-,-,-
1339,-,110,111,22.07.21,22,Female,172,22.02.21,Holstein,-,0,-,-,20.10.04,1.9,22.2,677,110,Pregnant,5,22.05.30,-,-,0,0,0,0,0,0,0,0,0,0,0,0,0,0,Conf. Step  Up,Yes,2,22.05.30,-,-,-,-,-,-,0,-,-,-
1340,-,90,91,22.07.21,22,Female,0,22.06.15,Holstein,-,0,-,-,20.10.04,1.9,22.2,677,90,Pregnant (1st Preg Check),3,22.07.23,-,-,0,0,0,0,0,0,0,0,0,0,0,0,0,0,2nd Pregn. Check,-,1,22.07.23,-,-,-,-,-,-,0,-,-,-
1341,-,10,20,22.08.06,6,Female,0,-,Holstein,6282,1,17,-,20.10.04,1.9,22.2,677,10,Fresh,0,-,31.1,174.7,113,312,0,0,0,0,0,0,113,312,0,0,0,0,Report Heat,-,0,-,-,-,2973,-,Female,-,17,Jul,22.07.26,-
1342,-,85,110,22.06.22,51,Female,282,21.11.03,Holstein,7087,0,-,-,20.10.04,1.9,22.2,677,85,Pregnant,5,22.01.24,-,-,0,0,0,0,0,0,0,0,0,0,0,0,0,0,Conf. Step  Up,Yes,2,22.01.24,-,-,-,-,-,-,0,-,-,-
1343,-,85,110,22.06.22,51,Female,282,21.11.03,Holstein,827,0,-,-,20.10.06,1.8,22.2,675,85,Pregnant,5,22.01.24,-,-,0,0,0,0,0,0,0,0,0,0,0,0,0,0,Conf. Step  Up,Yes,2,22.01.24,-,-,-,-,-,-,0,-,-,-
1345,-,110,111,22.07.21,22,Female,125,22.04.09,Holstein,-,0,-,-,20.10.08,1.8,22.1,673,110,Pregnant,5,22.07.02,-,-,0,0,0,0,0,0,0,0,0,0,0,0,0,0,Conf. Step  Up,Yes,2,22.07.02,-,-,-,-,-,-,0,-,-,-
1346,-,85,110,22.07.16,27,Female,245,21.12.10,Holstein,-,0,-,-,20.10.08,1.8,22.1,673,85,Pregnant,5,22.02.28,-,-,0,0,0,0,0,0,0,0,0,0,0,0,0,0,Conf. Step  Up,Yes,2,22.02.28,-,-,-,-,-,-,0,-,-,-
1347,-,85,110,22.07.16,27,Female,255,21.11.30,Holstein,-,0,-,-,20.10.09,1.8,22.1,672,85,Pregnant,5,22.02.21,-,-,0,0,0,0,0,0,0,0,0,0,0,0,0,0,Conf. Step  Up,Yes,2,22.02.21,-,-,-,-,-,-,0,-,-,-
1348,-,85,110,22.07.16,27,Female,248,21.12.07,Holstein,-,0,-,-,20.10.03,1.9,22.3,678,85,Pregnant,5,22.02.28,-,-,0,0,0,0,0,0,0,0,0,0,0,0,0,0,Conf. Step  Up,Yes,2,22.02.28,-,-,-,-,-,-,0,-,-,-
1349,-,10,20,22.08.10,2,Female,0,-,Holstein,14611,1,9,-,20.10.09,1.8,22.1,672,10,Fresh,0,-,25.2,126.1,0,160,0,0,0,0,0,0,0,160,0,0,0,0,Report Heat,-,0,-,-,-,3001,-,Female,-,9,Aug,22.08.03,Easy
1350,-,110,111,22.07.21,22,Female,121,22.04.13,Holstein,-,0,-,-,20.10.09,1.8,22.1,672,110,Pregnant,5,22.07.02,-,-,0,0,0,0,0,0,0,0,0,0,0,0,0,0,Conf. Step  Up,Yes,2,22.07.02,-,-,-,-,-,-,0,-,-,-
1351,-,85,110,22.07.16,27,Female,254,21.12.01,Holstein,-,0,-,-,20.10.09,1.8,22.1,672,85,Pregnant,5,22.02.21,-,-,0,0,0,0,0,0,0,0,0,0,0,0,0,0,Conf. Step  Up,Yes,2,22.02.21,-,-,-,-,-,-,0,-,-,-
1352,-,10,20,22.08.10,2,Female,0,-,Holstein,6815,1,4,-,20.10.09,1.8,22.1,672,10,Fresh,0,-,24.7,73.8,0,74,0,0,0,0,0,0,0,74,0,0,0,0,Report Heat,-,0,-,-,-,3018,-,Female,-,4,Aug,22.08.08,-
1354,-,10,20,22.08.10,2,Female,0,-,Holstein,3671,1,9,-,20.10.09,1.8,22.1,672,10,Fresh,0,-,34.9,198.7,0,274,0,0,0,0,0,0,0,274,0,0,0,0,Report Heat,-,0,-,-,-,2997,-,Female,-,9,Aug,22.08.03,-
1355,-,90,91,22.07.21,22,Female,0,22.06.25,Holstein,-,0,-,-,20.10.09,1.8,22.1,672,90,Pregnant (1st Preg Check),3,22.07.30,-,-,0,0,0,0,0,0,0,0,0,0,0,0,0,0,2nd Pregn. Check,-,1,22.07.30,-,-,-,-,-,-,0,-,-,-
1356,-,10,20,22.08.10,2,Female,0,-,Holstein,8149,1,4,-,20.10.10,1.8,22,671,10,Fresh,0,-,21.3,71.4,0,71,0,0,0,0,0,0,0,71,0,0,0,0,Report Heat,-,0,-,-,-,13369,-,Male,-,4,Aug,22.08.08,-
1357,-,110,111,22.07.21,22,Female,184,22.02.09,Holstein,-,0,-,-,20.10.11,1.8,22,670,110,Pregnant,5,22.05.02,-,-,0,0,0,0,0,0,0,0,0,0,0,0,0,0,Conf. Step  Up,Yes,2,22.05.02,-,-,-,-,-,-,0,-,-,-
1358,-,85,110,22.07.10,33,Female,265,21.11.20,Holstein,1351,0,-,-,20.10.11,1.8,22,670,85,Pregnant,5,22.02.21,-,-,0,0,0,0,0,0,0,0,0,0,0,0,0,0,Conf. Step  Up,Yes,2,22.02.21,-,-,-,-,-,-,0,-,-,-
1359,-,85,110,22.07.16,27,Female,248,21.12.07,Holstein,-,0,-,-,20.10.11,1.8,22,670,85,Pregnant,5,22.02.28,-,-,0,0,0,0,0,0,0,0,0,0,0,0,0,0,Conf. Step  Up,Yes,2,22.02.28,-,-,-,-,-,-,0,-,-,-
1360,-,85,110,22.08.08,4,Female,233,21.12.22,Holstein,-,0,-,-,20.10.11,1.8,22,670,85,Pregnant,5,22.03.15,-,-,0,0,0,0,0,0,0,0,0,0,0,0,0,0,Conf. Step  Up,Yes,2,22.03.15,-,-,-,-,-,-,0,-,-,-
1361,-,110,111,22.07.21,22,Female,211,22.01.13,Holstein,-,0,-,-,20.10.11,1.8,22,670,110,Pregnant,5,22.04.04,-,-,0,0,0,0,0,0,0,0,0,0,0,0,0,0,Conf. Step  Up,Yes,2,22.04.04,-,-,-,-,-,-,0,-,-,-
1362,-,90,91,22.07.21,22,Female,0,22.07.06,Holstein,-,0,-,-,20.10.11,1.8,22,670,90,Bred,2,-,-,-,0,0,0,0,0,0,0,0,0,0,0,0,0,0,Pregn. Check,-,0,-,-,-,-,-,-,-,0,-,-,-
1363,-,10,20,22.08.10,2,Female,0,-,Holstein,4053,1,3,-,20.10.11,1.8,22,670,10,Fresh,0,-,22.2,56.7,0,57,0,0,0,0,0,0,0,57,0,0,0,0,Report Heat,-,0,-,-,-,13379,-,Male,-,3,Aug,22.08.09,-
1364,-,10,20,22.08.10,2,Female,0,-,Holstein,2855,1,5,-,20.10.12,1.8,22,669,10,Fresh,0,-,20.7,84.4,0,84,0,0,0,0,0,0,0,84,0,0,0,0,Report Heat,-,0,-,-,-,3012,-,Female,-,5,Aug,22.08.07,-
1365,-,85,110,22.06.22,51,Female,282,21.11.03,Holstein,1572,0,-,-,20.10.13,1.8,21.9,668,85,Pregnant,5,22.01.24,-,-,0,0,0,0,0,0,0,0,0,0,0,0,0,0,Conf. Step  Up,Yes,2,22.01.24,-,-,-,-,-,-,0,-,-,-
1366,-,85,110,22.08.08,4,Female,234,21.12.21,Holstein,-,0,-,-,20.10.13,1.8,21.9,668,85,Pregnant,5,22.03.15,-,-,0,0,0,0,0,0,0,0,0,0,0,0,0,0,Conf. Step  Up,Yes,2,22.03.15,-,-,-,-,-,-,0,-,-,-
1368,-,10,20,22.08.06,6,Female,0,-,Holstein,812,1,21,-,20.10.13,1.8,21.9,668,10,Fresh,0,-,23,163.8,233,318,0,0,0,0,0,0,233,318,0,0,0,0,Report Heat,-,0,-,-,-,13305,-,Male,-,21,Jul,22.07.22,Easy
1369,-,10,20,22.08.10,2,Female,0,-,Holstein,6450,1,10,-,20.10.13,1.8,21.9,668,10,Fresh,0,-,30.6,181.3,0,269,0,0,0,0,0,0,0,269,0,0,0,0,Report Heat,-,0,-,-,-,13339,-,Male,-,10,Aug,22.08.02,Easy
1370,-,10,20,22.08.10,2,Female,0,-,Holstein,3519,1,9,-,20.10.13,1.8,21.9,668,10,Fresh,0,-,25.9,133.6,0,164,0,0,0,0,0,0,0,164,0,0,0,0,Report Heat,-,0,-,-,-,3000,-,Female,-,9,Aug,22.08.03,Easy
1371,-,110,111,22.07.21,22,Female,206,22.01.18,Holstein,-,0,-,-,20.10.13,1.8,21.9,668,110,Pregnant,5,22.04.18,-,-,0,0,0,0,0,0,0,0,0,0,0,0,0,0,Conf. Step  Up,Yes,2,22.04.18,-,-,-,-,-,-,0,-,-,-
1372,-,85,110,22.08.08,4,Female,226,21.12.29,Holstein,-,0,-,-,20.10.13,1.8,21.9,668,85,Pregnant,5,22.03.21,-,-,0,0,0,0,0,0,0,0,0,0,0,0,0,0,Conf. Step  Up,Yes,2,22.03.21,-,-,-,-,-,-,0,-,-,-
1374,-,110,111,22.07.21,22,Female,206,22.01.18,Holstein,-,0,-,-,20.10.13,1.8,21.9,668,110,Pregnant,5,22.04.18,-,-,0,0,0,0,0,0,0,0,0,0,0,0,0,0,Conf. Step  Up,Yes,2,22.04.18,-,-,-,-,-,-,0,-,-,-
1375,-,10,20,22.08.10,2,Female,0,-,Holstein,9965,1,13,-,20.10.14,1.8,21.9,667,10,Fresh,0,-,22,126.4,6,206,0,0,0,0,0,0,6,206,0,0,0,0,Report Heat,-,0,-,-,-,13330,-,Male,-,13,Jul,22.07.30,Easy
1376,-,85,110,22.08.08,4,Female,233,21.12.22,Holstein,-,0,-,-,20.10.14,1.8,21.9,667,85,Pregnant,5,22.03.30,-,-,0,0,0,0,0,0,0,0,0,0,0,0,0,0,Conf. Step  Up,Yes,2,22.03.30,-,-,-,-,-,-,0,-,-,-
1377,-,10,20,22.08.10,2,Female,0,-,Holstein,5515,1,5,-,20.10.14,1.8,21.9,667,10,Fresh,0,-,23,92.5,0,93,0,0,0,0,0,0,0,93,0,0,0,0,Report Heat,-,0,-,-,-,13364,-,Male,-,5,Aug,22.08.07,-
1378,-,85,110,22.07.16,27,Female,248,21.12.07,Holstein,-,0,-,-,20.10.15,1.8,21.9,666,85,Pregnant,5,22.02.28,-,-,0,0,0,0,0,0,0,0,0,0,0,0,0,0,Conf. Step  Up,Yes,2,22.02.28,-,-,-,-,-,-,0,-,-,-
1379,-,85,110,22.07.02,41,Female,268,21.11.17,Holstein,4651,0,-,-,20.10.16,1.8,21.8,665,85,Pregnant,5,22.02.07,-,-,0,0,0,0,0,0,0,0,0,0,0,0,0,0,Conf. Step  Up,Yes,2,22.02.07,-,-,-,-,-,-,0,-,-,-
1380,-,10,20,22.08.06,6,Female,0,-,Holstein,7189,1,30,-,20.10.16,1.8,21.8,665,10,Fresh,0,-,32.5,203.2,487,383,0,0,0,0,0,0,487,383,0,0,0,0,Report Heat,-,0,-,-,-,2941,-,Female,-,30,Jul,22.07.13,-
1381,-,10,20,22.08.10,2,Female,0,-,Holstein,6773,1,3,-,20.10.16,1.8,21.8,665,10,Fresh,0,-,18.3,40.3,0,40,0,0,0,0,0,0,0,40,0,0,0,0,Report Heat,-,0,-,-,-,3022,-,Female,-,3,Aug,22.08.09,-
1382,-,110,111,22.07.21,22,Female,219,22.01.05,Holstein,-,0,-,-,20.10.16,1.8,21.8,665,110,Pregnant,5,22.03.30,-,-,0,0,0,0,0,0,0,0,0,0,0,0,0,0,Conf. Step  Up,Yes,3,22.03.30,-,-,-,-,-,-,0,-,-,-
1383,-,110,111,22.07.21,22,Female,219,22.01.05,Holstein,-,0,-,-,20.10.17,1.8,21.8,664,110,Pregnant,5,22.03.30,-,-,0,0,0,0,0,0,0,0,0,0,0,0,0,0,Conf. Step  Up,Yes,2,22.03.30,-,-,-,-,-,-,0,-,-,-
1384,-,110,111,22.07.21,22,Female,215,22.01.09,Holstein,-,0,-,-,20.10.18,1.8,21.8,663,110,Pregnant,5,22.04.04,-,-,0,0,0,0,0,0,0,0,0,0,0,0,0,0,Conf. Step  Up,Yes,2,22.04.04,-,-,-,-,-,-,0,-,-,-
1385,-,110,111,22.07.21,22,Female,171,22.02.22,Holstein,-,0,-,-,20.10.18,1.8,21.8,663,110,Pregnant,5,22.05.30,-,-,0,0,0,0,0,0,0,0,0,0,0,0,0,0,Conf. Step  Up,Yes,2,22.05.30,-,-,-,-,-,-,0,-,-,-
1386,-,85,110,22.08.08,4,Female,232,21.12.23,Holstein,-,0,-,-,20.10.18,1.8,21.8,663,85,Pregnant,5,22.03.15,-,-,0,0,0,0,0,0,0,0,0,0,0,0,0,0,Conf. Step  Up,Yes,2,22.03.15,-,-,-,-,-,-,0,-,-,-
1387,-,10,20,22.08.10,2,Female,0,-,Holstein,2651,1,3,-,20.10.18,1.8,21.8,663,10,Fresh,0,-,24.9,52.1,0,52,0,0,0,0,0,0,0,52,0,0,0,0,Report Heat,-,0,-,-,-,13387,-,Male,-,3,Aug,22.08.09,-
1388,-,90,91,22.07.21,22,Female,0,22.06.06,Holstein,-,0,-,-,20.10.18,1.8,21.8,663,90,Pregnant (1st Preg Check),3,22.07.14,-,-,0,0,0,0,0,0,0,0,0,0,0,0,0,0,2nd Pregn. Check,-,1,22.07.14,-,-,-,-,-,-,0,-,-,-
1389,-,85,110,22.08.08,4,Female,235,21.12.20,Holstein,-,0,-,-,20.10.19,1.8,21.7,662,85,Pregnant,5,22.03.15,-,-,0,0,0,0,0,0,0,0,0,0,0,0,0,0,Conf. Step  Up,Yes,2,22.03.15,-,-,-,-,-,-,0,-,-,-
1391,-,110,111,22.07.21,22,Female,176,22.02.17,Holstein,-,0,-,-,20.10.20,1.8,21.7,661,110,Pregnant,5,22.05.30,-,-,0,0,0,0,0,0,0,0,0,0,0,0,0,0,Conf. Step  Up,Yes,2,22.05.30,-,-,-,-,-,-,0,-,-,-
1392,-,85,110,22.08.08,4,Female,233,21.12.22,Holstein,-,0,-,-,20.10.21,1.8,21.7,660,85,Pregnant,5,22.03.15,-,-,0,0,0,0,0,0,0,0,0,0,0,0,0,0,Conf. Step  Up,Yes,2,22.03.15,-,-,-,-,-,-,0,-,-,-
1393,-,85,110,22.08.08,4,Female,236,21.12.19,Holstein,-,0,-,-,20.10.21,1.8,21.7,660,85,Pregnant,5,22.03.15,-,-,0,0,0,0,0,0,0,0,0,0,0,0,0,0,Conf. Step  Up,Yes,2,22.03.15,-,-,-,-,-,-,0,-,-,-
1394,-,90,91,22.07.21,22,Female,0,22.04.17,Holstein,-,0,-,-,20.10.21,1.8,21.7,660,90,Open,1,22.06.12,-,-,0,0,0,0,0,0,0,0,0,0,0,0,0,0,Inseminate,-,0,22.06.12,-,-,-,-,-,-,0,-,-,-
1396,-,85,110,22.08.08,4,Female,234,21.12.21,Holstein,-,0,-,-,20.10.22,1.8,21.7,659,85,Pregnant,5,22.03.15,-,-,0,0,0,0,0,0,0,0,0,0,0,0,0,0,Conf. Step  Up,Yes,2,22.03.15,-,-,-,-,-,-,0,-,-,-
1397,-,110,111,22.07.21,22,Female,187,22.02.06,Holstein,-,0,-,-,20.10.23,1.8,21.6,658,110,Pregnant,5,22.05.02,-,-,0,0,0,0,0,0,0,0,0,0,0,0,0,0,Conf. Step  Up,Yes,2,22.05.02,-,-,-,-,-,-,0,-,-,-
1398,-,110,111,22.07.21,22,Female,219,22.01.05,Holstein,-,0,-,-,20.10.23,1.8,21.6,658,110,Pregnant,5,22.03.30,-,-,0,0,0,0,0,0,0,0,0,0,0,0,0,0,Conf. Step  Up,Yes,3,22.03.30,-,-,-,-,-,-,0,-,-,-
1399,-,110,111,22.07.21,22,Female,220,22.01.04,Holstein,-,0,-,-,20.10.23,1.8,21.6,658,110,Pregnant,5,22.03.30,-,-,0,0,0,0,0,0,0,0,0,0,0,0,0,0,Conf. Step  Up,Yes,2,22.03.30,-,-,-,-,-,-,0,-,-,-
1400,-,110,111,22.07.21,22,Female,212,22.01.12,Holstein,-,0,-,-,20.10.24,1.8,21.6,657,110,Pregnant,5,22.04.04,-,-,0,0,0,0,0,0,0,0,0,0,0,0,0,0,Conf. Step  Up,Yes,2,22.04.04,-,-,-,-,-,-,0,-,-,-
1401,-,110,111,22.07.21,22,Female,214,22.01.10,Holstein,-,0,-,-,20.10.24,1.8,21.6,657,110,Pregnant,5,22.04.04,-,-,0,0,0,0,0,0,0,0,0,0,0,0,0,0,Conf. Step  Up,Yes,2,22.04.04,-,-,-,-,-,-,0,-,-,-
1405,-,110,111,22.07.21,22,Female,215,22.01.09,Holstein,-,0,-,-,20.10.24,1.8,21.6,657,110,Pregnant,5,22.04.04,-,-,0,0,0,0,0,0,0,0,0,0,0,0,0,0,Conf. Step  Up,Yes,2,22.04.04,-,-,-,-,-,-,0,-,-,-
1406,-,85,110,22.08.08,4,Female,234,21.12.21,Holstein,-,0,-,-,20.10.25,1.8,21.6,656,85,Pregnant,5,22.03.15,-,-,0,0,0,0,0,0,0,0,0,0,0,0,0,0,Conf. Step  Up,Yes,2,22.03.15,-,-,-,-,-,-,0,-,-,-
1407,-,110,111,22.07.21,22,Female,182,22.02.11,Holstein,-,0,-,-,20.10.26,1.8,21.5,655,110,Pregnant,5,22.05.02,-,-,0,0,0,0,0,0,0,0,0,0,0,0,0,0,Conf. Step  Up,Yes,2,22.05.02,-,-,-,-,-,-,0,-,-,-
1408,-,90,91,22.07.21,22,Female,0,22.07.30,Holstein,-,0,-,-,20.10.26,1.8,21.5,655,90,Bred,1,-,-,-,0,0,0,0,0,0,0,0,0,0,0,0,0,0,Inseminate,-,0,-,-,-,-,-,-,-,0,-,-,-
1409,-,110,111,22.07.21,22,Female,109,22.04.25,Holstein,-,0,-,-,20.10.28,1.8,21.5,653,110,Pregnant,5,22.07.16,-,-,0,0,0,0,0,0,0,0,0,0,0,0,0,0,Conf. Step  Up,Yes,2,22.07.16,-,-,-,-,-,-,0,-,-,-
1410,-,110,111,22.07.21,22,Female,107,22.04.27,Holstein,-,0,-,-,20.10.30,1.8,21.4,651,110,Pregnant,5,22.07.16,-,-,0,0,0,0,0,0,0,0,0,0,0,0,0,0,Conf. Step  Up,Yes,2,22.07.16,-,-,-,-,-,-,0,-,-,-
1411,-,85,110,22.08.08,4,Female,234,21.12.21,Holstein,-,0,-,-,20.10.30,1.8,21.4,651,85,Pregnant,5,22.03.15,-,-,0,0,0,0,0,0,0,0,0,0,0,0,0,0,Conf. Step  Up,Yes,2,22.03.15,-,-,-,-,-,-,0,-,-,-
1412,-,110,111,22.07.21,22,Female,218,22.01.06,Holstein,-,0,-,-,20.10.30,1.8,21.4,651,110,Pregnant,5,22.03.30,-,-,0,0,0,0,0,0,0,0,0,0,0,0,0,0,Conf. Step  Up,Yes,2,22.03.30,-,-,-,-,-,-,0,-,-,-
1413,-,110,111,22.07.21,22,Female,198,22.01.26,Holstein,-,0,-,-,20.10.31,1.8,21.4,650,110,Pregnant,5,22.05.02,-,-,0,0,0,0,0,0,0,0,0,0,0,0,0,0,Conf. Step  Up,Yes,2,22.05.02,-,-,-,-,-,-,0,-,-,-
1414,-,110,111,22.07.21,22,Female,173,22.02.20,Holstein,-,0,-,-,20.11.01,1.8,21.3,649,110,Pregnant,5,22.05.30,-,-,0,0,0,0,0,0,0,0,0,0,0,0,0,0,Conf. Step  Up,Yes,2,22.05.30,-,-,-,-,-,-,0,-,-,-
1415,-,110,111,22.07.21,22,Female,170,22.02.23,Holstein,-,0,-,-,20.11.02,1.8,21.3,648,110,Pregnant,5,22.05.30,-,-,0,0,0,0,0,0,0,0,0,0,0,0,0,0,Conf. Step  Up,Yes,2,22.05.30,-,-,-,-,-,-,0,-,-,-
1416,-,85,110,22.08.08,4,Female,238,21.12.17,Holstein,-,0,-,-,20.11.03,1.8,21.3,647,85,Pregnant,5,22.03.15,-,-,0,0,0,0,0,0,0,0,0,0,0,0,0,0,Conf. Step  Up,Yes,2,22.03.15,-,-,-,-,-,-,0,-,-,-
1417,-,85,110,22.08.08,4,Female,234,21.12.21,Holstein,-,0,-,-,20.11.04,1.8,21.2,646,85,Pregnant,5,22.03.15,-,-,0,0,0,0,0,0,0,0,0,0,0,0,0,0,Conf. Step  Up,Yes,2,22.03.15,-,-,-,-,-,-,0,-,-,-
1418,-,110,111,22.07.21,22,Female,197,22.01.27,Holstein,-,0,-,-,20.11.04,1.8,21.2,646,110,Pregnant,5,22.04.18,-,-,0,0,0,0,0,0,0,0,0,0,0,0,0,0,Conf. Step  Up,Yes,2,22.04.18,-,-,-,-,-,-,0,-,-,-
1419,-,90,91,22.07.21,22,Female,0,22.07.23,Holstein,-,0,-,-,20.11.05,1.8,21.2,645,90,Bred,1,22.06.17,-,-,0,0,0,0,0,0,0,0,0,0,0,0,0,0,Inseminate,-,0,22.06.17,-,-,-,-,-,-,0,-,-,-
1420,-,110,111,22.07.21,22,Female,199,22.01.25,Holstein,-,0,-,-,20.11.05,1.8,21.2,645,110,Pregnant,5,22.04.18,-,-,0,0,0,0,0,0,0,0,0,0,0,0,0,0,Conf. Step  Up,Yes,2,22.04.18,-,-,-,-,-,-,0,-,-,-
1421,-,85,110,22.08.08,4,Female,236,21.12.19,Holstein,-,0,-,-,20.11.06,1.8,21.2,644,85,Pregnant,5,22.03.15,-,-,0,0,0,0,0,0,0,0,0,0,0,0,0,0,Conf. Step  Up,Yes,2,22.03.15,-,-,-,-,-,-,0,-,-,-
1422,-,110,111,22.07.21,22,Female,182,22.02.11,Holstein,-,0,-,-,20.11.07,1.8,21.1,643,110,Pregnant,5,22.05.30,-,-,0,0,0,0,0,0,0,0,0,0,0,0,0,0,Conf. Step  Up,Yes,2,22.05.30,-,-,-,-,-,-,0,-,-,-
1423,-,85,110,22.08.08,4,Female,234,21.12.21,Holstein,-,0,-,-,20.11.07,1.8,21.1,643,85,Pregnant,5,22.03.15,-,-,0,0,0,0,0,0,0,0,0,0,0,0,0,0,Conf. Step  Up,Yes,2,22.03.15,-,-,-,-,-,-,0,-,-,-
1424,-,110,111,22.07.21,22,Female,218,22.01.06,Holstein,-,0,-,-,20.11.07,1.8,21.1,643,110,Pregnant,5,22.03.30,-,-,0,0,0,0,0,0,0,0,0,0,0,0,0,0,Conf. Step  Up,Yes,2,22.03.30,-,-,-,-,-,-,0,-,-,-
1425,-,110,111,22.07.21,22,Female,220,22.01.04,Holstein,-,0,-,-,20.11.08,1.8,21.1,642,110,Pregnant,5,22.03.30,-,-,0,0,0,0,0,0,0,0,0,0,0,0,0,0,Conf. Step  Up,Yes,2,22.03.30,-,-,-,-,-,-,0,-,-,-
1426,-,85,110,22.08.08,4,Female,233,21.12.22,Holstein,-,0,-,-,20.11.08,1.8,21.1,642,85,Pregnant,5,22.03.15,-,-,0,0,0,0,0,0,0,0,0,0,0,0,0,0,Conf. Step  Up,Yes,2,22.03.15,-,-,-,-,-,-,0,-,-,-
1427,-,85,110,22.08.08,4,Female,232,21.12.23,Holstein,-,0,-,-,20.11.09,1.8,21.1,641,85,Pregnant,5,22.03.15,-,-,0,0,0,0,0,0,0,0,0,0,0,0,0,0,Conf. Step  Up,Yes,2,22.03.15,-,-,-,-,-,-,0,-,-,-
1428,-,110,111,22.07.21,22,Female,135,22.03.30,Holstein,-,0,-,-,20.11.09,1.8,21.1,641,110,Pregnant,5,22.06.20,-,-,0,0,0,0,0,0,0,0,0,0,0,0,0,0,Conf. Step  Up,Yes,2,22.06.20,-,-,-,-,-,-,0,-,-,-
1429,-,110,111,22.07.21,22,Female,126,22.04.08,Holstein,-,0,-,-,20.11.09,1.8,21.1,641,110,Pregnant,5,22.07.02,-,-,0,0,0,0,0,0,0,0,0,0,0,0,0,0,Conf. Step  Up,Yes,2,22.07.02,-,-,-,-,-,-,0,-,-,-
1430,-,90,91,22.07.21,22,Female,0,22.08.10,Holstein,-,0,-,-,20.11.09,1.8,21.1,641,90,Bred,1,-,-,-,0,0,0,0,0,0,0,0,0,0,0,0,0,0,Inseminate,-,0,-,-,-,-,-,-,-,0,-,-,-
1431,-,85,110,22.08.08,4,Female,234,21.12.21,Holstein,-,0,-,-,20.11.10,1.8,21,640,85,Pregnant,5,22.03.15,-,-,0,0,0,0,0,0,0,0,0,0,0,0,0,0,Conf. Step  Up,Yes,2,22.03.15,-,-,-,-,-,-,0,-,-,-
1432,-,110,111,22.07.21,22,Female,215,22.01.09,Holstein,-,0,-,-,20.11.11,1.7,21,639,110,Pregnant,5,22.04.04,-,-,0,0,0,0,0,0,0,0,0,0,0,0,0,0,Conf. Step  Up,Yes,2,22.04.04,-,-,-,-,-,-,0,-,-,-
1434,-,110,111,22.07.21,22,Female,209,22.01.15,Holstein,-,0,-,-,20.11.11,1.7,21,639,110,Pregnant,5,22.04.18,-,-,0,0,0,0,0,0,0,0,0,0,0,0,0,0,Conf. Step  Up,Yes,2,22.04.18,-,-,-,-,-,-,0,-,-,-
1436,-,110,111,22.07.21,22,Female,171,22.02.22,Holstein,-,0,-,-,20.11.13,1.7,20.9,637,110,Pregnant,5,22.05.30,-,-,0,0,0,0,0,0,0,0,0,0,0,0,0,0,Conf. Step  Up,Yes,2,22.05.30,-,-,-,-,-,-,0,-,-,-
1437,-,85,110,22.08.08,4,Female,235,21.12.20,Holstein,-,0,-,-,20.11.13,1.7,20.9,637,85,Pregnant,5,22.03.15,-,-,0,0,0,0,0,0,0,0,0,0,0,0,0,0,Conf. Step  Up,Yes,2,22.03.15,-,-,-,-,-,-,0,-,-,-
1438,-,199,190,22.02.01,192,Female,0,-,Holstein,-,0,-,Yes,20.11.14,1.7,20.9,636,199,"Cull, Not Pregnant",1,-,-,-,0,0,0,0,0,0,0,0,0,0,0,0,0,0,Inseminate,-,0,-,-,-,-,-,-,-,0,-,-,-
1439,-,85,110,22.08.08,4,Female,233,21.12.22,Holstein,-,0,-,-,20.11.15,1.7,20.9,635,85,Pregnant,5,22.03.15,-,-,0,0,0,0,0,0,0,0,0,0,0,0,0,0,Conf. Step  Up,Yes,2,22.03.15,-,-,-,-,-,-,0,-,-,-
1440,-,90,91,22.07.21,22,Female,0,22.06.22,Holstein,-,0,-,-,20.11.15,1.7,20.9,635,90,Pregnant (1st Preg Check),3,22.07.30,-,-,0,0,0,0,0,0,0,0,0,0,0,0,0,0,2nd Pregn. Check,-,1,22.07.30,-,-,-,-,-,-,0,-,-,-
1441,-,85,110,22.08.08,4,Female,236,21.12.19,Holstein,-,0,-,-,20.11.16,1.7,20.8,634,85,Pregnant,5,22.03.15,-,-,0,0,0,0,0,0,0,0,0,0,0,0,0,0,Conf. Step  Up,Yes,2,22.03.15,-,-,-,-,-,-,0,-,-,-
1442,-,110,111,22.07.21,22,Female,163,22.03.02,Holstein,-,0,-,-,20.11.16,1.7,20.8,634,110,Pregnant,5,22.05.30,-,-,0,0,0,0,0,0,0,0,0,0,0,0,0,0,Conf. Step  Up,Yes,2,22.05.30,-,-,-,-,-,-,0,-,-,-
1443,-,110,111,22.07.21,22,Female,192,22.02.01,Holstein,-,0,-,-,20.11.16,1.7,20.8,634,110,Pregnant,5,22.05.02,-,-,0,0,0,0,0,0,0,0,0,0,0,0,0,0,Conf. Step  Up,Yes,2,22.05.02,-,-,-,-,-,-,0,-,-,-
1444,-,110,111,22.07.21,22,Female,219,22.01.05,Holstein,-,0,-,-,20.11.16,1.7,20.8,634,110,Pregnant,5,22.03.30,-,-,0,0,0,0,0,0,0,0,0,0,0,0,0,0,Conf. Step  Up,Yes,2,22.03.30,-,-,-,-,-,-,0,-,-,-
1445,-,110,111,22.07.21,22,Female,159,22.03.06,Holstein,-,0,-,-,20.11.16,1.7,20.8,634,110,Pregnant,5,22.05.30,-,-,0,0,0,0,0,0,0,0,0,0,0,0,0,0,Conf. Step  Up,Yes,2,22.05.30,-,-,-,-,-,-,0,-,-,-
1446,-,85,110,22.08.08,4,Female,234,21.12.21,Holstein,-,0,-,-,20.11.17,1.7,20.8,633,85,Pregnant,5,22.03.15,-,-,0,0,0,0,0,0,0,0,0,0,0,0,0,0,Conf. Step  Up,Yes,2,22.03.15,-,-,-,-,-,-,0,-,-,-
1447,-,85,110,22.08.08,4,Female,233,21.12.22,Holstein,-,0,-,-,20.11.17,1.7,20.8,633,85,Pregnant,5,22.03.15,-,-,0,0,0,0,0,0,0,0,0,0,0,0,0,0,Conf. Step  Up,Yes,2,22.03.15,-,-,-,-,-,-,0,-,-,-
1448,-,110,111,22.07.21,22,Female,211,22.01.13,Holstein,-,0,-,-,20.11.17,1.7,20.8,633,110,Pregnant,5,22.04.04,-,-,0,0,0,0,0,0,0,0,0,0,0,0,0,0,Conf. Step  Up,Yes,2,22.04.04,-,-,-,-,-,-,0,-,-,-
1449,-,110,111,22.07.21,22,Female,216,22.01.08,Holstein,-,0,-,-,20.11.18,1.7,20.8,632,110,Pregnant,5,22.04.04,-,-,0,0,0,0,0,0,0,0,0,0,0,0,0,0,Conf. Step  Up,Yes,2,22.04.04,-,-,-,-,-,-,0,-,-,-
1450,-,85,110,22.08.08,4,Female,233,21.12.22,Holstein,-,0,-,-,20.11.17,1.7,20.8,633,85,Pregnant,5,22.03.15,-,-,0,0,0,0,0,0,0,0,0,0,0,0,0,0,Conf. Step  Up,Yes,2,22.03.15,-,-,-,-,-,-,0,-,-,-
1451,-,110,111,22.07.21,22,Female,135,22.03.30,Holstein,-,0,-,-,20.11.18,1.7,20.8,632,110,Pregnant,5,22.06.20,-,-,0,0,0,0,0,0,0,0,0,0,0,0,0,0,Conf. Step  Up,Yes,2,22.06.20,-,-,-,-,-,-,0,-,-,-
1452,-,110,111,22.07.21,22,Female,170,22.02.23,Holstein,-,0,-,-,20.11.19,1.7,20.7,631,110,Pregnant,5,22.05.30,-,-,0,0,0,0,0,0,0,0,0,0,0,0,0,0,Conf. Step  Up,Yes,2,22.05.30,-,-,-,-,-,-,0,-,-,-
1453,-,85,110,22.08.08,4,Female,234,21.12.21,Holstein,-,0,-,-,20.11.19,1.7,20.7,631,85,Pregnant,5,22.03.15,-,-,0,0,0,0,0,0,0,0,0,0,0,0,0,0,Conf. Step  Up,Yes,2,22.03.15,-,-,-,-,-,-,0,-,-,-
1455,-,110,111,22.07.21,22,Female,130,22.04.04,Holstein,-,0,-,-,20.11.19,1.7,20.7,631,110,Pregnant,5,22.07.02,-,-,0,0,0,0,0,0,0,0,0,0,0,0,0,0,Conf. Step  Up,Yes,2,22.07.02,-,-,-,-,-,-,0,-,-,-
1456,-,85,110,22.08.08,4,Female,233,21.12.22,Holstein,-,0,-,-,20.11.22,1.7,20.6,628,85,Pregnant,5,22.03.15,-,-,0,0,0,0,0,0,0,0,0,0,0,0,0,0,Conf. Step  Up,Yes,2,22.03.15,-,-,-,-,-,-,0,-,-,-
1457,-,85,110,22.08.08,4,Female,234,21.12.21,Holstein,-,0,-,-,20.11.22,1.7,20.6,628,85,Pregnant,5,22.03.15,-,-,0,0,0,0,0,0,0,0,0,0,0,0,0,0,Conf. Step  Up,Yes,2,22.03.15,-,-,-,-,-,-,0,-,-,-
1458,-,85,110,22.08.08,4,Female,233,21.12.22,Holstein,-,0,-,-,20.11.22,1.7,20.6,628,85,Pregnant,5,22.03.15,-,-,0,0,0,0,0,0,0,0,0,0,0,0,0,0,Conf. Step  Up,Yes,2,22.03.15,-,-,-,-,-,-,0,-,-,-
1459,-,110,111,22.07.21,22,Female,138,22.03.27,Holstein,-,0,-,-,20.11.22,1.7,20.6,628,110,Pregnant,5,22.06.20,-,-,0,0,0,0,0,0,0,0,0,0,0,0,0,0,Conf. Step  Up,Yes,2,22.06.20,-,-,-,-,-,-,0,-,-,-
1460,-,110,111,22.07.21,22,Female,0,22.05.01,Holstein,-,0,-,-,20.11.23,1.7,20.6,627,110,Pregnant (1st Preg Check),3,22.06.16,-,-,0,0,0,0,0,0,0,0,0,0,0,0,0,0,2nd Pregn. Check,-,1,22.06.16,-,-,-,-,-,-,0,-,-,-
1461,-,110,111,22.07.21,22,Female,222,22.01.02,Holstein,-,0,-,-,20.11.23,1.7,20.6,627,110,Pregnant,5,22.03.30,-,-,0,0,0,0,0,0,0,0,0,0,0,0,0,0,Conf. Step  Up,Yes,2,22.03.30,-,-,-,-,-,-,0,-,-,-
1462,-,85,110,22.08.08,4,Female,232,21.12.23,Holstein,-,0,-,-,20.11.24,1.7,20.6,626,85,Pregnant,5,22.03.15,-,-,0,0,0,0,0,0,0,0,0,0,0,0,0,0,Conf. Step  Up,Yes,2,22.03.15,-,-,-,-,-,-,0,-,-,-
1463,-,90,91,22.07.21,22,Female,0,22.06.17,Holstein,-,0,-,-,20.11.24,1.7,20.6,626,90,Pregnant (1st Preg Check),3,22.07.23,-,-,0,0,0,0,0,0,0,0,0,0,0,0,0,0,2nd Pregn. Check,-,1,22.07.23,-,-,-,-,-,-,0,-,-,-
1464,-,110,111,22.07.21,22,Female,182,22.02.11,Holstein,-,0,-,-,20.11.24,1.7,20.6,626,110,Pregnant,5,22.05.02,-,-,0,0,0,0,0,0,0,0,0,0,0,0,0,0,Conf. Step  Up,Yes,2,22.05.02,-,-,-,-,-,-,0,-,-,-
1465,-,110,111,22.07.21,22,Female,192,22.02.01,Holstein,-,0,-,-,20.11.24,1.7,20.6,626,110,Pregnant,5,22.05.02,-,-,0,0,0,0,0,0,0,0,0,0,0,0,0,0,Conf. Step  Up,Yes,2,22.05.02,-,-,-,-,-,-,0,-,-,-
1466,-,110,111,22.07.21,22,Female,205,22.01.19,Holstein,-,0,-,-,20.11.24,1.7,20.6,626,110,Pregnant,5,22.04.18,-,-,0,0,0,0,0,0,0,0,0,0,0,0,0,0,Conf. Step  Up,Yes,2,22.04.18,-,-,-,-,-,-,0,-,-,-
1467,-,85,110,22.08.08,4,Female,236,21.12.19,Holstein,-,0,-,-,20.11.24,1.7,20.6,626,85,Pregnant,5,22.03.15,-,-,0,0,0,0,0,0,0,0,0,0,0,0,0,0,Conf. Step  Up,Yes,2,22.03.15,-,-,-,-,-,-,0,-,-,-
1468,-,110,111,22.07.21,22,Female,219,22.01.05,Holstein,-,0,-,-,20.11.25,1.7,20.5,625,110,Pregnant,5,22.03.30,-,-,0,0,0,0,0,0,0,0,0,0,0,0,0,0,Conf. Step  Up,Yes,2,22.03.30,-,-,-,-,-,-,0,-,-,-
1469,-,199,190,22.03.01,164,Female,0,22.01.09,Holstein,-,0,-,Yes,20.11.26,1.7,20.5,624,199,"Cull, Not Pregnant",3,-,-,-,0,0,0,0,0,0,0,0,0,0,0,0,0,0,2nd Pregn. Check,-,0,-,-,-,-,-,-,-,0,-,-,-
1470,-,110,111,22.07.21,22,Female,210,22.01.14,Holstein,-,0,-,-,20.11.26,1.7,20.5,624,110,Pregnant,5,22.04.04,-,-,0,0,0,0,0,0,0,0,0,0,0,0,0,0,Conf. Step  Up,Yes,2,22.04.04,-,-,-,-,-,-,0,-,-,-
1471,-,110,111,22.07.21,22,Female,218,22.01.06,Holstein,-,0,-,-,20.11.27,1.7,20.5,623,110,Pregnant,5,22.03.30,-,-,0,0,0,0,0,0,0,0,0,0,0,0,0,0,Conf. Step  Up,Yes,2,22.03.30,-,-,-,-,-,-,0,-,-,-
1472,-,85,110,22.08.08,4,Female,225,21.12.30,Holstein,-,0,-,-,20.11.28,1.7,20.4,622,85,Pregnant,5,22.03.21,-,-,0,0,0,0,0,0,0,0,0,0,0,0,0,0,Conf. Step  Up,Yes,2,22.03.21,-,-,-,-,-,-,0,-,-,-
1473,-,110,111,22.07.21,22,Female,200,22.01.24,Holstein,-,0,-,-,20.11.28,1.7,20.4,622,110,Pregnant,5,22.04.18,-,-,0,0,0,0,0,0,0,0,0,0,0,0,0,0,Conf. Step  Up,Yes,2,22.04.18,-,-,-,-,-,-,0,-,-,-
1474,-,85,110,22.08.08,4,Female,234,21.12.21,Holstein,-,0,-,-,20.11.28,1.7,20.4,622,85,Pregnant,5,22.03.15,-,-,0,0,0,0,0,0,0,0,0,0,0,0,0,0,Conf. Step  Up,Yes,2,22.03.15,-,-,-,-,-,-,0,-,-,-
1475,-,110,111,22.07.21,22,Female,164,22.03.01,Holstein,-,0,-,-,20.11.28,1.7,20.4,622,110,Pregnant,5,22.05.30,-,-,0,0,0,0,0,0,0,0,0,0,0,0,0,0,Conf. Step  Up,Yes,2,22.05.30,-,-,-,-,-,-,0,-,-,-
1476,-,85,110,22.08.08,4,Female,232,21.12.23,Holstein,-,0,-,-,20.11.28,1.7,20.4,622,85,Pregnant,5,22.03.15,-,-,0,0,0,0,0,0,0,0,0,0,0,0,0,0,Conf. Step  Up,Yes,2,22.03.15,-,-,-,-,-,-,0,-,-,-
1477,-,85,110,22.08.08,4,Female,233,21.12.22,Holstein,-,0,-,-,20.11.28,1.7,20.4,622,85,Pregnant,5,22.03.15,-,-,0,0,0,0,0,0,0,0,0,0,0,0,0,0,Conf. Step  Up,Yes,2,22.03.15,-,-,-,-,-,-,0,-,-,-
1478,-,85,110,22.08.08,4,Female,233,21.12.22,Holstein,-,0,-,-,20.11.29,1.7,20.4,621,85,Pregnant,5,22.03.15,-,-,0,0,0,0,0,0,0,0,0,0,0,0,0,0,Conf. Step  Up,Yes,2,22.03.15,-,-,-,-,-,-,0,-,-,-
1479,-,110,111,22.07.21,22,Female,142,22.03.23,Holstein,-,0,-,-,20.11.30,1.7,20.4,620,110,Pregnant,5,22.06.20,-,-,0,0,0,0,0,0,0,0,0,0,0,0,0,0,Conf. Step  Up,Yes,2,22.06.20,-,-,-,-,-,-,0,-,-,-
1480,-,110,111,22.07.21,22,Female,0,22.04.28,Holstein,-,0,-,-,20.11.30,1.7,20.4,620,110,Pregnant (1st Preg Check),3,22.06.16,-,-,0,0,0,0,0,0,0,0,0,0,0,0,0,0,2nd Pregn. Check,-,1,22.06.16,-,-,-,-,-,-,0,-,-,-
1481,-,90,91,22.07.21,22,Female,0,22.07.14,Holstein,-,0,-,-,20.11.30,1.7,20.4,620,90,Bred,1,22.06.20,-,-,0,0,0,0,0,0,0,0,0,0,0,0,0,0,Inseminate,-,0,22.06.20,-,-,-,-,-,-,0,-,-,-
1482,-,90,91,22.07.21,22,Female,0,22.06.20,Holstein,-,0,-,-,20.11.29,1.7,20.4,621,90,Pregnant (1st Preg Check),3,22.07.30,-,-,0,0,0,0,0,0,0,0,0,0,0,0,0,0,2nd Pregn. Check,-,1,22.07.30,-,-,-,-,-,-,0,-,-,-
1483,-,110,111,22.07.21,22,Female,164,22.03.01,Holstein,-,0,-,-,20.11.29,1.7,20.4,621,110,Pregnant,5,22.05.30,-,-,0,0,0,0,0,0,0,0,0,0,0,0,0,0,Conf. Step  Up,Yes,2,22.05.30,-,-,-,-,-,-,0,-,-,-
1484,-,110,111,22.07.21,22,Female,187,22.02.06,Holstein,-,0,-,-,20.11.30,1.7,20.4,620,110,Pregnant,5,22.05.02,-,-,0,0,0,0,0,0,0,0,0,0,0,0,0,0,Conf. Step  Up,Yes,2,22.05.02,-,-,-,-,-,-,0,-,-,-
1485,-,110,111,22.07.21,22,Female,214,22.01.10,Holstein,-,0,-,-,20.11.30,1.7,20.4,620,110,Pregnant,5,22.04.04,-,-,0,0,0,0,0,0,0,0,0,0,0,0,0,0,Conf. Step  Up,Yes,2,22.04.04,-,-,-,-,-,-,0,-,-,-
1486,-,110,111,22.07.21,22,Female,220,22.01.04,Holstein,-,0,-,-,20.11.30,1.7,20.4,620,110,Pregnant,5,22.03.30,-,-,0,0,0,0,0,0,0,0,0,0,0,0,0,0,Conf. Step  Up,Yes,2,22.03.30,-,-,-,-,-,-,0,-,-,-
1487,-,110,111,22.07.21,22,Female,215,22.01.09,Holstein,-,0,-,-,20.12.01,1.7,20.3,619,110,Pregnant,5,22.04.04,-,-,0,0,0,0,0,0,0,0,0,0,0,0,0,0,Conf. Step  Up,Yes,2,22.04.04,-,-,-,-,-,-,0,-,-,-
1488,-,85,110,22.08.08,4,Female,234,21.12.21,Holstein,-,0,-,-,20.12.02,1.7,20.3,618,85,Pregnant,5,22.03.15,-,-,0,0,0,0,0,0,0,0,0,0,0,0,0,0,Conf. Step  Up,Yes,2,22.03.15,-,-,-,-,-,-,0,-,-,-
1489,-,110,111,22.07.21,22,Female,166,22.02.27,Holstein,-,0,-,-,20.12.02,1.7,20.3,618,110,Pregnant,5,22.05.30,-,-,0,0,0,0,0,0,0,0,0,0,0,0,0,0,Conf. Step  Up,Yes,2,22.05.30,-,-,-,-,-,-,0,-,-,-
1490,-,110,111,22.07.21,22,Female,219,22.01.05,Holstein,-,0,-,-,20.12.04,1.7,20.2,616,110,Pregnant,5,22.03.30,-,-,0,0,0,0,0,0,0,0,0,0,0,0,0,0,Conf. Step  Up,Yes,2,22.03.30,-,-,-,-,-,-,0,-,-,-
1491,-,110,111,22.07.21,22,Female,151,22.03.14,Holstein,-,0,-,-,20.12.04,1.7,20.2,616,110,Pregnant,5,22.06.20,-,-,0,0,0,0,0,0,0,0,0,0,0,0,0,0,Conf. Step  Up,Yes,2,22.06.20,-,-,-,-,-,-,0,-,-,-
1492,-,110,111,22.07.21,22,Female,191,22.02.02,Holstein,-,0,-,-,20.12.05,1.7,20.2,615,110,Pregnant,5,22.05.30,-,-,0,0,0,0,0,0,0,0,0,0,0,0,0,0,Conf. Step  Up,Yes,2,22.05.30,-,-,-,-,-,-,0,-,-,-
1493,-,90,91,22.07.21,22,Female,0,22.06.08,Holstein,-,0,-,-,20.12.05,1.7,20.2,615,90,Pregnant (1st Preg Check),3,22.07.14,-,-,0,0,0,0,0,0,0,0,0,0,0,0,0,0,2nd Pregn. Check,-,1,22.07.14,-,-,-,-,-,-,0,-,-,-
1494,-,110,111,22.07.21,22,Female,219,22.01.05,Holstein,-,0,-,-,20.12.05,1.7,20.2,615,110,Pregnant,5,22.03.30,-,-,0,0,0,0,0,0,0,0,0,0,0,0,0,0,Conf. Step  Up,Yes,3,22.03.30,-,-,-,-,-,-,0,-,-,-
1495,-,110,111,22.07.21,22,Female,147,22.03.18,Holstein,-,0,-,-,20.12.06,1.7,20.2,614,110,Pregnant,5,22.06.20,-,-,0,0,0,0,0,0,0,0,0,0,0,0,0,0,Conf. Step  Up,Yes,2,22.06.20,-,-,-,-,-,-,0,-,-,-
1496,-,110,111,22.07.21,22,Female,217,22.01.07,Holstein,-,0,-,-,20.12.06,1.7,20.2,614,110,Pregnant,5,22.03.30,-,-,0,0,0,0,0,0,0,0,0,0,0,0,0,0,Conf. Step  Up,Yes,2,22.03.30,-,-,-,-,-,-,0,-,-,-
1497,-,110,111,22.07.21,22,Female,123,22.04.11,Holstein,-,0,-,-,20.12.06,1.7,20.2,614,110,Pregnant,5,22.07.02,-,-,0,0,0,0,0,0,0,0,0,0,0,0,0,0,Conf. Step  Up,Yes,2,22.07.02,-,-,-,-,-,-,0,-,-,-
1498,-,90,91,22.07.21,22,Female,162,22.03.03,Holstein,-,0,-,-,20.12.06,1.7,20.2,614,90,Pregnant,5,22.05.30,-,-,0,0,0,0,0,0,0,0,0,0,0,0,0,0,Conf. Step  Up,Yes,2,22.05.30,-,-,-,-,-,-,0,-,-,-
1499,-,85,110,22.08.08,4,Female,234,21.12.21,Holstein,-,0,-,-,20.12.07,1.7,20.1,613,85,Pregnant,5,22.03.15,-,-,0,0,0,0,0,0,0,0,0,0,0,0,0,0,Conf. Step  Up,Yes,2,22.03.15,-,-,-,-,-,-,0,-,-,-
1500,-,110,111,22.07.21,22,Female,170,22.02.23,Holstein,-,0,-,-,20.12.07,1.7,20.1,613,110,Pregnant,5,22.05.30,-,-,0,0,0,0,0,0,0,0,0,0,0,0,0,0,Conf. Step  Up,Yes,2,22.05.30,-,-,-,-,-,-,0,-,-,-
1501,-,110,111,22.07.21,22,Female,184,22.02.09,Holstein,-,0,-,-,20.12.08,1.7,20.1,612,110,Pregnant,5,22.05.30,-,-,0,0,0,0,0,0,0,0,0,0,0,0,0,0,Conf. Step  Up,Yes,2,22.05.30,-,-,-,-,-,-,0,-,-,-
1502,-,110,111,22.07.21,22,Female,218,22.01.06,Holstein,-,0,-,-,20.12.07,1.7,20.1,613,110,Pregnant,5,22.03.30,-,-,0,0,0,0,0,0,0,0,0,0,0,0,0,0,Conf. Step  Up,Yes,2,22.03.30,-,-,-,-,-,-,0,-,-,-
1503,-,110,111,22.07.21,22,Female,139,22.03.26,Holstein,-,0,-,-,20.12.07,1.7,20.1,613,110,Pregnant,5,22.06.20,-,-,0,0,0,0,0,0,0,0,0,0,0,0,0,0,Conf. Step  Up,Yes,2,22.06.20,-,-,-,-,-,-,0,-,-,-
1504,-,110,111,22.07.21,22,Female,169,22.02.24,Holstein,-,0,-,-,20.12.08,1.7,20.1,612,110,Pregnant,5,22.05.30,-,-,0,0,0,0,0,0,0,0,0,0,0,0,0,0,Conf. Step  Up,Yes,2,22.05.30,-,-,-,-,-,-,0,-,-,-
1505,-,110,111,22.07.21,22,Female,220,22.01.04,Holstein,-,0,-,-,20.12.09,1.7,20.1,611,110,Pregnant,5,22.03.30,-,-,0,0,0,0,0,0,0,0,0,0,0,0,0,0,Conf. Step  Up,Yes,2,22.03.30,-,-,-,-,-,-,0,-,-,-
1506,-,110,111,22.07.21,22,Female,114,22.04.20,Holstein,-,0,-,-,20.12.09,1.7,20.1,611,110,Pregnant,5,22.07.16,-,-,0,0,0,0,0,0,0,0,0,0,0,0,0,0,Conf. Step  Up,Yes,2,22.07.16,-,-,-,-,-,-,0,-,-,-
1507,-,110,111,22.07.21,22,Female,184,22.02.09,Holstein,-,0,-,-,20.12.09,1.7,20.1,611,110,Pregnant,5,22.05.02,-,-,0,0,0,0,0,0,0,0,0,0,0,0,0,0,Conf. Step  Up,Yes,2,22.05.02,-,-,-,-,-,-,0,-,-,-
1508,-,110,111,22.07.21,22,Female,107,22.04.27,Holstein,-,0,-,-,20.12.09,1.7,20.1,611,110,Pregnant,5,22.07.16,-,-,0,0,0,0,0,0,0,0,0,0,0,0,0,0,Conf. Step  Up,Yes,2,22.07.16,-,-,-,-,-,-,0,-,-,-
1509,-,110,111,22.07.21,22,Female,129,22.04.05,Holstein,-,0,-,-,20.12.09,1.7,20.1,611,110,Pregnant,5,22.07.02,-,-,0,0,0,0,0,0,0,0,0,0,0,0,0,0,Conf. Step  Up,Yes,2,22.07.02,-,-,-,-,-,-,0,-,-,-
1510,-,110,111,22.07.21,22,Female,197,22.01.27,Holstein,-,0,-,-,20.12.09,1.7,20.1,611,110,Pregnant,5,22.04.18,-,-,0,0,0,0,0,0,0,0,0,0,0,0,0,0,Conf. Step  Up,Yes,2,22.04.18,-,-,-,-,-,-,0,-,-,-
1511,-,110,111,22.07.21,22,Female,136,22.03.29,Holstein,-,0,-,-,20.12.09,1.7,20.1,611,110,Pregnant,5,22.06.20,-,-,0,0,0,0,0,0,0,0,0,0,0,0,0,0,Conf. Step  Up,Yes,2,22.06.20,-,-,-,-,-,-,0,-,-,-
1512,-,110,111,22.07.21,22,Female,186,22.02.07,Holstein,-,0,-,-,20.12.10,1.7,20,610,110,Pregnant,5,22.05.02,-,-,0,0,0,0,0,0,0,0,0,0,0,0,0,0,Conf. Step  Up,Yes,2,22.05.02,-,-,-,-,-,-,0,-,-,-
1514,-,110,111,22.07.21,22,Female,194,22.01.30,Holstein,-,0,-,-,20.12.11,1.7,20,609,110,Pregnant,5,22.05.02,-,-,0,0,0,0,0,0,0,0,0,0,0,0,0,0,Conf. Step  Up,Yes,2,22.05.02,-,-,-,-,-,-,0,-,-,-
1515,-,85,110,22.08.08,4,Female,236,21.12.19,Holstein,-,0,-,-,20.12.11,1.7,20,609,85,Pregnant,5,22.03.15,-,-,0,0,0,0,0,0,0,0,0,0,0,0,0,0,Conf. Step  Up,Yes,2,22.03.15,-,-,-,-,-,-,0,-,-,-
1517,-,110,111,22.07.21,22,Female,210,22.01.14,Holstein,-,0,-,-,20.12.13,1.7,19.9,607,110,Pregnant,5,22.04.04,-,-,0,0,0,0,0,0,0,0,0,0,0,0,0,0,Conf. Step  Up,Yes,2,22.04.04,-,-,-,-,-,-,0,-,-,-
1518,-,110,111,22.07.21,22,Female,168,22.02.25,Holstein,-,0,-,-,20.12.15,1.7,19.9,605,110,Pregnant,5,22.05.30,-,-,0,0,0,0,0,0,0,0,0,0,0,0,0,0,Conf. Step  Up,Yes,2,22.05.30,-,-,-,-,-,-,0,-,-,-
1519,-,199,190,22.03.31,134,Female,0,-,Holstein,-,0,-,Yes,20.12.15,1.7,19.9,605,199,"Cull, Not Pregnant",1,-,-,-,0,0,0,0,0,0,0,0,0,0,0,0,0,0,Inseminate,-,0,-,-,-,-,-,-,-,0,-,-,-
1520,-,85,110,22.08.08,4,Female,229,21.12.26,Holstein,-,0,-,-,20.12.16,1.7,19.8,604,85,Pregnant,5,22.03.21,-,-,0,0,0,0,0,0,0,0,0,0,0,0,0,0,Conf. Step  Up,Yes,2,22.03.21,-,-,-,-,-,-,0,-,-,-
1521,-,110,111,22.07.21,22,Female,135,22.03.30,Holstein,-,0,-,-,20.12.17,1.7,19.8,603,110,Pregnant,5,22.06.20,-,-,0,0,0,0,0,0,0,0,0,0,0,0,0,0,Conf. Step  Up,Yes,2,22.06.20,-,-,-,-,-,-,0,-,-,-
1522,-,110,111,22.07.21,22,Female,209,22.01.15,Holstein,-,0,-,-,20.12.17,1.7,19.8,603,110,Pregnant,5,22.04.18,-,-,0,0,0,0,0,0,0,0,0,0,0,0,0,0,Conf. Step  Up,Yes,2,22.04.18,-,-,-,-,-,-,0,-,-,-
1523,-,110,111,22.07.21,22,Female,217,22.01.07,Holstein,-,0,-,-,20.12.17,1.7,19.8,603,110,Pregnant,5,22.03.30,-,-,0,0,0,0,0,0,0,0,0,0,0,0,0,0,Conf. Step  Up,Yes,2,22.03.30,-,-,-,-,-,-,0,-,-,-
1524,-,90,91,22.07.21,22,Female,0,22.06.29,Holstein,-,0,-,-,20.12.18,1.6,19.8,602,90,Pregnant (1st Preg Check),3,22.08.03,-,-,0,0,0,0,0,0,0,0,0,0,0,0,0,0,2nd Pregn. Check,-,1,22.08.03,-,-,-,-,-,-,0,-,-,-
1525,-,110,111,22.07.21,22,Female,0,22.05.12,Holstein,-,0,-,-,20.12.20,1.6,19.7,600,110,Pregnant (1st Preg Check),3,22.06.16,-,-,0,0,0,0,0,0,0,0,0,0,0,0,0,0,2nd Pregn. Check,-,1,22.06.16,-,-,-,-,-,-,0,-,-,-
1527,-,110,111,22.07.21,22,Female,183,22.02.10,Holstein,-,0,-,-,20.12.22,1.6,19.6,598,110,Pregnant,5,22.05.02,-,-,0,0,0,0,0,0,0,0,0,0,0,0,0,0,Conf. Step  Up,Yes,2,22.05.02,-,-,-,-,-,-,0,-,-,-
1529,-,90,91,22.07.21,22,Female,0,-,Holstein,-,0,-,-,20.12.23,1.6,19.6,597,90,Heifer,1,-,-,-,0,0,0,0,0,0,0,0,0,0,0,0,0,0,Inseminate,-,0,-,-,-,-,-,-,-,0,-,-,-
1530,-,110,111,22.07.21,22,Female,184,22.02.09,Holstein,-,0,-,-,20.12.23,1.6,19.6,597,110,Pregnant,5,22.05.02,-,-,0,0,0,0,0,0,0,0,0,0,0,0,0,0,Conf. Step  Up,Yes,2,22.05.02,-,-,-,-,-,-,0,-,-,-
1531,-,110,111,22.07.21,22,Female,134,22.03.31,Holstein,-,0,-,-,20.12.24,1.6,19.6,596,110,Pregnant,5,22.06.20,-,-,0,0,0,0,0,0,0,0,0,0,0,0,0,0,Conf. Step  Up,Yes,2,22.06.20,-,-,-,-,-,-,0,-,-,-
1532,-,110,111,22.07.21,22,Female,129,22.04.05,Holstein,-,0,-,-,20.12.24,1.6,19.6,596,110,Pregnant,5,22.07.02,-,-,0,0,0,0,0,0,0,0,0,0,0,0,0,0,Conf. Step  Up,Yes,2,22.07.02,-,-,-,-,-,-,0,-,-,-
1533,-,110,111,22.07.21,22,Female,215,22.01.09,Holstein,-,0,-,-,20.12.24,1.6,19.6,596,110,Pregnant,5,22.04.04,-,-,0,0,0,0,0,0,0,0,0,0,0,0,0,0,Conf. Step  Up,Yes,2,22.04.04,-,-,-,-,-,-,0,-,-,-
1534,-,110,111,22.07.21,22,Female,155,22.03.10,Holstein,-,0,-,-,20.12.24,1.6,19.6,596,110,Pregnant,5,22.05.30,-,-,0,0,0,0,0,0,0,0,0,0,0,0,0,0,Conf. Step  Up,Yes,2,22.05.30,-,-,-,-,-,-,0,-,-,-
1535,-,199,190,22.05.01,103,Female,0,22.02.26,Holstein,-,0,-,Yes,20.12.24,1.6,19.6,596,199,"Cull, Not Pregnant",3,-,-,-,0,0,0,0,0,0,0,0,0,0,0,0,0,0,2nd Pregn. Check,-,0,-,-,-,-,-,-,-,0,-,-,-
1536,-,199,190,22.02.01,192,Female,0,-,Holstein,-,0,-,Yes,20.12.24,1.6,19.6,596,199,"Cull, Not Pregnant",1,-,-,-,0,0,0,0,0,0,0,0,0,0,0,0,0,0,Inseminate,-,0,-,-,-,-,-,-,-,0,-,-,-
1537,-,90,91,22.07.21,22,Female,0,22.07.20,Holstein,-,0,-,-,20.12.25,1.6,19.5,595,90,Bred,1,22.07.14,-,-,0,0,0,0,0,0,0,0,0,0,0,0,0,0,Inseminate,-,0,22.07.14,-,-,-,-,-,-,0,-,-,-
1538,-,199,190,22.02.01,192,Female,0,-,Holstein,-,0,-,Yes,20.12.25,1.6,19.5,595,199,"Cull, Not Pregnant",1,-,-,-,0,0,0,0,0,0,0,0,0,0,0,0,0,0,Inseminate,-,0,-,-,-,-,-,-,-,0,-,-,-
1539,-,110,111,22.07.21,22,Female,160,22.03.05,Holstein,-,0,-,-,20.12.25,1.6,19.5,595,110,Pregnant,5,22.05.30,-,-,0,0,0,0,0,0,0,0,0,0,0,0,0,0,Conf. Step  Up,Yes,2,22.05.30,-,-,-,-,-,-,0,-,-,-
1540,-,110,111,22.07.21,22,Female,184,22.02.09,Holstein,-,0,-,-,20.12.25,1.6,19.5,595,110,Pregnant,5,22.05.02,-,-,0,0,0,0,0,0,0,0,0,0,0,0,0,0,Conf. Step  Up,Yes,2,22.05.02,-,-,-,-,-,-,0,-,-,-
1541,-,110,111,22.07.21,22,Female,135,22.03.30,Holstein,-,0,-,-,20.12.25,1.6,19.5,595,110,Pregnant,5,22.06.20,-,-,0,0,0,0,0,0,0,0,0,0,0,0,0,0,Conf. Step  Up,Yes,2,22.06.20,-,-,-,-,-,-,0,-,-,-
1542,-,110,111,22.07.21,22,Female,184,22.02.09,Holstein,-,0,-,-,20.12.25,1.6,19.5,595,110,Pregnant,5,22.05.02,-,-,0,0,0,0,0,0,0,0,0,0,0,0,0,0,Conf. Step  Up,Yes,2,22.05.02,-,-,-,-,-,-,0,-,-,-
1543,-,110,111,22.07.21,22,Female,144,22.03.21,Holstein,-,0,-,-,20.12.27,1.6,19.5,593,110,Pregnant,5,22.06.20,-,-,0,0,0,0,0,0,0,0,0,0,0,0,0,0,Conf. Step  Up,Yes,2,22.06.20,-,-,-,-,-,-,0,-,-,-
1544,-,110,111,22.07.21,22,Female,192,22.02.01,Holstein,-,0,-,-,20.12.27,1.6,19.5,593,110,Pregnant,5,22.05.02,-,-,0,0,0,0,0,0,0,0,0,0,0,0,0,0,Conf. Step  Up,Yes,2,22.05.02,-,-,-,-,-,-,0,-,-,-
1545,-,110,111,22.07.21,22,Female,170,22.02.23,Holstein,-,0,-,-,20.12.28,1.6,19.4,592,110,Pregnant,5,22.05.30,-,-,0,0,0,0,0,0,0,0,0,0,0,0,0,0,Conf. Step  Up,Yes,2,22.05.30,-,-,-,-,-,-,0,-,-,-
1546,-,110,111,22.07.21,22,Female,184,22.02.09,Holstein,-,0,-,-,20.12.29,1.6,19.4,591,110,Pregnant,5,22.05.02,-,-,0,0,0,0,0,0,0,0,0,0,0,0,0,0,Conf. Step  Up,Yes,2,22.05.02,-,-,-,-,-,-,0,-,-,-
1547,-,110,111,22.07.21,22,Female,156,22.03.09,Holstein,-,0,-,-,20.12.30,1.6,19.4,590,110,Pregnant,5,22.05.30,-,-,0,0,0,0,0,0,0,0,0,0,0,0,0,0,Conf. Step  Up,Yes,2,22.05.30,-,-,-,-,-,-,0,-,-,-
1548,-,110,111,22.07.21,22,Female,184,22.02.09,Holstein,-,0,-,-,20.12.30,1.6,19.4,590,110,Pregnant,5,22.05.02,-,-,0,0,0,0,0,0,0,0,0,0,0,0,0,0,Conf. Step  Up,Yes,2,22.05.02,-,-,-,-,-,-,0,-,-,-
1549,-,10,20,22.08.10,2,Female,0,-,Holstein,1708,1,4,-,20.12.30,1.6,19.4,590,10,Fresh,0,-,4.1,8.3,0,8,0,0,0,0,0,0,0,8,0,0,0,0,Report Heat,-,0,-,-,-,-,-,-,-,4,Aug,22.08.08,-
1550,-,110,111,22.07.21,22,Female,114,22.04.20,Holstein,-,0,-,-,20.12.30,1.6,19.4,590,110,Pregnant,5,22.07.16,-,-,0,0,0,0,0,0,0,0,0,0,0,0,0,0,Conf. Step  Up,Yes,2,22.07.16,-,-,-,-,-,-,0,-,-,-
1551,-,110,111,22.07.21,22,Female,174,22.02.19,Holstein,-,0,-,-,20.12.30,1.6,19.4,590,110,Pregnant,5,22.05.30,-,-,0,0,0,0,0,0,0,0,0,0,0,0,0,0,Conf. Step  Up,Yes,2,22.05.30,-,-,-,-,-,-,0,-,-,-
1552,-,110,111,22.07.21,22,Female,175,22.02.18,Holstein,-,0,-,-,21.01.01,1.6,19.3,588,110,Pregnant,5,22.05.30,-,-,0,0,0,0,0,0,0,0,0,0,0,0,0,0,Conf. Step  Up,Yes,2,22.05.30,-,-,-,-,-,-,0,-,-,-
1553,-,110,111,22.07.21,22,Female,193,22.01.31,Holstein,-,0,-,-,21.01.01,1.6,19.3,588,110,Pregnant,5,22.05.02,-,-,0,0,0,0,0,0,0,0,0,0,0,0,0,0,Conf. Step  Up,Yes,2,22.05.02,-,-,-,-,-,-,0,-,-,-
1554,-,110,111,22.07.21,22,Female,150,22.03.15,Holstein,-,0,-,-,21.01.01,1.6,19.3,588,110,Pregnant,5,22.06.20,-,-,0,0,0,0,0,0,0,0,0,0,0,0,0,0,Conf. Step  Up,Yes,2,22.06.20,-,-,-,-,-,-,0,-,-,-
1555,-,110,111,22.07.21,22,Female,184,22.02.09,Holstein,-,0,-,-,21.01.01,1.6,19.3,588,110,Pregnant,5,22.05.02,-,-,0,0,0,0,0,0,0,0,0,0,0,0,0,0,Conf. Step  Up,Yes,2,22.05.02,-,-,-,-,-,-,0,-,-,-
1556,-,110,111,22.07.21,22,Female,135,22.03.30,Holstein,-,0,-,-,21.01.01,1.6,19.3,588,110,Pregnant,5,22.06.20,-,-,0,0,0,0,0,0,0,0,0,0,0,0,0,0,Conf. Step  Up,Yes,2,22.06.20,-,-,-,-,-,-,0,-,-,-
1557,-,110,111,22.07.21,22,Female,183,22.02.10,Holstein,-,0,-,-,21.01.01,1.6,19.3,588,110,Pregnant,5,22.05.02,-,-,0,0,0,0,0,0,0,0,0,0,0,0,0,0,Conf. Step  Up,Yes,2,22.05.02,-,-,-,-,-,-,0,-,-,-
1558,-,110,111,22.07.21,22,Female,192,22.02.01,Holstein,-,0,-,-,21.01.01,1.6,19.3,588,110,Pregnant,5,22.05.02,-,-,0,0,0,0,0,0,0,0,0,0,0,0,0,0,Conf. Step  Up,Yes,2,22.05.02,-,-,-,-,-,-,0,-,-,-
1559,-,90,91,22.07.21,22,Female,0,22.06.18,Holstein,-,0,-,-,21.01.03,1.6,19.3,586,90,Pregnant (1st Preg Check),3,22.07.23,-,-,0,0,0,0,0,0,0,0,0,0,0,0,0,0,2nd Pregn. Check,-,1,22.07.23,-,-,-,-,-,-,0,-,-,-
1560,-,190,110,22.08.03,9,Female,0,22.02.09,Holstein,-,0,-,Yes,21.01.03,1.6,19.3,586,190,"Cull, Not Pregnant",1,22.05.02,-,-,0,0,0,0,0,0,0,0,0,0,0,0,0,0,Inseminate,-,0,22.05.02,22.08.03,-,-,-,-,-,0,-,-,-
1561,-,110,111,22.07.21,22,Female,122,22.04.12,Holstein,-,0,-,-,21.01.04,1.6,19.2,585,110,Pregnant,5,22.07.02,-,-,0,0,0,0,0,0,0,0,0,0,0,0,0,0,Conf. Step  Up,Yes,2,22.07.02,-,-,-,-,-,-,0,-,-,-
1562,-,90,91,22.07.21,22,Female,0,22.06.17,Holstein,-,0,-,-,21.01.06,1.6,19.2,583,90,Pregnant (1st Preg Check),3,22.07.23,-,-,0,0,0,0,0,0,0,0,0,0,0,0,0,0,2nd Pregn. Check,-,1,22.07.23,-,-,-,-,-,-,0,-,-,-
1563,-,110,111,22.07.21,22,Female,176,22.02.17,Holstein,-,0,-,-,21.01.06,1.6,19.2,583,110,Pregnant,5,22.05.30,-,-,0,0,0,0,0,0,0,0,0,0,0,0,0,0,Conf. Step  Up,Yes,2,22.05.30,-,-,-,-,-,-,0,-,-,-
1564,-,110,111,22.07.21,22,Female,109,22.04.25,Holstein,-,0,-,-,21.01.07,1.6,19.1,582,110,Pregnant,5,22.07.16,-,-,0,0,0,0,0,0,0,0,0,0,0,0,0,0,Conf. Step  Up,Yes,2,22.07.16,-,-,-,-,-,-,0,-,-,-
1565,-,110,111,22.07.21,22,Female,185,22.02.08,Holstein,-,0,-,-,21.01.07,1.6,19.1,582,110,Pregnant,5,22.05.02,-,-,0,0,0,0,0,0,0,0,0,0,0,0,0,0,Conf. Step  Up,Yes,2,22.05.02,-,-,-,-,-,-,0,-,-,-
1566,-,90,91,22.07.21,22,Female,184,22.02.09,Holstein,-,0,-,-,21.01.07,1.6,19.1,582,90,Pregnant,5,22.05.02,-,-,0,0,0,0,0,0,0,0,0,0,0,0,0,0,Conf. Step  Up,Yes,2,22.05.02,-,-,-,-,-,-,0,-,-,-
1567,-,110,111,22.07.21,22,Female,136,22.03.29,Holstein,-,0,-,-,21.01.07,1.6,19.1,582,110,Pregnant,5,22.06.20,-,-,0,0,0,0,0,0,0,0,0,0,0,0,0,0,Conf. Step  Up,Yes,2,22.06.20,-,-,-,-,-,-,0,-,-,-
1568,-,110,111,22.07.21,22,Female,178,22.02.15,Holstein,-,0,-,-,21.01.07,1.6,19.1,582,110,Pregnant,5,22.05.30,-,-,0,0,0,0,0,0,0,0,0,0,0,0,0,0,Conf. Step  Up,Yes,2,22.05.30,-,-,-,-,-,-,0,-,-,-
1569,-,90,91,22.07.21,22,Female,0,22.08.09,Holstein,-,0,-,-,21.01.07,1.6,19.1,582,90,Bred,1,-,-,-,0,0,0,0,0,0,0,0,0,0,0,0,0,0,Inseminate,-,0,-,-,-,-,-,-,-,0,-,-,-
1570,-,110,111,22.07.21,22,Female,163,22.03.02,Holstein,-,0,-,-,21.01.09,1.6,19.1,580,110,Pregnant,5,22.05.30,-,-,0,0,0,0,0,0,0,0,0,0,0,0,0,0,Conf. Step  Up,Yes,2,22.05.30,-,-,-,-,-,-,0,-,-,-
1571,-,199,190,22.07.02,41,Female,0,22.03.22,Holstein,-,0,-,Yes,21.01.09,1.6,19.1,580,199,"Cull, Not Pregnant",1,22.06.10,-,-,0,0,0,0,0,0,0,0,0,0,0,0,0,0,Inseminate,-,0,22.06.10,-,-,-,-,-,-,0,-,-,-
1572,-,110,111,22.07.21,22,Female,130,22.04.04,Holstein,-,0,-,-,21.01.09,1.6,19.1,580,110,Pregnant,5,22.07.02,-,-,0,0,0,0,0,0,0,0,0,0,0,0,0,0,Conf. Step  Up,Yes,2,22.07.02,-,-,-,-,-,-,0,-,-,-
1573,-,110,111,22.07.21,22,Female,163,22.03.02,Holstein,-,0,-,-,21.01.09,1.6,19.1,580,110,Pregnant,5,22.06.20,-,-,0,0,0,0,0,0,0,0,0,0,0,0,0,0,Conf. Step  Up,Yes,2,22.06.20,-,-,-,-,-,-,0,-,-,-
1574,-,110,111,22.07.21,22,Female,129,22.04.05,Holstein,-,0,-,-,21.01.09,1.6,19.1,580,110,Pregnant,5,22.07.02,-,-,0,0,0,0,0,0,0,0,0,0,0,0,0,0,Conf. Step  Up,Yes,2,22.07.02,-,-,-,-,-,-,0,-,-,-
1576,-,110,111,22.07.21,22,Female,148,22.03.17,Holstein,-,0,-,-,21.01.09,1.6,19.1,580,110,Pregnant,5,22.06.20,-,-,0,0,0,0,0,0,0,0,0,0,0,0,0,0,Conf. Step  Up,Yes,2,22.06.20,-,-,-,-,-,-,0,-,-,-
1577,-,110,111,22.07.21,22,Female,144,22.03.21,Holstein,-,0,-,-,21.01.12,1.6,19,577,110,Pregnant,5,22.06.20,-,-,0,0,0,0,0,0,0,0,0,0,0,0,0,0,Conf. Step  Up,Yes,2,22.06.20,-,-,-,-,-,-,0,-,-,-
1578,-,110,111,22.07.21,22,Female,141,22.03.24,Holstein,-,0,-,-,21.01.12,1.6,19,577,110,Pregnant,5,22.06.20,-,-,0,0,0,0,0,0,0,0,0,0,0,0,0,0,Conf. Step  Up,Yes,2,22.06.20,-,-,-,-,-,-,0,-,-,-
1579,-,110,111,22.07.21,22,Female,169,22.02.24,Holstein,-,0,-,-,21.01.13,1.6,18.9,576,110,Pregnant,5,22.05.30,-,-,0,0,0,0,0,0,0,0,0,0,0,0,0,0,Conf. Step  Up,Yes,2,22.05.30,-,-,-,-,-,-,0,-,-,-
1580,-,110,111,22.07.21,22,Female,107,22.04.27,Holstein,-,0,-,-,21.01.13,1.6,18.9,576,110,Pregnant,5,22.07.16,-,-,0,0,0,0,0,0,0,0,0,0,0,0,0,0,Conf. Step  Up,Yes,2,22.07.16,-,-,-,-,-,-,0,-,-,-
1581,-,110,111,22.07.21,22,Female,168,22.02.25,Holstein,-,0,-,-,21.01.13,1.6,18.9,576,110,Pregnant,5,22.07.05,-,-,0,0,0,0,0,0,0,0,0,0,0,0,0,0,Conf. Step  Up,Yes,2,22.07.05,-,-,-,-,-,-,0,-,-,-
1582,-,90,91,22.07.21,22,Female,0,22.07.06,Holstein,-,0,-,-,21.01.14,1.6,18.9,575,90,Bred,2,22.06.25,-,-,0,0,0,0,0,0,0,0,0,0,0,0,0,0,Pregn. Check,-,0,22.06.25,-,-,-,-,-,-,0,-,-,-
1583,-,110,111,22.07.21,22,Female,142,22.03.23,Holstein,-,0,-,-,21.01.15,1.6,18.9,574,110,Pregnant,5,22.06.20,-,-,0,0,0,0,0,0,0,0,0,0,0,0,0,0,Conf. Step  Up,Yes,2,22.06.20,-,-,-,-,-,-,0,-,-,-
1584,-,90,91,22.07.21,22,Female,0,22.07.09,Holstein,-,0,-,-,21.01.15,1.6,18.9,574,90,Bred,2,-,-,-,0,0,0,0,0,0,0,0,0,0,0,0,0,0,Pregn. Check,-,0,-,-,-,-,-,-,-,0,-,-,-
1585,-,110,111,22.07.21,22,Female,151,22.03.14,Holstein,-,0,-,-,21.01.16,1.6,18.8,573,110,Pregnant,5,22.06.20,-,-,0,0,0,0,0,0,0,0,0,0,0,0,0,0,Conf. Step  Up,Yes,2,22.06.20,-,-,-,-,-,-,0,-,-,-
1586,-,110,111,22.07.21,22,Female,178,22.02.15,Holstein,-,0,-,-,21.01.16,1.6,18.8,573,110,Pregnant,5,22.05.30,-,-,0,0,0,0,0,0,0,0,0,0,0,0,0,0,Conf. Step  Up,Yes,2,22.05.30,-,-,-,-,-,-,0,-,-,-
1587,-,110,111,22.07.21,22,Female,149,22.03.16,Holstein,-,0,-,-,21.01.16,1.6,18.8,573,110,Pregnant,5,22.06.20,-,-,0,0,0,0,0,0,0,0,0,0,0,0,0,0,Conf. Step  Up,Yes,2,22.06.20,-,-,-,-,-,-,0,-,-,-
1588,-,110,111,22.07.21,22,Female,183,22.02.10,Holstein,-,0,-,-,21.01.17,1.6,18.8,572,110,Pregnant,5,22.05.02,-,-,0,0,0,0,0,0,0,0,0,0,0,0,0,0,Conf. Step  Up,Yes,2,22.05.02,-,-,-,-,-,-,0,-,-,-
1589,-,199,190,22.08.02,10,Female,0,-,Holstein,-,0,-,Yes,21.01.17,1.6,18.8,572,199,"Cull, Not Pregnant",1,-,-,-,0,0,0,0,0,0,0,0,0,0,0,0,0,0,Inseminate,-,0,-,-,-,-,-,-,-,0,-,-,-
1590,-,199,190,22.02.01,192,Female,0,-,Holstein,-,0,-,Yes,21.01.17,1.6,18.8,572,199,"Cull, Not Pregnant",1,-,-,-,0,0,0,0,0,0,0,0,0,0,0,0,0,0,Inseminate,-,0,-,-,-,-,-,-,-,0,-,-,-
1592,-,110,111,22.07.21,22,Female,160,22.03.05,Holstein,-,0,-,-,21.01.17,1.6,18.8,572,110,Pregnant,5,22.05.30,-,-,0,0,0,0,0,0,0,0,0,0,0,0,0,0,Conf. Step  Up,Yes,2,22.05.30,-,-,-,-,-,-,0,-,-,-
1593,-,110,111,22.07.21,22,Female,167,22.02.26,Holstein,-,0,-,-,21.01.19,1.6,18.7,570,110,Pregnant,5,22.05.30,-,-,0,0,0,0,0,0,0,0,0,0,0,0,0,0,Conf. Step  Up,Yes,2,22.05.30,-,-,-,-,-,-,0,-,-,-
1595,-,110,111,22.07.21,22,Female,164,22.03.01,Holstein,-,0,-,-,21.01.19,1.6,18.7,570,110,Pregnant,5,22.05.30,-,-,0,0,0,0,0,0,0,0,0,0,0,0,0,0,Conf. Step  Up,Yes,2,22.05.30,-,-,-,-,-,-,0,-,-,-
1596,-,110,111,22.07.21,22,Female,110,22.04.24,Holstein,-,0,-,-,21.01.20,1.6,18.7,569,110,Pregnant,5,22.07.16,-,-,0,0,0,0,0,0,0,0,0,0,0,0,0,0,Conf. Step  Up,Yes,2,22.07.16,-,-,-,-,-,-,0,-,-,-
1597,-,110,111,22.07.21,22,Female,145,22.03.20,Holstein,-,0,-,-,21.01.20,1.6,18.7,569,110,Pregnant,5,22.06.20,-,-,0,0,0,0,0,0,0,0,0,0,0,0,0,0,Conf. Step  Up,Yes,2,22.06.20,-,-,-,-,-,-,0,-,-,-
1598,-,110,111,22.07.21,22,Female,142,22.03.23,Holstein,-,0,-,-,21.01.20,1.6,18.7,569,110,Pregnant,5,22.06.20,-,-,0,0,0,0,0,0,0,0,0,0,0,0,0,0,Conf. Step  Up,Yes,2,22.06.20,-,-,-,-,-,-,0,-,-,-
1599,-,110,111,22.07.21,22,Female,141,22.03.24,Holstein,-,0,-,-,21.01.20,1.6,18.7,569,110,Pregnant,5,22.06.20,-,-,0,0,0,0,0,0,0,0,0,0,0,0,0,0,Conf. Step  Up,Yes,2,22.06.20,-,-,-,-,-,-,0,-,-,-
1600,-,110,111,22.07.21,22,Female,162,22.03.03,Holstein,-,0,-,-,21.01.21,1.6,18.7,568,110,Pregnant,5,22.05.30,-,-,0,0,0,0,0,0,0,0,0,0,0,0,0,0,Conf. Step  Up,Yes,2,22.05.30,-,-,-,-,-,-,0,-,-,-
1601,-,110,111,22.07.21,22,Female,172,22.02.21,Holstein,-,0,-,-,21.01.21,1.6,18.7,568,110,Pregnant,5,22.05.30,-,-,0,0,0,0,0,0,0,0,0,0,0,0,0,0,Conf. Step  Up,Yes,2,22.05.30,-,-,-,-,-,-,0,-,-,-
1602,-,110,111,22.07.21,22,Female,163,22.03.02,Holstein,-,0,-,-,21.01.23,1.5,18.6,566,110,Pregnant,5,22.05.30,-,-,0,0,0,0,0,0,0,0,0,0,0,0,0,0,Conf. Step  Up,Yes,2,22.05.30,-,-,-,-,-,-,0,-,-,-
1603,-,110,111,22.07.21,22,Female,164,22.03.01,Holstein,-,0,-,-,21.01.23,1.5,18.6,566,110,Pregnant,5,22.05.30,-,-,0,0,0,0,0,0,0,0,0,0,0,0,0,0,Conf. Step  Up,Yes,2,22.05.30,-,-,-,-,-,-,0,-,-,-
1604,-,110,111,22.07.21,22,Female,162,22.03.03,Holstein,-,0,-,-,21.01.23,1.5,18.6,566,110,Pregnant,5,22.05.30,-,-,0,0,0,0,0,0,0,0,0,0,0,0,0,0,Conf. Step  Up,Yes,2,22.05.30,-,-,-,-,-,-,0,-,-,-
1605,-,110,111,22.07.21,22,Female,150,22.03.15,Holstein,-,0,-,-,21.01.23,1.5,18.6,566,110,Pregnant,5,22.06.20,-,-,0,0,0,0,0,0,0,0,0,0,0,0,0,0,Conf. Step  Up,Yes,2,22.06.20,-,-,-,-,-,-,0,-,-,-
1606,-,110,111,22.07.21,22,Female,165,22.02.28,Holstein,-,0,-,-,21.01.24,1.5,18.6,565,110,Pregnant,5,22.05.30,-,-,0,0,0,0,0,0,0,0,0,0,0,0,0,0,Conf. Step  Up,Yes,2,22.05.30,-,-,-,-,-,-,0,-,-,-
1607,-,110,111,22.07.21,22,Female,151,22.03.14,Holstein,-,0,-,-,21.01.24,1.5,18.6,565,110,Pregnant,5,22.06.20,-,-,0,0,0,0,0,0,0,0,0,0,0,0,0,0,Conf. Step  Up,Yes,2,22.06.20,-,-,-,-,-,-,0,-,-,-
1608,-,110,111,22.07.21,22,Female,174,22.02.19,Holstein,-,0,-,-,21.01.26,1.5,18.5,563,110,Pregnant,5,22.05.30,-,-,0,0,0,0,0,0,0,0,0,0,0,0,0,0,Conf. Step  Up,Yes,2,22.05.30,-,-,-,-,-,-,0,-,-,-
1610,-,110,111,22.07.21,22,Female,164,22.03.01,Holstein,-,0,-,-,21.01.26,1.5,18.5,563,110,Pregnant,5,22.05.30,-,-,0,0,0,0,0,0,0,0,0,0,0,0,0,0,Conf. Step  Up,Yes,2,22.05.30,-,-,-,-,-,-,0,-,-,-
1611,-,110,111,22.07.21,22,Female,175,22.02.18,Holstein,-,0,-,-,21.01.26,1.5,18.5,563,110,Pregnant,5,22.05.30,-,-,0,0,0,0,0,0,0,0,0,0,0,0,0,0,Conf. Step  Up,Yes,2,22.05.30,-,-,-,-,-,-,0,-,-,-
1612,-,110,111,22.07.21,22,Female,149,22.03.16,Holstein,-,0,-,-,21.01.28,1.5,18.4,561,110,Pregnant,5,22.06.20,-,-,0,0,0,0,0,0,0,0,0,0,0,0,0,0,Conf. Step  Up,Yes,2,22.06.20,-,-,-,-,-,-,0,-,-,-
1613,-,110,111,22.07.21,22,Female,134,22.03.31,Holstein,-,0,-,-,21.01.28,1.5,18.4,561,110,Pregnant,5,22.06.20,-,-,0,0,0,0,0,0,0,0,0,0,0,0,0,0,Conf. Step  Up,Yes,2,22.06.20,-,-,-,-,-,-,0,-,-,-
1614,-,110,111,22.07.21,22,Female,144,22.03.21,Holstein,-,0,-,-,21.01.30,1.5,18.4,559,110,Pregnant,5,22.06.20,-,-,0,0,0,0,0,0,0,0,0,0,0,0,0,0,Conf. Step  Up,Yes,2,22.06.20,-,-,-,-,-,-,0,-,-,-
1615,-,90,91,22.07.21,22,Female,100,22.05.04,Holstein,-,0,-,-,21.01.07,1.6,19.1,582,90,Pregnant,5,22.08.01,-,-,0,0,0,0,0,0,0,0,0,0,0,0,0,0,Conf. Step  Up,Yes,2,22.08.01,-,-,-,-,-,-,0,-,-,-
1616,-,110,111,22.07.21,22,Female,163,22.03.02,Holstein,-,0,-,-,21.01.31,1.5,18.3,558,110,Pregnant,5,22.05.30,-,-,0,0,0,0,0,0,0,0,0,0,0,0,0,0,Conf. Step  Up,Yes,2,22.05.30,-,-,-,-,-,-,0,-,-,-
1617,-,90,91,22.07.21,22,Female,0,22.07.06,Holstein,-,0,-,-,21.01.31,1.5,18.3,558,90,Bred,2,22.06.16,-,-,0,0,0,0,0,0,0,0,0,0,0,0,0,0,Pregn. Check,-,0,22.06.16,-,-,-,-,-,-,0,-,-,-
1618,-,110,111,22.07.21,22,Female,158,22.03.07,Holstein,-,0,-,-,21.02.01,1.5,18.3,557,110,Pregnant,5,22.05.30,-,-,0,0,0,0,0,0,0,0,0,0,0,0,0,0,Conf. Step  Up,Yes,2,22.05.30,-,-,-,-,-,-,0,-,-,-
1619,-,110,111,22.07.21,22,Female,141,22.03.24,Holstein,-,0,-,-,21.02.01,1.5,18.3,557,110,Pregnant,5,22.06.20,-,-,0,0,0,0,0,0,0,0,0,0,0,0,0,0,Conf. Step  Up,Yes,2,22.06.20,-,-,-,-,-,-,0,-,-,-
1620,-,90,91,22.07.21,22,Female,0,22.08.08,Holstein,-,0,-,-,21.02.01,1.5,18.3,557,90,Bred,1,-,-,-,0,0,0,0,0,0,0,0,0,0,0,0,0,0,Inseminate,-,0,-,-,-,-,-,-,-,0,-,-,-
1621,-,110,111,22.07.21,22,Female,133,22.04.01,Holstein,-,0,-,-,21.02.01,1.5,18.3,557,110,Pregnant,5,22.06.20,-,-,0,0,0,0,0,0,0,0,0,0,0,0,0,0,Conf. Step  Up,Yes,2,22.06.20,-,-,-,-,-,-,0,-,-,-
1622,-,110,111,22.07.21,22,Female,128,22.04.06,Holstein,-,0,-,-,21.02.01,1.5,18.3,557,110,Pregnant,5,22.07.02,-,-,0,0,0,0,0,0,0,0,0,0,0,0,0,0,Conf. Step  Up,Yes,2,22.07.02,-,-,-,-,-,-,0,-,-,-
1623,-,110,111,22.07.21,22,Female,122,22.04.12,Holstein,-,0,-,-,21.02.01,1.5,18.3,557,110,Pregnant,5,22.07.02,-,-,0,0,0,0,0,0,0,0,0,0,0,0,0,0,Conf. Step  Up,Yes,2,22.07.02,-,-,-,-,-,-,0,-,-,-
1624,-,110,111,22.07.21,22,Female,142,22.03.23,Holstein,-,0,-,-,21.02.02,1.5,18.3,556,110,Pregnant,5,22.06.20,-,-,0,0,0,0,0,0,0,0,0,0,0,0,0,0,Conf. Step  Up,Yes,2,22.06.20,-,-,-,-,-,-,0,-,-,-
1625,-,90,91,22.07.21,22,Female,0,22.08.07,Holstein,-,0,-,-,21.02.02,1.5,18.3,556,90,Bred,1,22.06.16,-,-,0,0,0,0,0,0,0,0,0,0,0,0,0,0,Inseminate,-,0,22.06.16,-,-,-,-,-,-,0,-,-,-
1626,-,90,91,22.07.21,22,Female,0,22.06.29,Holstein,-,0,-,-,21.02.04,1.5,18.2,554,90,Pregnant (1st Preg Check),3,22.08.03,-,-,0,0,0,0,0,0,0,0,0,0,0,0,0,0,2nd Pregn. Check,-,1,22.08.03,-,-,-,-,-,-,0,-,-,-
1627,-,90,91,22.07.21,22,Female,0,22.07.24,Holstein,-,0,-,-,21.02.04,1.5,18.2,554,90,Bred,1,-,-,-,0,0,0,0,0,0,0,0,0,0,0,0,0,0,Inseminate,-,0,-,-,-,-,-,-,-,0,-,-,-
1628,-,110,111,22.07.21,22,Female,171,22.02.22,Holstein,-,0,-,-,21.02.04,1.5,18.2,554,110,Pregnant,5,22.05.30,-,-,0,0,0,0,0,0,0,0,0,0,0,0,0,0,Conf. Step  Up,Yes,2,22.05.30,-,-,-,-,-,-,0,-,-,-
1629,-,90,91,22.07.21,22,Female,0,22.06.20,Holstein,-,0,-,-,21.02.06,1.5,18.1,552,90,Pregnant (1st Preg Check),3,22.07.30,-,-,0,0,0,0,0,0,0,0,0,0,0,0,0,0,2nd Pregn. Check,-,1,22.07.30,-,-,-,-,-,-,0,-,-,-
1630,-,110,111,22.07.21,22,Female,142,22.03.23,Holstein,-,0,-,-,21.02.06,1.5,18.1,552,110,Pregnant,5,22.06.20,-,-,0,0,0,0,0,0,0,0,0,0,0,0,0,0,Conf. Step  Up,Yes,2,22.06.20,-,-,-,-,-,-,0,-,-,-
1631,-,90,91,22.07.21,22,Female,0,22.07.05,Holstein,-,0,-,-,21.02.07,1.5,18.1,551,90,Bred,2,22.06.17,-,-,0,0,0,0,0,0,0,0,0,0,0,0,0,0,Pregn. Check,-,0,22.06.17,-,-,-,-,-,-,0,-,-,-
1633,-,110,111,22.07.21,22,Female,143,22.03.22,Holstein,-,0,-,-,21.02.09,1.5,18,549,110,Pregnant,5,22.06.20,-,-,0,0,0,0,0,0,0,0,0,0,0,0,0,0,Conf. Step  Up,Yes,2,22.06.20,-,-,-,-,-,-,0,-,-,-
1634,-,90,91,22.07.21,22,Female,0,22.07.08,Holstein,-,0,-,-,21.02.09,1.5,18,549,90,Bred,2,-,-,-,0,0,0,0,0,0,0,0,0,0,0,0,0,0,Pregn. Check,-,0,-,-,-,-,-,-,-,0,-,-,-
1635,-,90,91,22.07.21,22,Female,0,22.07.04,Holstein,-,0,-,-,21.02.10,1.5,18,548,90,Bred,2,22.06.17,-,-,0,0,0,0,0,0,0,0,0,0,0,0,0,0,Pregn. Check,-,0,22.06.17,-,-,-,-,-,-,0,-,-,-
1636,-,110,111,22.07.21,22,Female,143,22.03.22,Holstein,-,0,-,-,21.02.10,1.5,18,548,110,Pregnant,5,22.06.20,-,-,0,0,0,0,0,0,0,0,0,0,0,0,0,0,Conf. Step  Up,Yes,2,22.06.20,-,-,-,-,-,-,0,-,-,-
1637,-,90,91,22.07.21,22,Female,0,22.06.28,Holstein,-,0,-,-,21.02.10,1.5,18,548,90,Pregnant (1st Preg Check),3,22.08.03,-,-,0,0,0,0,0,0,0,0,0,0,0,0,0,0,2nd Pregn. Check,-,1,22.08.03,-,-,-,-,-,-,0,-,-,-
1638,-,110,111,22.07.21,22,Female,142,22.03.23,Holstein,-,0,-,-,21.02.11,1.5,18,547,110,Pregnant,5,22.06.20,-,-,0,0,0,0,0,0,0,0,0,0,0,0,0,0,Conf. Step  Up,Yes,2,22.06.20,-,-,-,-,-,-,0,-,-,-
1639,-,110,111,22.07.21,22,Female,132,22.04.02,Holstein,-,0,-,-,21.02.11,1.5,18,547,110,Pregnant,5,22.07.02,-,-,0,0,0,0,0,0,0,0,0,0,0,0,0,0,Conf. Step  Up,Yes,2,22.07.02,-,-,-,-,-,-,0,-,-,-
1640,-,110,111,22.07.21,22,Female,129,22.04.05,Holstein,-,0,-,-,21.02.12,1.5,17.9,546,110,Pregnant,5,22.07.02,-,-,0,0,0,0,0,0,0,0,0,0,0,0,0,0,Conf. Step  Up,Yes,2,22.07.02,-,-,-,-,-,-,0,-,-,-
1641,-,110,111,22.07.21,22,Female,139,22.03.26,Holstein,-,0,-,-,21.02.12,1.5,17.9,546,110,Pregnant,5,22.06.20,-,-,0,0,0,0,0,0,0,0,0,0,0,0,0,0,Conf. Step  Up,Yes,2,22.06.20,-,-,-,-,-,-,0,-,-,-
1642,-,90,91,22.07.21,22,Female,0,-,Holstein,-,0,-,-,21.02.12,1.5,17.9,546,90,Heifer,1,-,-,-,0,0,0,0,0,0,0,0,0,0,0,0,0,0,Inseminate,-,0,-,-,-,-,-,-,-,0,-,-,-
1643,-,199,190,22.03.31,134,Female,0,-,Holstein,-,0,-,Yes,21.02.12,1.5,17.9,546,199,"Cull, Not Pregnant",1,-,-,-,0,0,0,0,0,0,0,0,0,0,0,0,0,0,Inseminate,-,0,-,-,-,-,-,-,-,0,-,-,-
1644,-,110,111,22.07.21,22,Female,128,22.04.06,Holstein,-,0,-,-,21.02.13,1.5,17.9,545,110,Pregnant,5,22.07.02,-,-,0,0,0,0,0,0,0,0,0,0,0,0,0,0,Conf. Step  Up,Yes,2,22.07.02,-,-,-,-,-,-,0,-,-,-
1645,-,90,91,22.07.21,22,Female,0,22.05.25,Holstein,-,0,-,-,21.02.13,1.5,17.9,545,90,Pregnant (1st Preg Check),3,22.07.11,-,-,0,0,0,0,0,0,0,0,0,0,0,0,0,0,2nd Pregn. Check,-,1,22.07.11,-,-,-,-,-,-,0,-,-,-
1646,-,90,91,22.07.21,22,Female,0,22.07.06,Holstein,-,0,-,-,21.02.13,1.5,17.9,545,90,Bred,2,-,-,-,0,0,0,0,0,0,0,0,0,0,0,0,0,0,Pregn. Check,-,0,-,-,-,-,-,-,-,0,-,-,-
1647,-,110,111,22.07.21,22,Female,142,22.03.23,Holstein,-,0,-,-,21.02.14,1.5,17.9,544,110,Pregnant,5,22.06.20,-,-,0,0,0,0,0,0,0,0,0,0,0,0,0,0,Conf. Step  Up,Yes,2,22.06.20,-,-,-,-,-,-,0,-,-,-
1648,-,110,111,22.07.21,22,Female,126,22.04.08,Holstein,-,0,-,-,21.02.16,1.5,17.8,542,110,Pregnant,5,22.07.02,-,-,0,0,0,0,0,0,0,0,0,0,0,0,0,0,Conf. Step  Up,Yes,2,22.07.02,-,-,-,-,-,-,0,-,-,-
1649,-,110,111,22.07.21,22,Female,127,22.04.07,Holstein,-,0,-,-,21.02.17,1.5,17.8,541,110,Pregnant,5,22.07.02,-,-,0,0,0,0,0,0,0,0,0,0,0,0,0,0,Conf. Step  Up,Yes,2,22.07.02,-,-,-,-,-,-,0,-,-,-
1650,-,110,111,22.07.21,22,Female,118,22.04.16,Holstein,-,0,-,-,21.02.18,1.5,17.7,540,110,Pregnant,5,22.07.16,-,-,0,0,0,0,0,0,0,0,0,0,0,0,0,0,Conf. Step  Up,Yes,2,22.07.16,-,-,-,-,-,-,0,-,-,-
1651,-,110,111,22.07.21,22,Female,143,22.03.22,Holstein,-,0,-,-,21.02.18,1.5,17.7,540,110,Pregnant,5,22.06.20,-,-,0,0,0,0,0,0,0,0,0,0,0,0,0,0,Conf. Step  Up,Yes,2,22.06.20,-,-,-,-,-,-,0,-,-,-
1652,-,90,91,22.07.21,22,Female,0,22.06.19,Holstein,-,0,-,-,21.02.22,1.5,17.6,536,90,Pregnant (1st Preg Check),3,22.07.30,-,-,0,0,0,0,0,0,0,0,0,0,0,0,0,0,2nd Pregn. Check,-,1,22.07.30,-,-,-,-,-,-,0,-,-,-
1653,-,110,111,22.07.21,22,Female,0,22.05.16,Holstein,-,0,-,-,21.02.24,1.5,17.5,534,110,Pregnant (1st Preg Check),3,22.06.21,-,-,0,0,0,0,0,0,0,0,0,0,0,0,0,0,2nd Pregn. Check,-,1,22.06.21,-,-,-,-,-,-,0,-,-,-
1654,-,110,111,22.07.21,22,Female,142,22.03.23,Holstein,-,0,-,-,21.02.24,1.5,17.5,534,110,Pregnant,5,22.06.20,-,-,0,0,0,0,0,0,0,0,0,0,0,0,0,0,Conf. Step  Up,Yes,2,22.06.20,-,-,-,-,-,-,0,-,-,-
1655,-,90,91,22.07.21,22,Female,0,-,Holstein,-,0,-,-,21.02.24,1.5,17.5,534,90,Heifer,1,-,-,-,0,0,0,0,0,0,0,0,0,0,0,0,0,0,Inseminate,-,0,-,-,-,-,-,-,-,0,-,-,-
1656,-,110,111,22.07.21,22,Female,0,22.05.04,Holstein,-,0,-,-,21.02.25,1.5,17.5,533,110,Pregnant (1st Preg Check),3,22.06.16,-,-,0,0,0,0,0,0,0,0,0,0,0,0,0,0,2nd Pregn. Check,-,1,22.06.16,-,-,-,-,-,-,0,-,-,-
1657,-,110,111,22.07.21,22,Female,0,22.05.03,Holstein,-,0,-,-,21.02.26,1.5,17.5,532,110,Pregnant (1st Preg Check),3,22.06.16,-,-,0,0,0,0,0,0,0,0,0,0,0,0,0,0,2nd Pregn. Check,-,1,22.06.16,-,-,-,-,-,-,0,-,-,-
1658,-,110,111,22.07.21,22,Female,119,22.04.15,Holstein,-,0,-,-,21.02.26,1.5,17.5,532,110,Pregnant,5,22.07.16,-,-,0,0,0,0,0,0,0,0,0,0,0,0,0,0,Conf. Step  Up,Yes,2,22.07.16,-,-,-,-,-,-,0,-,-,-
1659,-,110,111,22.07.21,22,Female,109,22.04.25,Holstein,-,0,-,-,21.02.26,1.5,17.5,532,110,Pregnant,5,22.07.16,-,-,0,0,0,0,0,0,0,0,0,0,0,0,0,0,Conf. Step  Up,Yes,2,22.07.16,-,-,-,-,-,-,0,-,-,-
1660,-,110,111,22.07.21,22,Female,113,22.04.21,Holstein,-,0,-,-,21.02.28,1.5,17.4,530,110,Pregnant,5,22.07.16,-,-,0,0,0,0,0,0,0,0,0,0,0,0,0,0,Conf. Step  Up,Yes,2,22.07.16,-,-,-,-,-,-,0,-,-,-
1661,-,90,91,22.07.21,22,Female,0,22.05.23,Holstein,-,0,-,-,21.02.28,1.5,17.4,530,90,Pregnant (1st Preg Check),3,22.07.11,-,-,0,0,0,0,0,0,0,0,0,0,0,0,0,0,2nd Pregn. Check,-,1,22.07.11,-,-,-,-,-,-,0,-,-,-
1662,-,90,130,22.07.24,19,Female,0,22.07.27,Holstein,-,0,-,-,21.02.28,1.5,17.4,530,90,Bred,1,-,-,-,0,0,0,0,0,0,0,0,0,0,0,0,0,0,Inseminate,-,0,-,-,-,-,-,-,-,0,-,-,-
1663,-,90,91,22.07.21,22,Female,140,22.03.25,Holstein,-,0,-,-,21.02.28,1.5,17.4,530,90,Pregnant,5,22.06.20,-,-,0,0,0,0,0,0,0,0,0,0,0,0,0,0,Conf. Step  Up,Yes,2,22.06.20,-,-,-,-,-,-,0,-,-,-
1664,-,90,91,22.07.21,22,Female,0,22.05.29,Holstein,-,0,-,-,21.02.28,1.5,17.4,530,90,Pregnant (1st Preg Check),3,22.07.11,-,-,0,0,0,0,0,0,0,0,0,0,0,0,0,0,2nd Pregn. Check,-,1,22.07.11,-,-,-,-,-,-,0,-,-,-
1665,-,90,91,22.07.21,22,Female,0,22.07.20,Holstein,-,0,-,-,21.02.24,1.5,17.5,534,90,Bred,1,22.07.14,-,-,0,0,0,0,0,0,0,0,0,0,0,0,0,0,Inseminate,-,0,22.07.14,-,-,-,-,-,-,0,-,-,-
1666,-,110,111,22.07.21,22,Female,143,22.03.22,Holstein,-,0,-,-,21.03.01,1.4,17.4,529,110,Pregnant,5,22.06.20,-,-,0,0,0,0,0,0,0,0,0,0,0,0,0,0,Conf. Step  Up,Yes,2,22.06.20,-,-,-,-,-,-,0,-,-,-
1667,-,110,111,22.07.21,22,Female,115,22.04.19,Holstein,-,0,-,-,21.03.02,1.4,17.3,528,110,Pregnant,5,22.07.16,-,-,0,0,0,0,0,0,0,0,0,0,0,0,0,0,Conf. Step  Up,Yes,2,22.07.16,-,-,-,-,-,-,0,-,-,-
1668,-,110,111,22.07.21,22,Female,0,22.05.08,Holstein,-,0,-,-,21.03.02,1.4,17.3,528,110,Pregnant (1st Preg Check),3,22.06.16,-,-,0,0,0,0,0,0,0,0,0,0,0,0,0,0,2nd Pregn. Check,-,1,22.06.16,-,-,-,-,-,-,0,-,-,-
1669,-,90,91,22.07.21,22,Female,0,22.05.24,Holstein,-,0,-,-,21.03.04,1.4,17.3,526,90,Pregnant (1st Preg Check),3,22.07.11,-,-,0,0,0,0,0,0,0,0,0,0,0,0,0,0,2nd Pregn. Check,-,1,22.07.11,-,-,-,-,-,-,0,-,-,-
1670,-,90,91,22.07.21,22,Female,0,22.07.23,Holstein,-,0,-,-,21.03.04,1.4,17.3,526,90,Bred,1,-,-,-,0,0,0,0,0,0,0,0,0,0,0,0,0,0,Inseminate,-,0,-,-,-,-,-,-,-,0,-,-,-
1671,-,90,91,22.07.21,22,Female,0,22.06.02,Holstein,-,0,-,-,21.03.04,1.4,17.3,526,90,Pregnant (1st Preg Check),3,22.07.23,-,-,0,0,0,0,0,0,0,0,0,0,0,0,0,0,2nd Pregn. Check,-,1,22.07.23,-,-,-,-,-,-,0,-,-,-
1672,-,110,111,22.07.21,22,Female,114,22.04.20,Holstein,-,0,-,-,21.03.04,1.4,17.3,526,110,Pregnant,5,22.07.16,-,-,0,0,0,0,0,0,0,0,0,0,0,0,0,0,Conf. Step  Up,Yes,2,22.07.16,-,-,-,-,-,-,0,-,-,-
1673,-,110,111,22.07.21,22,Female,131,22.04.03,Holstein,-,0,-,-,21.03.04,1.4,17.3,526,110,Pregnant,5,22.07.02,-,-,0,0,0,0,0,0,0,0,0,0,0,0,0,0,Conf. Step  Up,Yes,2,22.07.02,-,-,-,-,-,-,0,-,-,-
1674,-,110,111,22.07.21,22,Female,142,22.03.23,Holstein,-,0,-,-,21.03.04,1.4,17.3,526,110,Pregnant,5,22.06.20,-,-,0,0,0,0,0,0,0,0,0,0,0,0,0,0,Conf. Step  Up,Yes,2,22.06.20,-,-,-,-,-,-,0,-,-,-
1675,-,110,111,22.07.21,22,Female,143,22.03.22,Holstein,-,0,-,-,21.03.05,1.4,17.2,525,110,Pregnant,5,22.06.20,-,-,0,0,0,0,0,0,0,0,0,0,0,0,0,0,Conf. Step  Up,Yes,2,22.06.20,-,-,-,-,-,-,0,-,-,-
1676,-,110,111,22.07.21,22,Female,128,22.04.06,Holstein,-,0,-,-,21.03.05,1.4,17.2,525,110,Pregnant,5,22.07.02,-,-,0,0,0,0,0,0,0,0,0,0,0,0,0,0,Conf. Step  Up,Yes,2,22.07.02,-,-,-,-,-,-,0,-,-,-
1677,-,90,91,22.07.21,22,Female,0,22.07.19,Holstein,-,0,-,-,21.03.07,1.4,17.2,523,90,Bred,1,22.06.16,-,-,0,0,0,0,0,0,0,0,0,0,0,0,0,0,Inseminate,-,0,22.06.16,-,-,-,-,-,-,0,-,-,-
1678,-,110,111,22.07.21,22,Female,0,22.04.29,Holstein,-,0,-,-,21.03.10,1.4,17.1,520,110,Pregnant (1st Preg Check),3,22.06.16,-,-,0,0,0,0,0,0,0,0,0,0,0,0,0,0,2nd Pregn. Check,-,1,22.06.16,-,-,-,-,-,-,0,-,-,-
1679,-,110,111,22.07.21,22,Female,143,22.03.22,Holstein,-,0,-,-,21.03.10,1.4,17.1,520,110,Pregnant,5,22.06.20,-,-,0,0,0,0,0,0,0,0,0,0,0,0,0,0,Conf. Step  Up,Yes,2,22.06.20,-,-,-,-,-,-,0,-,-,-
1680,-,90,91,22.07.21,22,Female,0,22.07.12,Holstein,-,0,-,-,21.03.10,1.4,17.1,520,90,Bred,1,-,-,-,0,0,0,0,0,0,0,0,0,0,0,0,0,0,Inseminate,-,0,-,-,-,-,-,-,-,0,-,-,-
1681,-,110,111,22.07.21,22,Female,142,22.03.23,Holstein,-,0,-,-,21.03.11,1.4,17.1,519,110,Pregnant,5,22.06.20,-,-,0,0,0,0,0,0,0,0,0,0,0,0,0,0,Conf. Step  Up,Yes,2,22.06.20,-,-,-,-,-,-,0,-,-,-
1682,-,110,111,22.07.21,22,Female,107,22.04.27,Holstein,-,0,-,-,21.03.12,1.4,17,518,110,Pregnant,5,22.07.16,-,-,0,0,0,0,0,0,0,0,0,0,0,0,0,0,Conf. Step  Up,Yes,2,22.07.16,-,-,-,-,-,-,0,-,-,-
1683,-,110,111,22.07.21,22,Female,129,22.04.05,Holstein,-,0,-,-,21.03.12,1.4,17,518,110,Pregnant,5,22.07.02,-,-,0,0,0,0,0,0,0,0,0,0,0,0,0,0,Conf. Step  Up,Yes,2,22.07.02,-,-,-,-,-,-,0,-,-,-
1684,-,90,91,22.07.21,22,Female,0,22.06.01,Holstein,-,0,-,-,21.03.14,1.4,17,516,90,Pregnant (1st Preg Check),3,22.07.14,-,-,0,0,0,0,0,0,0,0,0,0,0,0,0,0,2nd Pregn. Check,-,1,22.07.14,-,-,-,-,-,-,0,-,-,-
1685,-,90,91,22.07.21,22,Female,0,22.07.16,Holstein,-,0,-,-,21.03.14,1.4,17,516,90,Bred,1,22.06.07,-,-,0,0,0,0,0,0,0,0,0,0,0,0,0,0,Inseminate,-,0,22.06.07,-,-,-,-,-,-,0,-,-,-
1686,-,130,90,22.07.20,23,Female,0,-,Holstein,-,0,-,-,21.03.15,1.4,16.9,515,130,Heifer,1,-,-,-,0,0,0,0,0,0,0,0,0,0,0,0,0,0,Inseminate,-,0,-,-,-,-,-,-,-,0,-,-,-
1687,-,199,190,22.03.31,134,Female,0,-,Holstein,-,0,-,Yes,21.03.15,1.4,16.9,515,199,"Cull, Not Pregnant",1,-,-,-,0,0,0,0,0,0,0,0,0,0,0,0,0,0,Inseminate,-,0,-,-,-,-,-,-,-,0,-,-,-
1688,-,90,91,22.07.21,22,Female,0,22.07.29,Holstein,-,0,-,-,21.03.16,1.4,16.9,514,90,Bred,1,22.07.29,-,-,0,0,0,0,0,0,0,0,0,0,0,0,0,0,Inseminate,-,0,22.07.29,-,-,-,-,-,-,0,-,-,-
1689,-,90,91,22.07.21,22,Female,0,22.07.08,Holstein,-,0,-,-,21.03.16,1.4,16.9,514,90,Bred,2,22.05.30,-,-,0,0,0,0,0,0,0,0,0,0,0,0,0,0,Pregn. Check,-,0,22.05.30,-,-,-,-,-,-,0,-,-,-
1690,-,110,111,22.07.21,22,Female,127,22.04.07,Holstein,-,0,-,-,21.03.16,1.4,16.9,514,110,Pregnant,5,22.07.02,-,-,0,0,0,0,0,0,0,0,0,0,0,0,0,0,Conf. Step  Up,Yes,2,22.07.02,-,-,-,-,-,-,0,-,-,-
1691,-,199,190,22.03.01,164,Female,0,-,Holstein,-,0,-,Yes,21.03.16,1.4,16.9,514,199,"Cull, Not Pregnant",1,-,-,-,0,0,0,0,0,0,0,0,0,0,0,0,0,0,Inseminate,-,0,-,-,-,-,-,-,-,0,-,-,-
1692,-,130,90,22.06.28,45,Female,0,-,Holstein,-,0,-,-,21.03.18,1.4,16.8,512,130,Heifer,1,-,-,-,0,0,0,0,0,0,0,0,0,0,0,0,0,0,Inseminate,-,0,-,-,-,-,-,-,-,0,-,-,-
1693,-,110,111,22.07.21,22,Female,127,22.04.07,Holstein,-,0,-,-,21.03.19,1.4,16.8,511,110,Pregnant,5,22.07.02,-,-,0,0,0,0,0,0,0,0,0,0,0,0,0,0,Conf. Step  Up,Yes,2,22.07.02,-,-,-,-,-,-,0,-,-,-
1694,-,110,111,22.07.21,22,Female,114,22.04.20,Holstein,-,0,-,-,21.03.20,1.4,16.8,510,110,Pregnant,5,22.07.16,-,-,0,0,0,0,0,0,0,0,0,0,0,0,0,0,Conf. Step  Up,Yes,2,22.07.16,-,-,-,-,-,-,0,-,-,-
1695,-,90,91,22.07.21,22,Female,0,22.06.25,Holstein,-,0,-,-,21.03.20,1.4,16.8,510,90,Pregnant (1st Preg Check),3,22.07.30,-,-,0,0,0,0,0,0,0,0,0,0,0,0,0,0,2nd Pregn. Check,-,1,22.07.30,-,-,-,-,-,-,0,-,-,-
1696,-,110,111,22.07.21,22,Female,130,22.04.04,Holstein,-,0,-,-,21.03.20,1.4,16.8,510,110,Pregnant,5,22.07.02,-,-,0,0,0,0,0,0,0,0,0,0,0,0,0,0,Conf. Step  Up,Yes,2,22.07.02,-,-,-,-,-,-,0,-,-,-
1697,-,90,91,22.07.21,22,Female,0,22.05.24,Holstein,-,0,-,-,21.03.20,1.4,16.8,510,90,Pregnant (1st Preg Check),3,22.07.11,-,-,0,0,0,0,0,0,0,0,0,0,0,0,0,0,2nd Pregn. Check,-,1,22.07.11,-,-,-,-,-,-,0,-,-,-
1698,-,90,91,22.07.21,22,Female,0,22.06.17,Holstein,-,0,-,-,21.03.22,1.4,16.7,508,90,Pregnant (1st Preg Check),3,22.07.23,-,-,0,0,0,0,0,0,0,0,0,0,0,0,0,0,2nd Pregn. Check,-,1,22.07.23,-,-,-,-,-,-,0,-,-,-
1699,-,95,96,22.07.21,22,Female,0,-,Holstein,-,0,-,-,21.03.20,1.4,16.8,510,95,Heifer,1,-,-,-,0,0,0,0,0,0,0,0,0,0,0,0,0,0,Inseminate,-,0,-,-,-,-,-,-,-,0,-,-,-
1700,-,95,96,22.07.21,22,Female,0,-,Holstein,-,0,-,-,21.03.20,1.4,16.8,510,95,Heifer,1,-,-,-,0,0,0,0,0,0,0,0,0,0,0,0,0,0,Inseminate,-,0,-,-,-,-,-,-,-,0,-,-,-
1701,-,199,190,22.02.01,192,Female,0,-,Holstein,-,0,-,Yes,21.03.14,1.4,17,516,199,"Cull, Not Pregnant",1,-,-,-,0,0,0,0,0,0,0,0,0,0,0,0,0,0,Inseminate,-,0,-,-,-,-,-,-,-,0,-,-,-
1702,-,110,111,22.07.21,22,Female,126,22.04.08,Holstein,-,0,-,-,21.03.24,1.4,16.6,506,110,Pregnant,5,22.07.02,-,-,0,0,0,0,0,0,0,0,0,0,0,0,0,0,Conf. Step  Up,Yes,2,22.07.02,-,-,-,-,-,-,0,-,-,-
1703,-,90,91,22.07.21,22,Female,0,22.07.15,Holstein,-,0,-,-,21.03.24,1.4,16.6,506,90,Bred,1,-,-,-,0,0,0,0,0,0,0,0,0,0,0,0,0,0,Inseminate,-,0,-,-,-,-,-,-,-,0,-,-,-
1704,-,110,111,22.07.21,22,Female,129,22.04.05,Holstein,-,0,-,-,21.03.24,1.4,16.6,506,110,Pregnant,5,22.07.02,-,-,0,0,0,0,0,0,0,0,0,0,0,0,0,0,Conf. Step  Up,Yes,2,22.07.02,-,-,-,-,-,-,0,-,-,-
1705,-,90,91,22.07.21,22,Female,0,22.07.13,Holstein,-,0,-,-,21.03.24,1.4,16.6,506,90,Open,1,-,-,-,0,0,0,0,0,0,0,0,0,0,0,0,0,0,Inseminate,-,0,-,-,-,-,-,-,-,0,-,-,-
1706,-,199,190,22.06.04,69,Female,0,-,Holstein,-,0,-,Yes,21.03.25,1.4,16.6,505,199,"Cull, Not Pregnant",1,-,-,-,0,0,0,0,0,0,0,0,0,0,0,0,0,0,Inseminate,-,0,-,-,-,-,-,-,-,0,-,-,-
1707,-,110,111,22.07.21,22,Female,143,22.03.22,Holstein,-,0,-,-,21.03.25,1.4,16.6,505,110,Pregnant,5,22.06.20,-,-,0,0,0,0,0,0,0,0,0,0,0,0,0,0,Conf. Step  Up,Yes,2,22.06.20,-,-,-,-,-,-,0,-,-,-
1708,-,110,111,22.07.21,22,Female,114,22.04.20,Holstein,-,0,-,-,21.03.25,1.4,16.6,505,110,Pregnant,5,22.07.16,-,-,0,0,0,0,0,0,0,0,0,0,0,0,0,0,Conf. Step  Up,Yes,2,22.07.16,-,-,-,-,-,-,0,-,-,-
1709,-,90,91,22.07.21,22,Female,0,22.06.15,Holstein,-,0,-,-,21.03.25,1.4,16.6,505,90,Pregnant (1st Preg Check),3,22.07.23,-,-,0,0,0,0,0,0,0,0,0,0,0,0,0,0,2nd Pregn. Check,-,1,22.07.23,-,-,-,-,-,-,0,-,-,-
1710,-,90,91,22.07.21,22,Female,0,22.07.25,Holstein,-,0,-,-,21.03.26,1.4,16.6,504,90,Bred,1,-,-,-,0,0,0,0,0,0,0,0,0,0,0,0,0,0,Inseminate,-,0,-,-,-,-,-,-,-,0,-,-,-
1711,-,90,91,22.07.21,22,Female,0,22.06.28,Holstein,-,0,-,-,21.03.26,1.4,16.6,504,90,Pregnant (1st Preg Check),3,22.08.03,-,-,0,0,0,0,0,0,0,0,0,0,0,0,0,0,2nd Pregn. Check,-,1,22.08.03,-,-,-,-,-,-,0,-,-,-
1712,-,90,91,22.07.21,22,Female,0,22.05.29,Holstein,-,0,-,-,21.03.27,1.4,16.5,503,90,Pregnant (1st Preg Check),3,22.07.11,-,-,0,0,0,0,0,0,0,0,0,0,0,0,0,0,2nd Pregn. Check,-,1,22.07.11,-,-,-,-,-,-,0,-,-,-
1713,-,90,91,22.07.21,22,Female,0,22.07.31,Holstein,-,0,-,-,21.03.29,1.4,16.5,501,90,Bred,1,22.07.11,-,-,0,0,0,0,0,0,0,0,0,0,0,0,0,0,Inseminate,-,0,22.07.11,-,-,-,-,-,-,0,-,-,-
1714,-,90,91,22.07.21,22,Female,0,22.08.04,Holstein,-,0,-,-,21.03.29,1.4,16.5,501,90,Bred,1,-,-,-,0,0,0,0,0,0,0,0,0,0,0,0,0,0,Inseminate,-,0,-,-,-,-,-,-,-,0,-,-,-
1716,-,90,91,22.07.21,22,Female,0,22.06.16,Holstein,-,0,-,-,21.03.29,1.4,16.5,501,90,Pregnant (1st Preg Check),3,22.07.24,-,-,0,0,0,0,0,0,0,0,0,0,0,0,0,0,2nd Pregn. Check,-,1,22.07.24,-,-,-,-,-,-,0,-,-,-
1717,-,90,91,22.07.21,22,Female,0,22.06.25,Holstein,-,0,-,-,21.03.29,1.4,16.5,501,90,Pregnant (1st Preg Check),3,22.07.30,-,-,0,0,0,0,0,0,0,0,0,0,0,0,0,0,2nd Pregn. Check,-,1,22.07.30,-,-,-,-,-,-,0,-,-,-
1718,-,90,91,22.07.21,22,Female,0,22.06.29,Holstein,-,0,-,-,21.03.29,1.4,16.5,501,90,Pregnant (1st Preg Check),3,22.08.03,-,-,0,0,0,0,0,0,0,0,0,0,0,0,0,0,2nd Pregn. Check,-,1,22.08.03,-,-,-,-,-,-,0,-,-,-
1719,-,90,91,22.07.21,22,Female,0,22.06.16,Holstein,-,0,-,-,21.03.29,1.4,16.5,501,90,Open,1,22.07.24,-,-,0,0,0,0,0,0,0,0,0,0,0,0,0,0,Inseminate,-,0,22.07.24,-,-,-,-,-,-,0,-,-,-
1720,-,90,91,22.07.21,22,Female,0,22.07.10,Holstein,-,0,-,-,21.03.31,1.4,16.4,499,90,Bred,2,-,-,-,0,0,0,0,0,0,0,0,0,0,0,0,0,0,Pregn. Check,-,0,-,-,-,-,-,-,-,0,-,-,-
1722,-,90,91,22.07.21,22,Female,0,22.06.21,Holstein,-,0,-,-,21.03.31,1.4,16.4,499,90,Pregnant (1st Preg Check),3,22.07.30,-,-,0,0,0,0,0,0,0,0,0,0,0,0,0,0,2nd Pregn. Check,-,1,22.07.30,-,-,-,-,-,-,0,-,-,-
1723,-,90,91,22.07.21,22,Female,0,22.07.28,Holstein,-,0,-,-,21.03.31,1.4,16.4,499,90,Bred,1,22.07.10,-,-,0,0,0,0,0,0,0,0,0,0,0,0,0,0,Inseminate,-,0,22.07.10,-,-,-,-,-,-,0,-,-,-
1724,-,90,91,22.07.21,22,Female,0,22.07.02,Holstein,-,0,-,-,21.04.01,1.4,16.4,498,90,Pregnant (1st Preg Check),3,22.08.06,-,-,0,0,0,0,0,0,0,0,0,0,0,0,0,0,2nd Pregn. Check,-,1,22.08.06,-,-,-,-,-,-,0,-,-,-
1725,-,90,91,22.07.21,22,Female,0,22.05.27,Holstein,-,0,-,-,21.04.01,1.4,16.4,498,90,Pregnant (1st Preg Check),3,22.07.11,-,-,0,0,0,0,0,0,0,0,0,0,0,0,0,0,2nd Pregn. Check,-,1,22.07.11,-,-,-,-,-,-,0,-,-,-
1726,-,90,91,22.07.21,22,Female,0,22.07.27,Holstein,-,0,-,-,21.04.01,1.4,16.4,498,90,Bred,1,-,-,-,0,0,0,0,0,0,0,0,0,0,0,0,0,0,Inseminate,-,0,-,-,-,-,-,-,-,0,-,-,-
1727,-,90,91,22.07.21,22,Female,0,22.05.31,Holstein,-,0,-,-,21.04.04,1.4,16.3,495,90,Pregnant (1st Preg Check),3,22.07.14,-,-,0,0,0,0,0,0,0,0,0,0,0,0,0,0,2nd Pregn. Check,-,1,22.07.14,-,-,-,-,-,-,0,-,-,-
1728,-,199,190,22.06.04,69,Female,0,-,Holstein,-,0,-,Yes,21.04.04,1.4,16.3,495,199,"Cull, Not Pregnant",1,-,-,-,0,0,0,0,0,0,0,0,0,0,0,0,0,0,Inseminate,-,0,-,-,-,-,-,-,-,0,-,-,-
1729,-,90,91,22.07.21,22,Female,0,22.06.04,Holstein,-,0,-,-,21.04.04,1.4,16.3,495,90,Pregnant (1st Preg Check),3,22.07.14,-,-,0,0,0,0,0,0,0,0,0,0,0,0,0,0,2nd Pregn. Check,-,1,22.07.14,-,-,-,-,-,-,0,-,-,-
1730,-,90,91,22.07.21,22,Female,0,22.08.08,Holstein,-,0,-,-,21.04.04,1.4,16.3,495,90,Bred,1,-,-,-,0,0,0,0,0,0,0,0,0,0,0,0,0,0,Inseminate,-,0,-,-,-,-,-,-,-,0,-,-,-
1731,-,90,91,22.07.21,22,Female,0,22.08.01,Holstein,-,0,-,-,21.04.04,1.4,16.3,495,90,Bred,1,22.07.13,-,-,0,0,0,0,0,0,0,0,0,0,0,0,0,0,Inseminate,-,0,22.07.13,-,-,-,-,-,-,0,-,-,-
1732,-,90,91,22.07.21,22,Female,0,22.06.15,Holstein,-,0,-,-,21.04.06,1.3,16.2,493,90,Pregnant (1st Preg Check),3,22.07.23,-,-,0,0,0,0,0,0,0,0,0,0,0,0,0,0,2nd Pregn. Check,-,1,22.07.23,-,-,-,-,-,-,0,-,-,-
1733,-,90,91,22.07.21,22,Female,0,22.05.25,Holstein,-,0,-,-,21.04.06,1.3,16.2,493,90,Pregnant (1st Preg Check),3,22.07.11,-,-,0,0,0,0,0,0,0,0,0,0,0,0,0,0,2nd Pregn. Check,-,1,22.07.11,-,-,-,-,-,-,0,-,-,-
1734,-,110,111,22.07.21,22,Female,0,22.04.30,Holstein,-,0,-,-,21.04.06,1.3,16.2,493,110,Pregnant (1st Preg Check),3,22.06.16,-,-,0,0,0,0,0,0,0,0,0,0,0,0,0,0,2nd Pregn. Check,-,1,22.06.16,-,-,-,-,-,-,0,-,-,-
1735,-,110,111,22.07.21,22,Female,0,22.05.17,Holstein,-,0,-,-,21.04.06,1.3,16.2,493,110,Pregnant (1st Preg Check),3,22.06.21,-,-,0,0,0,0,0,0,0,0,0,0,0,0,0,0,2nd Pregn. Check,-,1,22.06.21,-,-,-,-,-,-,0,-,-,-
1736,-,90,91,22.07.21,22,Female,0,22.06.29,Holstein,-,0,-,-,21.04.09,1.3,16.1,490,90,Pregnant (1st Preg Check),3,22.08.03,-,-,0,0,0,0,0,0,0,0,0,0,0,0,0,0,2nd Pregn. Check,-,1,22.08.03,-,-,-,-,-,-,0,-,-,-
1737,-,90,91,22.07.21,22,Female,0,22.06.17,Holstein,-,0,-,-,21.04.09,1.3,16.1,490,90,Pregnant (1st Preg Check),3,22.07.23,-,-,0,0,0,0,0,0,0,0,0,0,0,0,0,0,2nd Pregn. Check,-,1,22.07.23,-,-,-,-,-,-,0,-,-,-
1738,-,90,91,22.07.21,22,Female,0,22.06.22,Holstein,-,0,-,-,21.04.09,1.3,16.1,490,90,Pregnant (1st Preg Check),3,22.07.30,-,-,0,0,0,0,0,0,0,0,0,0,0,0,0,0,2nd Pregn. Check,-,1,22.07.30,-,-,-,-,-,-,0,-,-,-
1739,-,90,91,22.07.21,22,Female,0,22.06.02,Holstein,-,0,-,-,21.04.09,1.3,16.1,490,90,Pregnant (1st Preg Check),3,22.07.14,-,-,0,0,0,0,0,0,0,0,0,0,0,0,0,0,2nd Pregn. Check,-,1,22.07.14,-,-,-,-,-,-,0,-,-,-
1740,-,110,111,22.07.21,22,Female,0,22.05.13,Holstein,-,0,-,-,21.04.10,1.3,16.1,489,110,Pregnant (1st Preg Check),3,22.06.16,-,-,0,0,0,0,0,0,0,0,0,0,0,0,0,0,2nd Pregn. Check,-,1,22.06.16,-,-,-,-,-,-,0,-,-,-
1741,-,90,91,22.07.21,22,Female,0,22.06.14,Holstein,-,0,-,-,21.04.10,1.3,16.1,489,90,Pregnant (1st Preg Check),3,22.07.23,-,-,0,0,0,0,0,0,0,0,0,0,0,0,0,0,2nd Pregn. Check,-,1,22.07.23,-,-,-,-,-,-,0,-,-,-
1742,-,110,111,22.07.21,22,Female,0,22.05.17,Holstein,-,0,-,-,21.04.10,1.3,16.1,489,110,Pregnant (1st Preg Check),3,22.06.21,-,-,0,0,0,0,0,0,0,0,0,0,0,0,0,0,2nd Pregn. Check,-,1,22.06.21,-,-,-,-,-,-,0,-,-,-
1743,-,110,111,22.07.21,22,Female,0,22.05.15,Holstein,-,0,-,-,21.04.11,1.3,16,488,110,Pregnant (1st Preg Check),3,22.06.21,-,-,0,0,0,0,0,0,0,0,0,0,0,0,0,0,2nd Pregn. Check,-,1,22.06.21,-,-,-,-,-,-,0,-,-,-
1744,-,90,91,22.07.21,22,Female,0,22.06.14,Holstein,-,0,-,-,21.04.11,1.3,16,488,90,Pregnant (1st Preg Check),3,22.07.23,-,-,0,0,0,0,0,0,0,0,0,0,0,0,0,0,2nd Pregn. Check,-,1,22.07.23,-,-,-,-,-,-,0,-,-,-
1745,-,90,91,22.07.21,22,Female,0,22.06.12,Holstein,-,0,-,-,21.04.12,1.3,16,487,90,Pregnant (1st Preg Check),3,22.07.23,-,-,0,0,0,0,0,0,0,0,0,0,0,0,0,0,2nd Pregn. Check,-,1,22.07.23,-,-,-,-,-,-,0,-,-,-
1746,-,90,91,22.07.21,22,Female,0,22.07.18,Holstein,-,0,-,-,21.04.13,1.3,16,486,90,Bred,1,-,-,-,0,0,0,0,0,0,0,0,0,0,0,0,0,0,Inseminate,-,0,-,-,-,-,-,-,-,0,-,-,-
1747,-,90,91,22.07.21,22,Female,0,22.05.22,Holstein,-,0,-,-,21.04.13,1.3,16,486,90,Pregnant (1st Preg Check),3,22.07.11,-,-,0,0,0,0,0,0,0,0,0,0,0,0,0,0,2nd Pregn. Check,-,1,22.07.11,-,-,-,-,-,-,0,-,-,-
1748,-,90,91,22.07.21,22,Female,0,22.06.17,Holstein,-,0,-,-,21.04.13,1.3,16,486,90,Pregnant (1st Preg Check),3,22.07.23,-,-,0,0,0,0,0,0,0,0,0,0,0,0,0,0,2nd Pregn. Check,-,1,22.07.23,-,-,-,-,-,-,0,-,-,-
1749,-,110,111,22.07.21,22,Female,0,22.05.19,Holstein,-,0,-,-,21.04.13,1.3,16,486,110,Pregnant (1st Preg Check),3,22.06.21,-,-,0,0,0,0,0,0,0,0,0,0,0,0,0,0,2nd Pregn. Check,-,1,22.06.21,-,-,-,-,-,-,0,-,-,-
1750,-,90,91,22.07.21,22,Female,0,22.05.23,Holstein,-,0,-,-,21.04.15,1.3,15.9,484,90,Pregnant (1st Preg Check),3,22.07.11,-,-,0,0,0,0,0,0,0,0,0,0,0,0,0,0,2nd Pregn. Check,-,1,22.07.11,-,-,-,-,-,-,0,-,-,-
1751,-,90,91,22.07.21,22,Female,0,22.05.28,Holstein,-,0,-,-,21.04.15,1.3,15.9,484,90,Pregnant (1st Preg Check),3,22.07.11,-,-,0,0,0,0,0,0,0,0,0,0,0,0,0,0,2nd Pregn. Check,-,1,22.07.11,-,-,-,-,-,-,0,-,-,-
1752,-,90,91,22.07.21,22,Female,0,22.06.01,Holstein,-,0,-,-,21.04.16,1.3,15.9,483,90,Pregnant (1st Preg Check),3,22.07.14,-,-,0,0,0,0,0,0,0,0,0,0,0,0,0,0,2nd Pregn. Check,-,1,22.07.14,-,-,-,-,-,-,0,-,-,-
1753,-,90,91,22.07.21,22,Female,0,22.07.20,Holstein,-,0,-,-,21.04.16,1.3,15.9,483,90,Bred,1,22.07.14,-,-,0,0,0,0,0,0,0,0,0,0,0,0,0,0,Inseminate,-,0,22.07.14,-,-,-,-,-,-,0,-,-,-
1755,-,90,91,22.07.21,22,Female,0,22.06.22,Holstein,-,0,-,-,21.04.19,1.3,15.8,480,90,Pregnant (1st Preg Check),3,22.07.30,-,-,0,0,0,0,0,0,0,0,0,0,0,0,0,0,2nd Pregn. Check,-,1,22.07.30,-,-,-,-,-,-,0,-,-,-
1756,-,90,91,22.07.21,22,Female,0,22.06.01,Holstein,-,0,-,-,21.04.19,1.3,15.8,480,90,Pregnant (1st Preg Check),3,22.07.14,-,-,0,0,0,0,0,0,0,0,0,0,0,0,0,0,2nd Pregn. Check,-,1,22.07.14,-,-,-,-,-,-,0,-,-,-
1757,-,90,91,22.07.21,22,Female,0,22.05.29,Holstein,-,0,-,-,21.04.19,1.3,15.8,480,90,Pregnant (1st Preg Check),3,22.07.11,-,-,0,0,0,0,0,0,0,0,0,0,0,0,0,0,2nd Pregn. Check,-,1,22.07.11,-,-,-,-,-,-,0,-,-,-
1758,-,110,111,22.07.21,22,Female,0,22.05.15,Holstein,-,0,-,-,21.04.19,1.3,15.8,480,110,Pregnant (1st Preg Check),3,22.06.21,-,-,0,0,0,0,0,0,0,0,0,0,0,0,0,0,2nd Pregn. Check,-,1,22.06.21,-,-,-,-,-,-,0,-,-,-
1759,-,90,91,22.07.21,22,Female,0,22.05.21,Holstein,-,0,-,-,21.04.21,1.3,15.7,478,90,Pregnant (1st Preg Check),3,22.07.04,-,-,0,0,0,0,0,0,0,0,0,0,0,0,0,0,2nd Pregn. Check,-,1,22.07.04,-,-,-,-,-,-,0,-,-,-
1760,-,90,91,22.07.21,22,Female,0,22.08.10,Holstein,-,0,-,-,21.04.22,1.3,15.7,477,90,Bred,1,-,-,-,0,0,0,0,0,0,0,0,0,0,0,0,0,0,Inseminate,-,0,-,-,-,-,-,-,-,0,-,-,-
1761,-,90,91,22.07.21,22,Female,0,22.06.16,Holstein,-,0,-,-,21.04.22,1.3,15.7,477,90,Pregnant (1st Preg Check),3,22.07.23,-,-,0,0,0,0,0,0,0,0,0,0,0,0,0,0,2nd Pregn. Check,-,1,22.07.23,-,-,-,-,-,-,0,-,-,-
1762,-,90,91,22.07.21,22,Female,0,22.06.07,Holstein,-,0,-,-,21.04.22,1.3,15.7,477,90,Pregnant (1st Preg Check),3,22.07.14,-,-,0,0,0,0,0,0,0,0,0,0,0,0,0,0,2nd Pregn. Check,-,1,22.07.14,-,-,-,-,-,-,0,-,-,-
1763,-,90,91,22.07.21,22,Female,0,22.06.20,Holstein,-,0,-,-,21.04.23,1.3,15.6,476,90,Pregnant (1st Preg Check),3,22.07.30,-,-,0,0,0,0,0,0,0,0,0,0,0,0,0,0,2nd Pregn. Check,-,1,22.07.30,-,-,-,-,-,-,0,-,-,-
1764,-,110,111,22.07.21,22,Female,0,22.05.19,Holstein,-,0,-,-,21.04.23,1.3,15.6,476,110,Pregnant (1st Preg Check),3,22.06.21,-,-,0,0,0,0,0,0,0,0,0,0,0,0,0,0,2nd Pregn. Check,-,1,22.06.21,-,-,-,-,-,-,0,-,-,-
1765,-,90,91,22.07.21,22,Female,0,22.05.20,Holstein,-,0,-,-,21.04.23,1.3,15.6,476,90,Pregnant (1st Preg Check),3,22.07.04,-,-,0,0,0,0,0,0,0,0,0,0,0,0,0,0,2nd Pregn. Check,-,1,22.07.04,-,-,-,-,-,-,0,-,-,-
1766,-,90,91,22.07.21,22,Female,0,22.05.29,Holstein,-,0,-,-,21.04.23,1.3,15.6,476,90,Pregnant (1st Preg Check),3,22.07.11,-,-,0,0,0,0,0,0,0,0,0,0,0,0,0,0,2nd Pregn. Check,-,1,22.07.11,-,-,-,-,-,-,0,-,-,-
1767,-,90,91,22.07.21,22,Female,0,22.06.19,Holstein,-,0,-,-,21.04.24,1.3,15.6,475,90,Pregnant (1st Preg Check),3,22.07.30,-,-,0,0,0,0,0,0,0,0,0,0,0,0,0,0,2nd Pregn. Check,-,1,22.07.30,-,-,-,-,-,-,0,-,-,-
1768,-,90,91,22.07.21,22,Female,0,22.05.29,Holstein,-,0,-,-,21.04.24,1.3,15.6,475,90,Pregnant (1st Preg Check),3,22.07.11,-,-,0,0,0,0,0,0,0,0,0,0,0,0,0,0,2nd Pregn. Check,-,1,22.07.11,-,-,-,-,-,-,0,-,-,-
1769,-,90,91,22.07.21,22,Female,0,22.07.27,Holstein,-,0,-,-,21.04.25,1.3,15.6,474,90,Bred,1,-,-,-,0,0,0,0,0,0,0,0,0,0,0,0,0,0,Inseminate,-,0,-,-,-,-,-,-,-,0,-,-,-
1770,-,90,91,22.07.21,22,Female,0,22.06.04,Holstein,-,0,-,-,21.04.25,1.3,15.6,474,90,Pregnant (1st Preg Check),3,22.07.14,-,-,0,0,0,0,0,0,0,0,0,0,0,0,0,0,2nd Pregn. Check,-,1,22.07.14,-,-,-,-,-,-,0,-,-,-
1771,-,110,111,22.07.21,22,Female,0,22.05.11,Holstein,-,0,-,-,21.04.25,1.3,15.6,474,110,Pregnant (1st Preg Check),3,22.06.16,-,-,0,0,0,0,0,0,0,0,0,0,0,0,0,0,2nd Pregn. Check,-,1,22.06.16,-,-,-,-,-,-,0,-,-,-
1772,-,90,91,22.07.21,22,Female,0,22.06.18,Holstein,-,0,-,-,21.04.25,1.3,15.6,474,90,Pregnant (1st Preg Check),3,22.07.23,-,-,0,0,0,0,0,0,0,0,0,0,0,0,0,0,2nd Pregn. Check,-,1,22.07.23,-,-,-,-,-,-,0,-,-,-
1773,-,90,91,22.07.21,22,Female,0,22.06.01,Holstein,-,0,-,-,21.04.25,1.3,15.6,474,90,Pregnant (1st Preg Check),3,22.07.14,-,-,0,0,0,0,0,0,0,0,0,0,0,0,0,0,2nd Pregn. Check,-,1,22.07.14,-,-,-,-,-,-,0,-,-,-
1774,-,199,190,22.05.01,103,Female,0,-,Holstein,-,0,-,Yes,21.04.26,1.3,15.5,473,199,"Cull, Not Pregnant",1,-,-,-,0,0,0,0,0,0,0,0,0,0,0,0,0,0,Inseminate,-,0,-,-,-,-,-,-,-,0,-,-,-
1776,-,90,91,22.07.21,22,Female,0,22.05.14,Holstein,-,0,-,-,21.04.27,1.3,15.5,472,90,Pregnant (1st Preg Check),3,22.06.27,-,-,0,0,0,0,0,0,0,0,0,0,0,0,0,0,2nd Pregn. Check,-,1,22.06.27,-,-,-,-,-,-,0,-,-,-
1777,-,90,91,22.07.21,22,Female,0,22.05.28,Holstein,-,0,-,-,21.04.28,1.3,15.5,471,90,Pregnant (1st Preg Check),3,22.07.11,-,-,0,0,0,0,0,0,0,0,0,0,0,0,0,0,2nd Pregn. Check,-,1,22.07.11,-,-,-,-,-,-,0,-,-,-
1778,-,90,91,22.07.21,22,Female,0,22.05.28,Holstein,-,0,-,-,21.04.28,1.3,15.5,471,90,Pregnant (1st Preg Check),3,22.07.11,-,-,0,0,0,0,0,0,0,0,0,0,0,0,0,0,2nd Pregn. Check,-,1,22.07.11,-,-,-,-,-,-,0,-,-,-
1779,-,90,91,22.07.21,22,Female,0,22.06.15,Holstein,-,0,-,-,21.04.28,1.3,15.5,471,90,Pregnant (1st Preg Check),3,22.07.23,-,-,0,0,0,0,0,0,0,0,0,0,0,0,0,0,2nd Pregn. Check,-,1,22.07.23,-,-,-,-,-,-,0,-,-,-
1780,-,90,91,22.07.21,22,Female,0,22.06.02,Holstein,-,0,-,-,21.04.28,1.3,15.5,471,90,Pregnant (1st Preg Check),3,22.07.14,-,-,0,0,0,0,0,0,0,0,0,0,0,0,0,0,2nd Pregn. Check,-,1,22.07.14,-,-,-,-,-,-,0,-,-,-
1781,-,90,91,22.07.21,22,Female,0,22.07.26,Holstein,-,0,-,-,21.04.30,1.3,15.4,469,90,Bred,1,-,-,-,0,0,0,0,0,0,0,0,0,0,0,0,0,0,Inseminate,-,0,-,-,-,-,-,-,-,0,-,-,-
1782,-,90,91,22.07.21,22,Female,0,22.06.15,Holstein,-,0,-,-,21.04.30,1.3,15.4,469,90,Pregnant (1st Preg Check),3,22.07.23,-,-,0,0,0,0,0,0,0,0,0,0,0,0,0,0,2nd Pregn. Check,-,1,22.07.23,-,-,-,-,-,-,0,-,-,-
1783,-,90,91,22.07.21,22,Female,0,22.05.23,Holstein,-,0,-,-,21.04.30,1.3,15.4,469,90,Pregnant (1st Preg Check),3,22.07.11,-,-,0,0,0,0,0,0,0,0,0,0,0,0,0,0,2nd Pregn. Check,-,1,22.07.11,-,-,-,-,-,-,0,-,-,-
1784,-,95,96,22.07.21,22,Female,0,-,Holstein,-,0,-,-,21.04.23,1.3,15.6,476,95,Heifer,1,-,-,-,0,0,0,0,0,0,0,0,0,0,0,0,0,0,Inseminate,-,0,-,-,-,-,-,-,-,0,-,-,-
1785,-,90,91,22.07.21,22,Female,0,22.06.20,Holstein,-,0,-,-,21.05.01,1.3,15.4,468,90,Pregnant (1st Preg Check),3,22.07.30,-,-,0,0,0,0,0,0,0,0,0,0,0,0,0,0,2nd Pregn. Check,-,1,22.07.30,-,-,-,-,-,-,0,-,-,-
1786,-,90,91,22.07.21,22,Female,0,-,Holstein,-,0,-,-,21.05.01,1.3,15.4,468,90,Heifer,1,-,-,-,0,0,0,0,0,0,0,0,0,0,0,0,0,0,Inseminate,-,0,-,-,-,-,-,-,-,0,-,-,-
1787,-,90,91,22.07.21,22,Female,0,22.06.14,Holstein,-,0,-,-,21.05.01,1.3,15.4,468,90,Pregnant (1st Preg Check),3,22.07.23,-,-,0,0,0,0,0,0,0,0,0,0,0,0,0,0,2nd Pregn. Check,-,1,22.07.23,-,-,-,-,-,-,0,-,-,-
1788,-,90,91,22.07.21,22,Female,0,22.05.31,Holstein,-,0,-,-,21.05.02,1.3,15.3,467,90,Pregnant (1st Preg Check),3,22.07.14,-,-,0,0,0,0,0,0,0,0,0,0,0,0,0,0,2nd Pregn. Check,-,1,22.07.14,-,-,-,-,-,-,0,-,-,-
1789,-,90,91,22.07.21,22,Female,0,22.06.01,Holstein,-,0,-,-,21.05.02,1.3,15.3,467,90,Pregnant (1st Preg Check),3,22.07.14,-,-,0,0,0,0,0,0,0,0,0,0,0,0,0,0,2nd Pregn. Check,-,1,22.07.14,-,-,-,-,-,-,0,-,-,-
1790,-,90,91,22.07.21,22,Female,0,22.07.07,Holstein,-,0,-,-,21.05.03,1.3,15.3,466,90,Bred,2,-,-,-,0,0,0,0,0,0,0,0,0,0,0,0,0,0,Pregn. Check,-,0,-,-,-,-,-,-,-,0,-,-,-
1791,-,90,91,22.07.21,22,Female,0,22.06.13,Holstein,-,0,-,-,21.05.03,1.3,15.3,466,90,Pregnant (1st Preg Check),3,22.07.23,-,-,0,0,0,0,0,0,0,0,0,0,0,0,0,0,2nd Pregn. Check,-,1,22.07.23,-,-,-,-,-,-,0,-,-,-
1792,-,90,91,22.07.21,22,Female,0,22.07.15,Holstein,-,0,-,-,21.05.03,1.3,15.3,466,90,Bred,1,-,-,-,0,0,0,0,0,0,0,0,0,0,0,0,0,0,Inseminate,-,0,-,-,-,-,-,-,-,0,-,-,-
1793,-,90,91,22.07.21,22,Female,0,22.06.25,Holstein,-,0,-,-,21.05.03,1.3,15.3,466,90,Pregnant (1st Preg Check),3,22.07.30,-,-,0,0,0,0,0,0,0,0,0,0,0,0,0,0,2nd Pregn. Check,-,1,22.07.30,-,-,-,-,-,-,0,-,-,-
1794,-,90,91,22.07.21,22,Female,0,22.06.13,Holstein,-,0,-,-,21.05.04,1.3,15.3,465,90,Pregnant (1st Preg Check),3,22.07.23,-,-,0,0,0,0,0,0,0,0,0,0,0,0,0,0,2nd Pregn. Check,-,1,22.07.23,-,-,-,-,-,-,0,-,-,-
1795,-,90,91,22.07.21,22,Female,0,22.06.21,Holstein,-,0,-,-,21.05.05,1.3,15.2,464,90,Pregnant (1st Preg Check),3,22.07.30,-,-,0,0,0,0,0,0,0,0,0,0,0,0,0,0,2nd Pregn. Check,-,1,22.07.30,-,-,-,-,-,-,0,-,-,-
1796,-,90,91,22.07.21,22,Female,0,-,Holstein,-,0,-,-,21.05.05,1.3,15.2,464,90,Heifer,1,-,-,-,0,0,0,0,0,0,0,0,0,0,0,0,0,0,Inseminate,-,0,-,-,-,-,-,-,-,0,-,-,-
1797,-,90,91,22.07.21,22,Female,0,22.06.28,Holstein,-,0,-,-,21.05.06,1.3,15.2,463,90,Pregnant (1st Preg Check),3,22.08.03,-,-,0,0,0,0,0,0,0,0,0,0,0,0,0,0,2nd Pregn. Check,-,1,22.08.03,-,-,-,-,-,-,0,-,-,-
1798,-,90,91,22.07.21,22,Female,0,22.06.12,Holstein,-,0,-,-,21.05.06,1.3,15.2,463,90,Pregnant (1st Preg Check),3,22.07.23,-,-,0,0,0,0,0,0,0,0,0,0,0,0,0,0,2nd Pregn. Check,-,1,22.07.23,-,-,-,-,-,-,0,-,-,-
1799,-,90,91,22.07.21,22,Female,0,22.07.19,Holstein,-,0,-,-,21.05.08,1.3,15.1,461,90,Bred,1,22.06.21,-,-,0,0,0,0,0,0,0,0,0,0,0,0,0,0,Inseminate,-,0,22.06.21,-,-,-,-,-,-,0,-,-,-
1800,-,90,91,22.07.21,22,Female,0,22.07.09,Holstein,-,0,-,-,21.05.08,1.3,15.1,461,90,Bred,2,-,-,-,0,0,0,0,0,0,0,0,0,0,0,0,0,0,Pregn. Check,-,0,-,-,-,-,-,-,-,0,-,-,-
1802,-,90,91,22.07.21,22,Female,0,22.07.21,Holstein,-,0,-,-,21.05.08,1.3,15.1,461,90,Bred,1,-,-,-,0,0,0,0,0,0,0,0,0,0,0,0,0,0,Inseminate,-,0,-,-,-,-,-,-,-,0,-,-,-
1803,-,90,91,22.07.21,22,Female,0,22.06.29,Holstein,-,0,-,-,21.05.09,1.3,15.1,460,90,Pregnant (1st Preg Check),3,22.08.03,-,-,0,0,0,0,0,0,0,0,0,0,0,0,0,0,2nd Pregn. Check,-,1,22.08.03,-,-,-,-,-,-,0,-,-,-
1804,-,90,91,22.07.21,22,Female,0,22.07.01,Holstein,-,0,-,-,21.05.09,1.3,15.1,460,90,Pregnant (1st Preg Check),3,22.08.03,-,-,0,0,0,0,0,0,0,0,0,0,0,0,0,0,2nd Pregn. Check,-,1,22.08.03,-,-,-,-,-,-,0,-,-,-
1805,-,90,91,22.07.21,22,Female,0,22.06.17,Holstein,-,0,-,-,21.05.10,1.3,15.1,459,90,Pregnant (1st Preg Check),3,22.07.23,-,-,0,0,0,0,0,0,0,0,0,0,0,0,0,0,2nd Pregn. Check,-,1,22.07.23,-,-,-,-,-,-,0,-,-,-
1806,-,95,96,22.07.21,22,Female,0,-,Holstein,-,0,-,-,21.05.10,1.3,15.1,459,95,Heifer,1,-,-,-,0,0,0,0,0,0,0,0,0,0,0,0,0,0,Inseminate,-,0,-,-,-,-,-,-,-,0,-,-,-
1807,-,90,91,22.07.21,22,Female,0,22.06.29,Holstein,-,0,-,-,21.05.10,1.3,15.1,459,90,Pregnant (1st Preg Check),3,22.08.03,-,-,0,0,0,0,0,0,0,0,0,0,0,0,0,0,2nd Pregn. Check,-,1,22.08.03,-,-,-,-,-,-,0,-,-,-
1808,-,90,91,22.07.21,22,Female,0,22.08.03,Holstein,-,0,-,-,21.05.10,1.3,15.1,459,90,Bred,1,-,-,-,0,0,0,0,0,0,0,0,0,0,0,0,0,0,Inseminate,-,0,-,-,-,-,-,-,-,0,-,-,-
1809,-,90,91,22.07.21,22,Female,0,22.07.22,Holstein,-,0,-,-,21.05.11,1.3,15,458,90,Bred,1,22.07.02,-,-,0,0,0,0,0,0,0,0,0,0,0,0,0,0,Inseminate,-,0,22.07.02,-,-,-,-,-,-,0,-,-,-
1810,-,90,91,22.07.21,22,Female,0,22.07.10,Holstein,-,0,-,-,21.05.11,1.3,15,458,90,Bred,2,-,-,-,0,0,0,0,0,0,0,0,0,0,0,0,0,0,Pregn. Check,-,0,-,-,-,-,-,-,-,0,-,-,-
1811,-,90,91,22.07.21,22,Female,0,-,Holstein,-,0,-,-,21.05.11,1.3,15,458,90,Heifer,1,-,-,-,0,0,0,0,0,0,0,0,0,0,0,0,0,0,Inseminate,-,0,-,-,-,-,-,-,-,0,-,-,-
1813,-,90,91,22.07.21,22,Female,0,22.06.28,Holstein,-,0,-,-,21.05.13,1.2,15,456,90,Pregnant (1st Preg Check),3,22.08.03,-,-,0,0,0,0,0,0,0,0,0,0,0,0,0,0,2nd Pregn. Check,-,1,22.08.03,-,-,-,-,-,-,0,-,-,-
1815,-,90,91,22.07.21,22,Female,0,22.06.27,Holstein,-,0,-,-,21.05.13,1.2,15,456,90,Pregnant (1st Preg Check),3,22.08.03,-,-,0,0,0,0,0,0,0,0,0,0,0,0,0,0,2nd Pregn. Check,-,1,22.08.03,-,-,-,-,-,-,0,-,-,-
1816,-,90,91,22.07.21,22,Female,0,22.06.27,Holstein,-,0,-,-,21.05.14,1.2,14.9,455,90,Pregnant (1st Preg Check),3,22.08.03,-,-,0,0,0,0,0,0,0,0,0,0,0,0,0,0,2nd Pregn. Check,-,1,22.08.03,-,-,-,-,-,-,0,-,-,-
1817,-,199,190,22.07.21,22,Female,0,-,Holstein,-,0,-,Yes,21.05.14,1.2,14.9,455,199,"Cull, Not Pregnant",1,-,-,-,0,0,0,0,0,0,0,0,0,0,0,0,0,0,Inseminate,-,0,-,-,-,-,-,-,-,0,-,-,-
1818,-,90,91,22.07.21,22,Female,0,22.08.02,Holstein,-,0,-,-,21.05.14,1.2,14.9,455,90,Bred,1,-,-,-,0,0,0,0,0,0,0,0,0,0,0,0,0,0,Inseminate,-,0,-,-,-,-,-,-,-,0,-,-,-
1819,-,90,91,22.07.21,22,Female,0,22.07.20,Holstein,-,0,-,-,21.05.15,1.2,14.9,454,90,Bred,1,-,-,-,0,0,0,0,0,0,0,0,0,0,0,0,0,0,Inseminate,-,0,-,-,-,-,-,-,-,0,-,-,-
1820,-,110,111,22.07.21,22,Female,0,22.05.17,Holstein,-,0,-,-,21.05.15,1.2,14.9,454,110,Pregnant (1st Preg Check),3,22.06.21,-,-,0,0,0,0,0,0,0,0,0,0,0,0,0,0,2nd Pregn. Check,-,1,22.06.21,-,-,-,-,-,-,0,-,-,-
1821,-,90,91,22.07.21,22,Female,0,22.07.20,Holstein,-,0,-,-,21.05.15,1.2,14.9,454,90,Bred,1,-,-,-,0,0,0,0,0,0,0,0,0,0,0,0,0,0,Inseminate,-,0,-,-,-,-,-,-,-,0,-,-,-
1822,-,90,91,22.07.21,22,Female,0,22.07.02,Holstein,-,0,-,-,21.05.17,1.2,14.9,452,90,Pregnant (1st Preg Check),3,22.08.06,-,-,0,0,0,0,0,0,0,0,0,0,0,0,0,0,2nd Pregn. Check,-,1,22.08.06,-,-,-,-,-,-,0,-,-,-
1823,-,90,91,22.07.21,22,Female,0,22.07.10,Holstein,-,0,-,-,21.05.17,1.2,14.9,452,90,Bred,2,-,-,-,0,0,0,0,0,0,0,0,0,0,0,0,0,0,Pregn. Check,-,0,-,-,-,-,-,-,-,0,-,-,-
1824,-,90,91,22.07.21,22,Female,0,22.07.16,Holstein,-,0,-,-,21.05.20,1.2,14.8,449,90,Bred,1,-,-,-,0,0,0,0,0,0,0,0,0,0,0,0,0,0,Inseminate,-,0,-,-,-,-,-,-,-,0,-,-,-
1825,-,90,91,22.07.21,22,Female,0,22.07.19,Holstein,-,0,-,-,21.05.20,1.2,14.8,449,90,Bred,1,-,-,-,0,0,0,0,0,0,0,0,0,0,0,0,0,0,Inseminate,-,0,-,-,-,-,-,-,-,0,-,-,-
1826,-,90,91,22.07.21,22,Female,0,22.08.09,Holstein,-,0,-,-,21.05.20,1.2,14.8,449,90,Bred,1,-,-,-,0,0,0,0,0,0,0,0,0,0,0,0,0,0,Inseminate,-,0,-,-,-,-,-,-,-,0,-,-,-
1827,-,90,91,22.07.21,22,Female,0,22.06.05,Holstein,-,0,-,-,21.05.20,1.2,14.8,449,90,Pregnant (1st Preg Check),3,22.07.14,-,-,0,0,0,0,0,0,0,0,0,0,0,0,0,0,2nd Pregn. Check,-,1,22.07.14,-,-,-,-,-,-,0,-,-,-
1828,-,90,91,22.07.21,22,Female,0,22.06.17,Holstein,-,0,-,-,21.05.20,1.2,14.8,449,90,Pregnant (1st Preg Check),3,22.07.23,-,-,0,0,0,0,0,0,0,0,0,0,0,0,0,0,2nd Pregn. Check,-,1,22.07.23,-,-,-,-,-,-,0,-,-,-
1829,-,90,91,22.07.21,22,Female,0,22.07.14,Holstein,-,0,-,-,21.05.22,1.2,14.7,447,90,Bred,1,-,-,-,0,0,0,0,0,0,0,0,0,0,0,0,0,0,Inseminate,-,0,-,-,-,-,-,-,-,0,-,-,-
1830,-,90,91,22.07.21,22,Female,0,22.07.18,Holstein,-,0,-,-,21.05.22,1.2,14.7,447,90,Bred,1,-,-,-,0,0,0,0,0,0,0,0,0,0,0,0,0,0,Inseminate,-,0,-,-,-,-,-,-,-,0,-,-,-
1831,-,90,91,22.07.21,22,Female,0,22.07.19,Holstein,-,0,-,-,21.05.22,1.2,14.7,447,90,Bred,1,-,-,-,0,0,0,0,0,0,0,0,0,0,0,0,0,0,Inseminate,-,0,-,-,-,-,-,-,-,0,-,-,-
1832,-,90,91,22.07.21,22,Female,0,22.07.19,Holstein,-,0,-,-,21.05.22,1.2,14.7,447,90,Bred,1,-,-,-,0,0,0,0,0,0,0,0,0,0,0,0,0,0,Inseminate,-,0,-,-,-,-,-,-,-,0,-,-,-
1833,-,130,90,22.07.21,22,Female,0,-,Holstein,-,0,-,-,21.05.22,1.2,14.7,447,130,Heifer,1,-,-,-,0,0,0,0,0,0,0,0,0,0,0,0,0,0,Inseminate,-,0,-,-,-,-,-,-,-,0,-,-,-
1834,-,90,91,22.07.21,22,Female,0,22.07.14,Holstein,-,0,-,-,21.05.22,1.2,14.7,447,90,Bred,1,-,-,-,0,0,0,0,0,0,0,0,0,0,0,0,0,0,Inseminate,-,0,-,-,-,-,-,-,-,0,-,-,-
1835,-,90,91,22.07.21,22,Female,0,-,Holstein,-,0,-,-,21.05.22,1.2,14.7,447,90,Heifer,1,-,-,-,0,0,0,0,0,0,0,0,0,0,0,0,0,0,Inseminate,-,0,-,-,-,-,-,-,-,0,-,-,-
1836,-,90,91,22.07.21,22,Female,0,22.07.01,Holstein,-,0,-,-,21.05.23,1.2,14.7,446,90,Pregnant (1st Preg Check),3,22.08.03,-,-,0,0,0,0,0,0,0,0,0,0,0,0,0,0,2nd Pregn. Check,-,1,22.08.03,-,-,-,-,-,-,0,-,-,-
1837,-,90,91,22.07.21,22,Female,0,22.07.08,Holstein,-,0,-,-,21.05.23,1.2,14.7,446,90,Bred,2,-,-,-,0,0,0,0,0,0,0,0,0,0,0,0,0,0,Pregn. Check,-,0,-,-,-,-,-,-,-,0,-,-,-
1838,-,90,91,22.07.21,22,Female,0,22.08.03,Holstein,-,0,-,-,21.05.23,1.2,14.7,446,90,Bred,1,-,-,-,0,0,0,0,0,0,0,0,0,0,0,0,0,0,Inseminate,-,0,-,-,-,-,-,-,-,0,-,-,-
1839,-,90,91,22.07.21,22,Female,0,22.06.27,Holstein,-,0,-,-,21.05.23,1.2,14.7,446,90,Pregnant (1st Preg Check),3,22.08.03,-,-,0,0,0,0,0,0,0,0,0,0,0,0,0,0,2nd Pregn. Check,-,1,22.08.03,-,-,-,-,-,-,0,-,-,-
1840,-,90,91,22.07.21,22,Female,0,-,Holstein,-,0,-,-,21.05.23,1.2,14.7,446,90,Heifer,1,-,-,-,0,0,0,0,0,0,0,0,0,0,0,0,0,0,Inseminate,-,0,-,-,-,-,-,-,-,0,-,-,-
1841,-,90,91,22.07.21,22,Female,0,22.07.21,Holstein,-,0,-,-,21.05.25,1.2,14.6,444,90,Bred,1,-,-,-,0,0,0,0,0,0,0,0,0,0,0,0,0,0,Inseminate,-,0,-,-,-,-,-,-,-,0,-,-,-
1842,-,90,91,22.07.21,22,Female,0,22.08.03,Holstein,-,0,-,-,21.05.26,1.2,14.6,443,90,Bred,1,-,-,-,0,0,0,0,0,0,0,0,0,0,0,0,0,0,Inseminate,-,0,-,-,-,-,-,-,-,0,-,-,-
1843,-,90,91,22.07.21,22,Female,0,22.08.01,Holstein,-,0,-,-,21.05.26,1.2,14.6,443,90,Bred,1,-,-,-,0,0,0,0,0,0,0,0,0,0,0,0,0,0,Inseminate,-,0,-,-,-,-,-,-,-,0,-,-,-
1844,-,199,190,22.05.01,103,Female,0,-,Holstein,-,0,-,Yes,21.05.26,1.2,14.6,443,199,"Cull, Not Pregnant",1,-,-,-,0,0,0,0,0,0,0,0,0,0,0,0,0,0,Inseminate,-,0,-,-,-,-,-,-,-,0,-,-,-
1845,-,90,91,22.07.21,22,Female,0,22.07.14,Holstein,-,0,-,-,21.05.24,1.2,14.6,445,90,Bred,1,-,-,-,0,0,0,0,0,0,0,0,0,0,0,0,0,0,Inseminate,-,0,-,-,-,-,-,-,-,0,-,-,-
1846,-,90,91,22.07.21,22,Female,0,-,Holstein,-,0,-,-,21.05.26,1.2,14.6,443,90,Heifer,1,-,-,-,0,0,0,0,0,0,0,0,0,0,0,0,0,0,Inseminate,-,0,-,-,-,-,-,-,-,0,-,-,-
1847,-,90,199,22.07.21,22,Female,0,22.07.04,Holstein,-,0,-,-,21.05.26,1.2,14.6,443,90,Bred,2,-,-,-,0,0,0,0,0,0,0,0,0,0,0,0,0,0,Pregn. Check,-,0,-,-,-,-,-,-,-,0,-,-,-
1848,-,90,91,22.07.21,22,Female,0,22.07.21,Holstein,-,0,-,-,21.05.27,1.2,14.5,442,90,Bred,1,-,-,-,0,0,0,0,0,0,0,0,0,0,0,0,0,0,Inseminate,-,0,-,-,-,-,-,-,-,0,-,-,-
1849,-,90,91,22.07.21,22,Female,0,22.06.19,Holstein,-,0,-,-,21.05.29,1.2,14.5,440,90,Pregnant (1st Preg Check),3,22.07.30,-,-,0,0,0,0,0,0,0,0,0,0,0,0,0,0,2nd Pregn. Check,-,1,22.07.30,-,-,-,-,-,-,0,-,-,-
1850,-,90,91,22.07.21,22,Female,0,22.08.03,Holstein,-,0,-,-,21.05.29,1.2,14.5,440,90,Bred,1,-,-,-,0,0,0,0,0,0,0,0,0,0,0,0,0,0,Inseminate,-,0,-,-,-,-,-,-,-,0,-,-,-
1851,-,95,96,22.07.21,22,Female,0,-,Holstein,-,0,-,-,21.05.29,1.2,14.5,440,95,Heifer,1,-,-,-,0,0,0,0,0,0,0,0,0,0,0,0,0,0,Inseminate,-,0,-,-,-,-,-,-,-,0,-,-,-
1852,-,90,91,22.07.21,22,Female,0,22.07.11,Holstein,-,0,-,-,21.05.29,1.2,14.5,440,90,Bred,1,-,-,-,0,0,0,0,0,0,0,0,0,0,0,0,0,0,Inseminate,-,0,-,-,-,-,-,-,-,0,-,-,-
1853,-,90,91,22.07.21,22,Female,0,22.06.29,Holstein,-,0,-,-,21.05.30,1.2,14.4,439,90,Pregnant (1st Preg Check),3,22.08.03,-,-,0,0,0,0,0,0,0,0,0,0,0,0,0,0,2nd Pregn. Check,-,1,22.08.03,-,-,-,-,-,-,0,-,-,-
1854,-,90,91,22.07.21,22,Female,0,22.07.12,Holstein,-,0,-,-,21.06.01,1.2,14.4,437,90,Bred,1,-,-,-,0,0,0,0,0,0,0,0,0,0,0,0,0,0,Inseminate,-,0,-,-,-,-,-,-,-,0,-,-,-
1855,-,90,91,22.07.21,22,Female,0,22.07.18,Holstein,-,0,-,-,21.06.01,1.2,14.4,437,90,Bred,1,-,-,-,0,0,0,0,0,0,0,0,0,0,0,0,0,0,Inseminate,-,0,-,-,-,-,-,-,-,0,-,-,-
1856,-,90,91,22.07.21,22,Female,0,22.08.08,Holstein,-,0,-,-,21.06.01,1.2,14.4,437,90,Bred,1,-,-,-,0,0,0,0,0,0,0,0,0,0,0,0,0,0,Inseminate,-,0,-,-,-,-,-,-,-,0,-,-,-
1857,-,95,96,22.07.21,22,Female,0,-,Holstein,-,0,-,-,21.06.02,1.2,14.3,436,95,Heifer,1,-,-,-,0,0,0,0,0,0,0,0,0,0,0,0,0,0,Inseminate,-,0,-,-,-,-,-,-,-,0,-,-,-
1858,-,90,91,22.07.21,22,Female,0,22.08.03,Holstein,-,0,-,-,21.06.07,1.2,14.2,431,90,Bred,1,-,-,-,0,0,0,0,0,0,0,0,0,0,0,0,0,0,Inseminate,-,0,-,-,-,-,-,-,-,0,-,-,-
1859,-,95,96,22.07.21,22,Female,0,-,Holstein,-,0,-,-,21.06.07,1.2,14.2,431,95,Heifer,1,-,-,-,0,0,0,0,0,0,0,0,0,0,0,0,0,0,Inseminate,-,0,-,-,-,-,-,-,-,0,-,-,-
1861,-,95,96,22.07.21,22,Female,0,-,Holstein,-,0,-,-,21.06.07,1.2,14.2,431,95,Heifer,1,-,-,-,0,0,0,0,0,0,0,0,0,0,0,0,0,0,Inseminate,-,0,-,-,-,-,-,-,-,0,-,-,-
1862,-,95,96,22.07.21,22,Female,0,-,Holstein,-,0,-,-,21.06.07,1.2,14.2,431,95,Heifer,1,-,-,-,0,0,0,0,0,0,0,0,0,0,0,0,0,0,Inseminate,-,0,-,-,-,-,-,-,-,0,-,-,-
1863,-,95,96,22.07.21,22,Female,0,-,Holstein,-,0,-,-,21.06.08,1.2,14.1,430,95,Heifer,1,-,-,-,0,0,0,0,0,0,0,0,0,0,0,0,0,0,Inseminate,-,0,-,-,-,-,-,-,-,0,-,-,-
1864,-,95,96,22.07.21,22,Female,0,-,Holstein,-,0,-,-,21.06.10,1.2,14.1,428,95,Heifer,1,-,-,-,0,0,0,0,0,0,0,0,0,0,0,0,0,0,Inseminate,-,0,-,-,-,-,-,-,-,0,-,-,-
1865,-,95,96,22.07.21,22,Female,0,-,Holstein,-,0,-,-,21.06.12,1.2,14,426,95,Heifer,1,-,-,-,0,0,0,0,0,0,0,0,0,0,0,0,0,0,Inseminate,-,0,-,-,-,-,-,-,-,0,-,-,-
1866,-,130,95,22.07.20,23,Female,0,-,Holstein,-,0,-,-,21.06.12,1.2,14,426,130,Heifer,1,-,-,-,0,0,0,0,0,0,0,0,0,0,0,0,0,0,Inseminate,-,0,-,-,-,-,-,-,-,0,-,-,-
1867,-,95,96,22.07.21,22,Female,0,-,Holstein,-,0,-,-,21.06.14,1.2,13.9,424,95,Heifer,1,-,-,-,0,0,0,0,0,0,0,0,0,0,0,0,0,0,Inseminate,-,0,-,-,-,-,-,-,-,0,-,-,-
1868,-,95,96,22.07.21,22,Female,0,-,Holstein,-,0,-,-,21.06.15,1.2,13.9,423,95,Heifer,1,-,-,-,0,0,0,0,0,0,0,0,0,0,0,0,0,0,Inseminate,-,0,-,-,-,-,-,-,-,0,-,-,-
1869,-,95,96,22.07.21,22,Female,0,-,Holstein,-,0,-,-,21.06.17,1.2,13.8,421,95,Heifer,1,-,-,-,0,0,0,0,0,0,0,0,0,0,0,0,0,0,Inseminate,-,0,-,-,-,-,-,-,-,0,-,-,-
1870,-,95,96,22.07.21,22,Female,0,-,Holstein,-,0,-,-,21.06.17,1.2,13.8,421,95,Heifer,1,-,-,-,0,0,0,0,0,0,0,0,0,0,0,0,0,0,Inseminate,-,0,-,-,-,-,-,-,-,0,-,-,-
1871,-,95,96,22.07.21,22,Female,0,-,Holstein,-,0,-,-,21.06.17,1.2,13.8,421,95,Heifer,1,-,-,-,0,0,0,0,0,0,0,0,0,0,0,0,0,0,Inseminate,-,0,-,-,-,-,-,-,-,0,-,-,-
1872,-,95,96,22.07.21,22,Female,0,-,Holstein,-,0,-,-,21.06.17,1.2,13.8,421,95,Heifer,1,-,-,-,0,0,0,0,0,0,0,0,0,0,0,0,0,0,Inseminate,-,0,-,-,-,-,-,-,-,0,-,-,-
1873,-,90,91,22.07.21,22,Female,0,22.07.03,Holstein,-,0,-,-,21.06.17,1.2,13.8,421,90,Bred,2,-,-,-,0,0,0,0,0,0,0,0,0,0,0,0,0,0,Pregn. Check,-,0,-,-,-,-,-,-,-,0,-,-,-
1874,-,90,91,22.07.21,22,Female,0,22.07.12,Holstein,-,0,-,-,21.06.17,1.2,13.8,421,90,Bred,1,-,-,-,0,0,0,0,0,0,0,0,0,0,0,0,0,0,Inseminate,-,0,-,-,-,-,-,-,-,0,-,-,-
1875,-,95,96,22.07.21,22,Female,0,-,Holstein,-,0,-,-,21.06.17,1.2,13.8,421,95,Heifer,1,-,-,-,0,0,0,0,0,0,0,0,0,0,0,0,0,0,Inseminate,-,0,-,-,-,-,-,-,-,0,-,-,-
1876,-,95,96,22.07.21,22,Female,0,-,Holstein,-,0,-,-,21.06.19,1.1,13.8,419,95,Heifer,1,-,-,-,0,0,0,0,0,0,0,0,0,0,0,0,0,0,Inseminate,-,0,-,-,-,-,-,-,-,0,-,-,-
1877,-,95,96,22.07.21,22,Female,0,-,Holstein,-,0,-,-,21.06.20,1.1,13.7,418,95,Heifer,1,-,-,-,0,0,0,0,0,0,0,0,0,0,0,0,0,0,Inseminate,-,0,-,-,-,-,-,-,-,0,-,-,-
1878,-,95,96,22.07.21,22,Female,0,-,Holstein,-,0,-,-,21.06.20,1.1,13.7,418,95,Heifer,1,-,-,-,0,0,0,0,0,0,0,0,0,0,0,0,0,0,Inseminate,-,0,-,-,-,-,-,-,-,0,-,-,-
1879,-,150,95,22.07.20,23,Female,0,-,Holstein,-,0,-,-,21.06.20,1.1,13.7,418,150,Heifer,1,-,-,-,0,0,0,0,0,0,0,0,0,0,0,0,0,0,Inseminate,-,0,-,-,-,-,-,-,-,0,-,-,-
1880,-,95,96,22.07.21,22,Female,0,-,Holstein,-,0,-,-,21.06.20,1.1,13.7,418,95,Heifer,1,-,-,-,0,0,0,0,0,0,0,0,0,0,0,0,0,0,Inseminate,-,0,-,-,-,-,-,-,-,0,-,-,-
1881,-,95,96,22.07.21,22,Female,0,-,Holstein,-,0,-,-,21.06.22,1.1,13.7,416,95,Heifer,1,-,-,-,0,0,0,0,0,0,0,0,0,0,0,0,0,0,Inseminate,-,0,-,-,-,-,-,-,-,0,-,-,-
1882,-,95,96,22.07.21,22,Female,0,-,Holstein,-,0,-,-,21.06.22,1.1,13.7,416,95,Heifer,1,-,-,-,0,0,0,0,0,0,0,0,0,0,0,0,0,0,Inseminate,-,0,-,-,-,-,-,-,-,0,-,-,-
1883,-,95,96,22.07.21,22,Female,0,-,Holstein,-,0,-,-,21.06.23,1.1,13.6,415,95,Heifer,1,-,-,-,0,0,0,0,0,0,0,0,0,0,0,0,0,0,Inseminate,-,0,-,-,-,-,-,-,-,0,-,-,-
1884,-,95,96,22.07.21,22,Female,0,-,Holstein,-,0,-,-,21.06.24,1.1,13.6,414,95,Heifer,1,-,-,-,0,0,0,0,0,0,0,0,0,0,0,0,0,0,Inseminate,-,0,-,-,-,-,-,-,-,0,-,-,-
1885,-,95,96,22.07.21,22,Female,0,-,Holstein,-,0,-,-,21.06.26,1.1,13.5,412,95,Heifer,1,-,-,-,0,0,0,0,0,0,0,0,0,0,0,0,0,0,Inseminate,-,0,-,-,-,-,-,-,-,0,-,-,-
1886,-,95,96,22.07.21,22,Female,0,-,Holstein,-,0,-,-,21.06.27,1.1,13.5,411,95,Heifer,1,-,-,-,0,0,0,0,0,0,0,0,0,0,0,0,0,0,Inseminate,-,0,-,-,-,-,-,-,-,0,-,-,-
1887,-,95,96,22.07.21,22,Female,0,-,Holstein,-,0,-,-,21.06.27,1.1,13.5,411,95,Heifer,1,-,-,-,0,0,0,0,0,0,0,0,0,0,0,0,0,0,Inseminate,-,0,-,-,-,-,-,-,-,0,-,-,-
1888,-,95,96,22.07.21,22,Female,0,-,Holstein,-,0,-,-,21.06.27,1.1,13.5,411,95,Heifer,1,-,-,-,0,0,0,0,0,0,0,0,0,0,0,0,0,0,Inseminate,-,0,-,-,-,-,-,-,-,0,-,-,-
1889,-,95,96,22.07.21,22,Female,0,-,Holstein,-,0,-,-,21.06.27,1.1,13.5,411,95,Heifer,1,-,-,-,0,0,0,0,0,0,0,0,0,0,0,0,0,0,Inseminate,-,0,-,-,-,-,-,-,-,0,-,-,-
1890,-,95,96,22.07.21,22,Female,0,-,Holstein,-,0,-,-,21.06.30,1.1,13.4,408,95,Heifer,1,-,-,-,0,0,0,0,0,0,0,0,0,0,0,0,0,0,Inseminate,-,0,-,-,-,-,-,-,-,0,-,-,-
1891,-,95,96,22.07.21,22,Female,0,-,Holstein,-,0,-,-,21.06.30,1.1,13.4,408,95,Heifer,1,-,-,-,0,0,0,0,0,0,0,0,0,0,0,0,0,0,Inseminate,-,0,-,-,-,-,-,-,-,0,-,-,-
1892,-,95,96,22.07.21,22,Female,0,-,Holstein,-,0,-,-,21.06.30,1.1,13.4,408,95,Heifer,1,-,-,-,0,0,0,0,0,0,0,0,0,0,0,0,0,0,Inseminate,-,0,-,-,-,-,-,-,-,0,-,-,-
1893,-,150,95,22.07.20,23,Female,0,-,Holstein,-,0,-,-,21.07.01,1.1,13.4,407,150,Heifer,1,-,-,-,0,0,0,0,0,0,0,0,0,0,0,0,0,0,Inseminate,-,0,-,-,-,-,-,-,-,0,-,-,-
1894,-,130,95,22.07.21,22,Female,0,-,Holstein,-,0,-,-,21.07.01,1.1,13.4,407,130,Heifer,1,-,-,-,0,0,0,0,0,0,0,0,0,0,0,0,0,0,Inseminate,-,0,-,-,-,-,-,-,-,0,-,-,-
1896,-,95,96,22.07.21,22,Female,0,-,Holstein,-,0,-,-,21.06.21,1.1,13.7,417,95,Heifer,1,-,-,-,0,0,0,0,0,0,0,0,0,0,0,0,0,0,Inseminate,-,0,-,-,-,-,-,-,-,0,-,-,-
1897,-,95,96,22.07.21,22,Female,0,-,Holstein,-,0,-,-,21.07.01,1.1,13.4,407,95,Heifer,1,-,-,-,0,0,0,0,0,0,0,0,0,0,0,0,0,0,Inseminate,-,0,-,-,-,-,-,-,-,0,-,-,-
1898,-,95,96,22.07.21,22,Female,0,-,Holstein,-,0,-,-,21.07.01,1.1,13.4,407,95,Heifer,1,-,-,-,0,0,0,0,0,0,0,0,0,0,0,0,0,0,Inseminate,-,0,-,-,-,-,-,-,-,0,-,-,-
1899,-,95,96,22.07.21,22,Female,0,-,Holstein,-,0,-,-,21.07.03,1.1,13.3,405,95,Heifer,1,-,-,-,0,0,0,0,0,0,0,0,0,0,0,0,0,0,Inseminate,-,0,-,-,-,-,-,-,-,0,-,-,-
1900,-,95,96,22.07.21,22,Female,0,-,Holstein,-,0,-,-,21.07.03,1.1,13.3,405,95,Heifer,1,-,-,-,0,0,0,0,0,0,0,0,0,0,0,0,0,0,Inseminate,-,0,-,-,-,-,-,-,-,0,-,-,-
1901,-,95,96,22.07.21,22,Female,0,-,Holstein,-,0,-,-,21.07.04,1.1,13.3,404,95,Heifer,1,-,-,-,0,0,0,0,0,0,0,0,0,0,0,0,0,0,Inseminate,-,0,-,-,-,-,-,-,-,0,-,-,-
1902,-,95,96,22.07.21,22,Female,0,-,Holstein,-,0,-,-,21.07.04,1.1,13.3,404,95,Heifer,1,-,-,-,0,0,0,0,0,0,0,0,0,0,0,0,0,0,Inseminate,-,0,-,-,-,-,-,-,-,0,-,-,-
1903,-,95,96,22.07.21,22,Female,0,-,Holstein,-,0,-,-,21.07.05,1.1,13.2,403,95,Heifer,1,-,-,-,0,0,0,0,0,0,0,0,0,0,0,0,0,0,Inseminate,-,0,-,-,-,-,-,-,-,0,-,-,-
1904,-,95,96,22.07.21,22,Female,0,-,Holstein,-,0,-,-,21.07.06,1.1,13.2,402,95,Heifer,1,-,-,-,0,0,0,0,0,0,0,0,0,0,0,0,0,0,Inseminate,-,0,-,-,-,-,-,-,-,0,-,-,-
1905,-,95,96,22.07.21,22,Female,0,-,Holstein,-,0,-,-,21.07.07,1.1,13.2,401,95,Heifer,1,-,-,-,0,0,0,0,0,0,0,0,0,0,0,0,0,0,Inseminate,-,0,-,-,-,-,-,-,-,0,-,-,-
1906,-,95,96,22.07.21,22,Female,0,-,Holstein,-,0,-,-,21.07.08,1.1,13.1,400,95,Heifer,1,-,-,-,0,0,0,0,0,0,0,0,0,0,0,0,0,0,Inseminate,-,0,-,-,-,-,-,-,-,0,-,-,-
1907,-,95,96,22.07.21,22,Female,0,-,Holstein,-,0,-,-,21.07.08,1.1,13.1,400,95,Heifer,1,-,-,-,0,0,0,0,0,0,0,0,0,0,0,0,0,0,Inseminate,-,0,-,-,-,-,-,-,-,0,-,-,-
1908,-,95,96,22.07.21,22,Female,0,-,Holstein,-,0,-,-,21.07.08,1.1,13.1,400,95,Heifer,1,-,-,-,0,0,0,0,0,0,0,0,0,0,0,0,0,0,Inseminate,-,0,-,-,-,-,-,-,-,0,-,-,-
1909,-,95,96,22.07.21,22,Female,0,-,Holstein,-,0,-,-,21.07.08,1.1,13.1,400,95,Heifer,1,-,-,-,0,0,0,0,0,0,0,0,0,0,0,0,0,0,Inseminate,-,0,-,-,-,-,-,-,-,0,-,-,-
1911,-,95,96,22.07.21,22,Female,0,-,Holstein,-,0,-,-,21.07.11,1.1,13,397,95,Heifer,1,-,-,-,0,0,0,0,0,0,0,0,0,0,0,0,0,0,Inseminate,-,0,-,-,-,-,-,-,-,0,-,-,-
1912,-,95,96,22.07.21,22,Female,0,-,Holstein,-,0,-,-,21.07.11,1.1,13,397,95,Heifer,1,-,-,-,0,0,0,0,0,0,0,0,0,0,0,0,0,0,Inseminate,-,0,-,-,-,-,-,-,-,0,-,-,-
1913,-,95,96,22.07.21,22,Female,0,-,Holstein,-,0,-,-,21.07.11,1.1,13,397,95,Heifer,1,-,-,-,0,0,0,0,0,0,0,0,0,0,0,0,0,0,Inseminate,-,0,-,-,-,-,-,-,-,0,-,-,-
1914,-,95,96,22.07.21,22,Female,0,-,Holstein,-,0,-,-,21.07.11,1.1,13,397,95,Heifer,1,-,-,-,0,0,0,0,0,0,0,0,0,0,0,0,0,0,Inseminate,-,0,-,-,-,-,-,-,-,0,-,-,-
1915,-,95,96,22.07.21,22,Female,0,-,Holstein,-,0,-,-,21.07.12,1.1,13,396,95,Heifer,1,-,-,-,0,0,0,0,0,0,0,0,0,0,0,0,0,0,Inseminate,-,0,-,-,-,-,-,-,-,0,-,-,-
1916,-,95,96,22.07.21,22,Female,0,-,Holstein,-,0,-,-,21.07.12,1.1,13,396,95,Heifer,1,-,-,-,0,0,0,0,0,0,0,0,0,0,0,0,0,0,Inseminate,-,0,-,-,-,-,-,-,-,0,-,-,-
1917,-,95,96,22.07.21,22,Female,0,-,Holstein,-,0,-,-,21.07.12,1.1,13,396,95,Heifer,1,-,-,-,0,0,0,0,0,0,0,0,0,0,0,0,0,0,Inseminate,-,0,-,-,-,-,-,-,-,0,-,-,-
1918,-,95,96,22.07.21,22,Female,0,-,Holstein,-,0,-,-,21.07.12,1.1,13,396,95,Heifer,1,-,-,-,0,0,0,0,0,0,0,0,0,0,0,0,0,0,Inseminate,-,0,-,-,-,-,-,-,-,0,-,-,-
1919,-,95,96,22.07.21,22,Female,0,-,Holstein,-,0,-,-,21.07.12,1.1,13,396,95,Heifer,1,-,-,-,0,0,0,0,0,0,0,0,0,0,0,0,0,0,Inseminate,-,0,-,-,-,-,-,-,-,0,-,-,-
1920,-,95,96,22.07.21,22,Female,0,-,Holstein,-,0,-,-,21.07.12,1.1,13,396,95,Heifer,1,-,-,-,0,0,0,0,0,0,0,0,0,0,0,0,0,0,Inseminate,-,0,-,-,-,-,-,-,-,0,-,-,-
1923,-,95,150,22.05.29,75,Female,0,-,Holstein,-,0,-,-,21.07.13,1.1,13,395,95,Heifer,1,-,-,-,0,0,0,0,0,0,0,0,0,0,0,0,0,0,Inseminate,-,0,-,-,-,-,-,-,-,0,-,-,-
1924,-,95,96,22.07.21,22,Female,0,-,Holstein,-,0,-,-,21.07.13,1.1,13,395,95,Heifer,1,-,-,-,0,0,0,0,0,0,0,0,0,0,0,0,0,0,Inseminate,-,0,-,-,-,-,-,-,-,0,-,-,-
1925,-,95,96,22.07.21,22,Female,0,-,Holstein,-,0,-,-,21.07.14,1.1,12.9,394,95,Heifer,1,-,-,-,0,0,0,0,0,0,0,0,0,0,0,0,0,0,Inseminate,-,0,-,-,-,-,-,-,-,0,-,-,-
1926,-,150,95,22.07.20,23,Female,0,-,Holstein,-,0,-,-,21.07.14,1.1,12.9,394,150,Heifer,1,-,-,-,0,0,0,0,0,0,0,0,0,0,0,0,0,0,Inseminate,-,0,-,-,-,-,-,-,-,0,-,-,-
1927,-,95,96,22.07.21,22,Female,0,-,Holstein,-,0,-,-,21.07.14,1.1,12.9,394,95,Heifer,1,-,-,-,0,0,0,0,0,0,0,0,0,0,0,0,0,0,Inseminate,-,0,-,-,-,-,-,-,-,0,-,-,-
1930,-,95,96,22.07.21,22,Female,0,-,Holstein,-,0,-,-,21.07.15,1.1,12.9,393,95,Heifer,1,-,-,-,0,0,0,0,0,0,0,0,0,0,0,0,0,0,Inseminate,-,0,-,-,-,-,-,-,-,0,-,-,-
1931,-,95,96,22.07.21,22,Female,0,-,Holstein,-,0,-,-,21.07.15,1.1,12.9,393,95,Heifer,1,-,-,-,0,0,0,0,0,0,0,0,0,0,0,0,0,0,Inseminate,-,0,-,-,-,-,-,-,-,0,-,-,-
1932,-,95,96,22.07.21,22,Female,0,-,Holstein,-,0,-,-,21.07.15,1.1,12.9,393,95,Heifer,1,-,-,-,0,0,0,0,0,0,0,0,0,0,0,0,0,0,Inseminate,-,0,-,-,-,-,-,-,-,0,-,-,-
1933,-,95,96,22.07.21,22,Female,0,-,Holstein,-,0,-,-,21.07.15,1.1,12.9,393,95,Heifer,1,-,-,-,0,0,0,0,0,0,0,0,0,0,0,0,0,0,Inseminate,-,0,-,-,-,-,-,-,-,0,-,-,-
1934,-,95,96,22.07.21,22,Female,0,-,Holstein,-,0,-,-,21.07.15,1.1,12.9,393,95,Heifer,1,-,-,-,0,0,0,0,0,0,0,0,0,0,0,0,0,0,Inseminate,-,0,-,-,-,-,-,-,-,0,-,-,-
1935,-,95,96,22.07.21,22,Female,0,-,Holstein,-,0,-,-,21.07.15,1.1,12.9,393,95,Heifer,1,-,-,-,0,0,0,0,0,0,0,0,0,0,0,0,0,0,Inseminate,-,0,-,-,-,-,-,-,-,0,-,-,-
1936,-,140,95,22.07.21,22,Female,0,-,Holstein,-,0,-,-,21.07.17,1.1,12.8,391,140,Heifer,1,-,-,-,0,0,0,0,0,0,0,0,0,0,0,0,0,0,Inseminate,-,0,-,-,-,-,-,-,-,0,-,-,-
1937,-,95,96,22.07.21,22,Female,0,-,Holstein,-,0,-,-,21.07.17,1.1,12.8,391,95,Heifer,1,-,-,-,0,0,0,0,0,0,0,0,0,0,0,0,0,0,Inseminate,-,0,-,-,-,-,-,-,-,0,-,-,-
1938,-,95,96,22.07.21,22,Female,0,-,Holstein,-,0,-,-,21.07.17,1.1,12.8,391,95,Heifer,1,-,-,-,0,0,0,0,0,0,0,0,0,0,0,0,0,0,Inseminate,-,0,-,-,-,-,-,-,-,0,-,-,-
1939,-,95,96,22.07.21,22,Female,0,-,Holstein,-,0,-,-,21.07.17,1.1,12.8,391,95,Heifer,1,-,-,-,0,0,0,0,0,0,0,0,0,0,0,0,0,0,Inseminate,-,0,-,-,-,-,-,-,-,0,-,-,-
1940,-,95,96,22.07.21,22,Female,0,-,Holstein,-,0,-,-,21.07.17,1.1,12.8,391,95,Heifer,1,-,-,-,0,0,0,0,0,0,0,0,0,0,0,0,0,0,Inseminate,-,0,-,-,-,-,-,-,-,0,-,-,-
1941,-,95,96,22.07.21,22,Female,0,-,Holstein,-,0,-,-,21.07.17,1.1,12.8,391,95,Heifer,1,-,-,-,0,0,0,0,0,0,0,0,0,0,0,0,0,0,Inseminate,-,0,-,-,-,-,-,-,-,0,-,-,-
1942,-,95,96,22.07.21,22,Female,0,-,Holstein,-,0,-,-,21.07.17,1.1,12.8,391,95,Heifer,1,-,-,-,0,0,0,0,0,0,0,0,0,0,0,0,0,0,Inseminate,-,0,-,-,-,-,-,-,-,0,-,-,-
1943,-,95,96,22.07.21,22,Female,0,-,Holstein,-,0,-,-,21.07.19,1.1,12.8,389,95,Heifer,1,-,-,-,0,0,0,0,0,0,0,0,0,0,0,0,0,0,Inseminate,-,0,-,-,-,-,-,-,-,0,-,-,-
1945,-,199,190,22.07.02,41,Female,0,-,Holstein,-,0,-,Yes,21.07.19,1.1,12.8,389,199,"Cull, Not Pregnant",1,-,-,-,0,0,0,0,0,0,0,0,0,0,0,0,0,0,Inseminate,-,0,-,-,-,-,-,-,-,0,-,-,-
1946,-,95,96,22.07.21,22,Female,0,-,Holstein,-,0,-,-,21.07.20,1.1,12.7,388,95,Heifer,1,-,-,-,0,0,0,0,0,0,0,0,0,0,0,0,0,0,Inseminate,-,0,-,-,-,-,-,-,-,0,-,-,-
1947,-,95,96,22.07.21,22,Female,0,-,Holstein,-,0,-,-,21.07.21,1.1,12.7,387,95,Heifer,1,-,-,-,0,0,0,0,0,0,0,0,0,0,0,0,0,0,Inseminate,-,0,-,-,-,-,-,-,-,0,-,-,-
1948,-,95,96,22.07.21,22,Female,0,-,Holstein,-,0,-,-,21.07.21,1.1,12.7,387,95,Heifer,1,-,-,-,0,0,0,0,0,0,0,0,0,0,0,0,0,0,Inseminate,-,0,-,-,-,-,-,-,-,0,-,-,-
1949,-,150,95,22.07.21,22,Female,0,-,Holstein,-,0,-,-,21.07.21,1.1,12.7,387,150,Heifer,1,-,-,-,0,0,0,0,0,0,0,0,0,0,0,0,0,0,Inseminate,-,0,-,-,-,-,-,-,-,0,-,-,-
1950,-,95,96,22.07.21,22,Female,0,-,Holstein,-,0,-,-,21.07.22,1.1,12.7,386,95,Heifer,1,-,-,-,0,0,0,0,0,0,0,0,0,0,0,0,0,0,Inseminate,-,0,-,-,-,-,-,-,-,0,-,-,-
1951,-,95,96,22.07.21,22,Female,0,-,Holstein,-,0,-,-,21.07.22,1.1,12.7,386,95,Heifer,1,-,-,-,0,0,0,0,0,0,0,0,0,0,0,0,0,0,Inseminate,-,0,-,-,-,-,-,-,-,0,-,-,-
1952,-,95,96,22.07.21,22,Female,0,-,Holstein,-,0,-,-,21.07.22,1.1,12.7,386,95,Heifer,1,-,-,-,0,0,0,0,0,0,0,0,0,0,0,0,0,0,Inseminate,-,0,-,-,-,-,-,-,-,0,-,-,-
1953,-,95,96,22.07.21,22,Female,0,-,Holstein,-,0,-,-,21.07.24,1.1,12.6,384,95,Heifer,1,-,-,-,0,0,0,0,0,0,0,0,0,0,0,0,0,0,Inseminate,-,0,-,-,-,-,-,-,-,0,-,-,-
1954,-,95,96,22.07.21,22,Female,0,-,Holstein,-,0,-,-,21.07.24,1.1,12.6,384,95,Heifer,1,-,-,-,0,0,0,0,0,0,0,0,0,0,0,0,0,0,Inseminate,-,0,-,-,-,-,-,-,-,0,-,-,-
1955,-,95,96,22.07.21,22,Female,0,-,Holstein,-,0,-,-,21.07.24,1.1,12.6,384,95,Heifer,1,-,-,-,0,0,0,0,0,0,0,0,0,0,0,0,0,0,Inseminate,-,0,-,-,-,-,-,-,-,0,-,-,-
1956,-,95,96,22.07.21,22,Female,0,-,Holstein,-,0,-,-,21.07.24,1.1,12.6,384,95,Heifer,1,-,-,-,0,0,0,0,0,0,0,0,0,0,0,0,0,0,Inseminate,-,0,-,-,-,-,-,-,-,0,-,-,-
1957,-,95,96,22.07.21,22,Female,0,-,Holstein,-,0,-,-,21.07.24,1.1,12.6,384,95,Heifer,1,-,-,-,0,0,0,0,0,0,0,0,0,0,0,0,0,0,Inseminate,-,0,-,-,-,-,-,-,-,0,-,-,-
1958,-,95,96,22.07.21,22,Female,0,-,Holstein,-,0,-,-,21.07.24,1.1,12.6,384,95,Heifer,1,-,-,-,0,0,0,0,0,0,0,0,0,0,0,0,0,0,Inseminate,-,0,-,-,-,-,-,-,-,0,-,-,-
1959,-,150,95,22.07.20,23,Female,0,-,Holstein,-,0,-,-,21.07.23,1.1,12.6,385,150,Heifer,1,-,-,-,0,0,0,0,0,0,0,0,0,0,0,0,0,0,Inseminate,-,0,-,-,-,-,-,-,-,0,-,-,-
1960,-,95,96,22.07.21,22,Female,0,-,Holstein,-,0,-,-,21.07.25,1,12.6,383,95,Heifer,1,-,-,-,0,0,0,0,0,0,0,0,0,0,0,0,0,0,Inseminate,-,0,-,-,-,-,-,-,-,0,-,-,-
1961,-,95,96,22.07.21,22,Female,0,-,Holstein,-,0,-,-,21.07.25,1,12.6,383,95,Heifer,1,-,-,-,0,0,0,0,0,0,0,0,0,0,0,0,0,0,Inseminate,-,0,-,-,-,-,-,-,-,0,-,-,-
1962,-,95,96,22.07.21,22,Female,0,-,Holstein,-,0,-,-,21.07.25,1,12.6,383,95,Heifer,1,-,-,-,0,0,0,0,0,0,0,0,0,0,0,0,0,0,Inseminate,-,0,-,-,-,-,-,-,-,0,-,-,-
1963,-,95,96,22.07.21,22,Female,0,-,Holstein,-,0,-,-,21.07.26,1,12.6,382,95,Heifer,1,-,-,-,0,0,0,0,0,0,0,0,0,0,0,0,0,0,Inseminate,-,0,-,-,-,-,-,-,-,0,-,-,-
1964,-,95,96,22.07.21,22,Female,0,-,Holstein,-,0,-,-,21.07.26,1,12.6,382,95,Heifer,1,-,-,-,0,0,0,0,0,0,0,0,0,0,0,0,0,0,Inseminate,-,0,-,-,-,-,-,-,-,0,-,-,-
1965,-,95,96,22.07.21,22,Female,0,-,Holstein,-,0,-,-,21.07.26,1,12.6,382,95,Heifer,1,-,-,-,0,0,0,0,0,0,0,0,0,0,0,0,0,0,Inseminate,-,0,-,-,-,-,-,-,-,0,-,-,-
1966,-,95,96,22.07.21,22,Female,0,-,Holstein,-,0,-,-,21.07.20,1.1,12.7,388,95,Heifer,1,-,-,-,0,0,0,0,0,0,0,0,0,0,0,0,0,0,Inseminate,-,0,-,-,-,-,-,-,-,0,-,-,-
1967,-,95,96,22.07.21,22,Female,0,-,Holstein,-,0,-,-,21.07.26,1,12.6,382,95,Heifer,1,-,-,-,0,0,0,0,0,0,0,0,0,0,0,0,0,0,Inseminate,-,0,-,-,-,-,-,-,-,0,-,-,-
1968,-,95,96,22.07.21,22,Female,0,-,Holstein,-,0,-,-,21.07.27,1,12.5,381,95,Heifer,1,-,-,-,0,0,0,0,0,0,0,0,0,0,0,0,0,0,Inseminate,-,0,-,-,-,-,-,-,-,0,-,-,-
1969,-,95,96,22.07.21,22,Female,0,-,Holstein,-,0,-,-,21.07.27,1,12.5,381,95,Heifer,1,-,-,-,0,0,0,0,0,0,0,0,0,0,0,0,0,0,Inseminate,-,0,-,-,-,-,-,-,-,0,-,-,-
1970,-,95,96,22.07.21,22,Female,0,-,Holstein,-,0,-,-,21.07.27,1,12.5,381,95,Heifer,1,-,-,-,0,0,0,0,0,0,0,0,0,0,0,0,0,0,Inseminate,-,0,-,-,-,-,-,-,-,0,-,-,-
1971,-,95,96,22.07.21,22,Female,0,-,Holstein,-,0,-,-,21.07.27,1,12.5,381,95,Heifer,1,-,-,-,0,0,0,0,0,0,0,0,0,0,0,0,0,0,Inseminate,-,0,-,-,-,-,-,-,-,0,-,-,-
1972,-,95,96,22.07.21,22,Female,0,-,Holstein,-,0,-,-,21.07.27,1,12.5,381,95,Heifer,1,-,-,-,0,0,0,0,0,0,0,0,0,0,0,0,0,0,Inseminate,-,0,-,-,-,-,-,-,-,0,-,-,-
1973,-,95,96,22.07.21,22,Female,0,-,Holstein,-,0,-,-,21.07.28,1,12.5,380,95,Heifer,1,-,-,-,0,0,0,0,0,0,0,0,0,0,0,0,0,0,Inseminate,-,0,-,-,-,-,-,-,-,0,-,-,-
1974,-,95,96,22.07.21,22,Female,0,-,Holstein,-,0,-,-,21.07.28,1,12.5,380,95,Heifer,1,-,-,-,0,0,0,0,0,0,0,0,0,0,0,0,0,0,Inseminate,-,0,-,-,-,-,-,-,-,0,-,-,-
1975,-,150,95,22.07.20,23,Female,0,-,Holstein,-,0,-,-,21.07.28,1,12.5,380,150,Heifer,1,-,-,-,0,0,0,0,0,0,0,0,0,0,0,0,0,0,Inseminate,-,0,-,-,-,-,-,-,-,0,-,-,-
1976,-,95,96,22.07.21,22,Female,0,-,Holstein,-,0,-,-,21.07.28,1,12.5,380,95,Heifer,1,-,-,-,0,0,0,0,0,0,0,0,0,0,0,0,0,0,Inseminate,-,0,-,-,-,-,-,-,-,0,-,-,-
1977,-,95,96,22.07.21,22,Female,0,-,Holstein,-,0,-,-,21.07.29,1,12.5,379,95,Heifer,1,-,-,-,0,0,0,0,0,0,0,0,0,0,0,0,0,0,Inseminate,-,0,-,-,-,-,-,-,-,0,-,-,-
1978,-,95,96,22.07.21,22,Female,0,-,Holstein,-,0,-,-,21.07.29,1,12.5,379,95,Heifer,1,-,-,-,0,0,0,0,0,0,0,0,0,0,0,0,0,0,Inseminate,-,0,-,-,-,-,-,-,-,0,-,-,-
1979,-,95,96,22.07.21,22,Female,0,-,Holstein,-,0,-,-,21.07.29,1,12.5,379,95,Heifer,1,-,-,-,0,0,0,0,0,0,0,0,0,0,0,0,0,0,Inseminate,-,0,-,-,-,-,-,-,-,0,-,-,-
1980,-,95,96,22.07.21,22,Female,0,-,Holstein,-,0,-,-,21.07.29,1,12.5,379,95,Heifer,1,-,-,-,0,0,0,0,0,0,0,0,0,0,0,0,0,0,Inseminate,-,0,-,-,-,-,-,-,-,0,-,-,-
1981,-,95,96,22.07.21,22,Female,0,-,Holstein,-,0,-,-,21.07.30,1,12.4,378,95,Heifer,1,-,-,-,0,0,0,0,0,0,0,0,0,0,0,0,0,0,Inseminate,-,0,-,-,-,-,-,-,-,0,-,-,-
1982,-,95,96,22.07.21,22,Female,0,-,Holstein,-,0,-,-,21.07.30,1,12.4,378,95,Heifer,1,-,-,-,0,0,0,0,0,0,0,0,0,0,0,0,0,0,Inseminate,-,0,-,-,-,-,-,-,-,0,-,-,-
1983,-,95,96,22.07.21,22,Female,0,-,Holstein,-,0,-,-,21.07.30,1,12.4,378,95,Heifer,1,-,-,-,0,0,0,0,0,0,0,0,0,0,0,0,0,0,Inseminate,-,0,-,-,-,-,-,-,-,0,-,-,-
1984,-,95,96,22.07.21,22,Female,0,-,Holstein,-,0,-,-,21.07.31,1,12.4,377,95,Heifer,1,-,-,-,0,0,0,0,0,0,0,0,0,0,0,0,0,0,Inseminate,-,0,-,-,-,-,-,-,-,0,-,-,-
1985,-,95,150,22.07.02,41,Female,0,-,Holstein,-,0,-,-,21.07.31,1,12.4,377,95,Heifer,1,-,-,-,0,0,0,0,0,0,0,0,0,0,0,0,0,0,Inseminate,-,0,-,-,-,-,-,-,-,0,-,-,-
1986,-,95,96,22.07.21,22,Female,0,-,Holstein,-,0,-,-,21.07.31,1,12.4,377,95,Heifer,1,-,-,-,0,0,0,0,0,0,0,0,0,0,0,0,0,0,Inseminate,-,0,-,-,-,-,-,-,-,0,-,-,-
1987,-,95,96,22.07.21,22,Female,0,-,Holstein,-,0,-,-,21.07.31,1,12.4,377,95,Heifer,1,-,-,-,0,0,0,0,0,0,0,0,0,0,0,0,0,0,Inseminate,-,0,-,-,-,-,-,-,-,0,-,-,-
1988,-,95,96,22.07.21,22,Female,0,-,Holstein,-,0,-,-,21.07.31,1,12.4,377,95,Heifer,1,-,-,-,0,0,0,0,0,0,0,0,0,0,0,0,0,0,Inseminate,-,0,-,-,-,-,-,-,-,0,-,-,-
1989,-,95,96,22.07.21,22,Female,0,-,Holstein,-,0,-,-,21.07.31,1,12.4,377,95,Heifer,1,-,-,-,0,0,0,0,0,0,0,0,0,0,0,0,0,0,Inseminate,-,0,-,-,-,-,-,-,-,0,-,-,-
1990,-,95,96,22.07.21,22,Female,0,-,Holstein,-,0,-,-,21.08.01,1,12.4,376,95,Heifer,1,-,-,-,0,0,0,0,0,0,0,0,0,0,0,0,0,0,Inseminate,-,0,-,-,-,-,-,-,-,0,-,-,-
1991,-,95,96,22.07.21,22,Female,0,-,Holstein,-,0,-,-,21.08.01,1,12.4,376,95,Heifer,1,-,-,-,0,0,0,0,0,0,0,0,0,0,0,0,0,0,Inseminate,-,0,-,-,-,-,-,-,-,0,-,-,-
1992,-,95,96,22.07.21,22,Female,0,-,Holstein,-,0,-,-,21.08.01,1,12.4,376,95,Heifer,1,-,-,-,0,0,0,0,0,0,0,0,0,0,0,0,0,0,Inseminate,-,0,-,-,-,-,-,-,-,0,-,-,-
1993,-,95,96,22.07.21,22,Female,0,-,Holstein,-,0,-,-,21.08.01,1,12.4,376,95,Heifer,1,-,-,-,0,0,0,0,0,0,0,0,0,0,0,0,0,0,Inseminate,-,0,-,-,-,-,-,-,-,0,-,-,-
1994,-,95,96,22.07.21,22,Female,0,-,Holstein,-,0,-,-,21.08.01,1,12.4,376,95,Heifer,1,-,-,-,0,0,0,0,0,0,0,0,0,0,0,0,0,0,Inseminate,-,0,-,-,-,-,-,-,-,0,-,-,-
1995,-,150,95,22.07.21,22,Female,0,-,Holstein,-,0,-,-,21.08.01,1,12.4,376,150,Heifer,1,-,-,-,0,0,0,0,0,0,0,0,0,0,0,0,0,0,Inseminate,-,0,-,-,-,-,-,-,-,0,-,-,-
1996,-,95,150,22.07.02,41,Female,0,-,Holstein,-,0,-,-,21.08.01,1,12.4,376,95,Heifer,1,-,-,-,0,0,0,0,0,0,0,0,0,0,0,0,0,0,Inseminate,-,0,-,-,-,-,-,-,-,0,-,-,-
1997,-,95,96,22.07.21,22,Female,0,-,Holstein,-,0,-,-,21.08.02,1,12.3,375,95,Heifer,1,-,-,-,0,0,0,0,0,0,0,0,0,0,0,0,0,0,Inseminate,-,0,-,-,-,-,-,-,-,0,-,-,-
1998,-,95,96,22.07.21,22,Female,0,-,Holstein,-,0,-,-,21.08.02,1,12.3,375,95,Heifer,1,-,-,-,0,0,0,0,0,0,0,0,0,0,0,0,0,0,Inseminate,-,0,-,-,-,-,-,-,-,0,-,-,-
1999,-,150,95,22.07.20,23,Female,0,-,Holstein,-,0,-,-,21.08.02,1,12.3,375,150,Heifer,1,-,-,-,0,0,0,0,0,0,0,0,0,0,0,0,0,0,Inseminate,-,0,-,-,-,-,-,-,-,0,-,-,-
2000,-,95,96,22.07.21,22,Female,0,-,Holstein,-,0,-,-,21.08.02,1,12.3,375,95,Heifer,1,-,-,-,0,0,0,0,0,0,0,0,0,0,0,0,0,0,Inseminate,-,0,-,-,-,-,-,-,-,0,-,-,-
2001,-,95,96,22.07.21,22,Female,0,-,Holstein,-,0,-,-,21.08.02,1,12.3,375,95,Heifer,1,-,-,-,0,0,0,0,0,0,0,0,0,0,0,0,0,0,Inseminate,-,0,-,-,-,-,-,-,-,0,-,-,-
2002,-,95,96,22.07.21,22,Female,0,-,Holstein,-,0,-,-,21.08.03,1,12.3,374,95,Heifer,1,-,-,-,0,0,0,0,0,0,0,0,0,0,0,0,0,0,Inseminate,-,0,-,-,-,-,-,-,-,0,-,-,-
2003,-,95,96,22.07.21,22,Female,0,-,Holstein,-,0,-,-,21.08.03,1,12.3,374,95,Heifer,1,-,-,-,0,0,0,0,0,0,0,0,0,0,0,0,0,0,Inseminate,-,0,-,-,-,-,-,-,-,0,-,-,-
2004,-,95,96,22.07.21,22,Female,0,-,Holstein,-,0,-,-,21.08.03,1,12.3,374,95,Heifer,1,-,-,-,0,0,0,0,0,0,0,0,0,0,0,0,0,0,Inseminate,-,0,-,-,-,-,-,-,-,0,-,-,-
2005,-,95,96,22.07.21,22,Female,0,-,Holstein,-,0,-,-,21.08.04,1,12.3,373,95,Heifer,1,-,-,-,0,0,0,0,0,0,0,0,0,0,0,0,0,0,Inseminate,-,0,-,-,-,-,-,-,-,0,-,-,-
2006,-,95,96,22.07.21,22,Female,0,-,Holstein,-,0,-,-,21.08.05,1,12.2,372,95,Heifer,1,-,-,-,0,0,0,0,0,0,0,0,0,0,0,0,0,0,Inseminate,-,0,-,-,-,-,-,-,-,0,-,-,-
2007,-,95,150,22.07.14,29,Female,0,-,Holstein,-,0,-,-,21.08.05,1,12.2,372,95,Heifer,1,-,-,-,0,0,0,0,0,0,0,0,0,0,0,0,0,0,Inseminate,-,0,-,-,-,-,-,-,-,0,-,-,-
2008,-,95,96,22.07.21,22,Female,0,-,Holstein,-,0,-,-,21.08.05,1,12.2,372,95,Heifer,1,-,-,-,0,0,0,0,0,0,0,0,0,0,0,0,0,0,Inseminate,-,0,-,-,-,-,-,-,-,0,-,-,-
2009,-,95,96,22.07.21,22,Female,0,-,Holstein,-,0,-,-,21.08.05,1,12.2,372,95,Heifer,1,-,-,-,0,0,0,0,0,0,0,0,0,0,0,0,0,0,Inseminate,-,0,-,-,-,-,-,-,-,0,-,-,-
2010,-,95,96,22.07.21,22,Female,0,-,Holstein,-,0,-,-,21.08.05,1,12.2,372,95,Heifer,1,-,-,-,0,0,0,0,0,0,0,0,0,0,0,0,0,0,Inseminate,-,0,-,-,-,-,-,-,-,0,-,-,-
2011,-,95,96,22.07.21,22,Female,0,-,Holstein,-,0,-,-,21.08.05,1,12.2,372,95,Heifer,1,-,-,-,0,0,0,0,0,0,0,0,0,0,0,0,0,0,Inseminate,-,0,-,-,-,-,-,-,-,0,-,-,-
2012,-,95,96,22.07.21,22,Female,0,-,Holstein,-,0,-,-,21.08.05,1,12.2,372,95,Heifer,1,-,-,-,0,0,0,0,0,0,0,0,0,0,0,0,0,0,Inseminate,-,0,-,-,-,-,-,-,-,0,-,-,-
2013,-,95,96,22.07.21,22,Female,0,-,Holstein,-,0,-,-,21.08.05,1,12.2,372,95,Heifer,1,-,-,-,0,0,0,0,0,0,0,0,0,0,0,0,0,0,Inseminate,-,0,-,-,-,-,-,-,-,0,-,-,-
2014,-,95,96,22.07.21,22,Female,0,-,Holstein,-,0,-,-,21.08.05,1,12.2,372,95,Heifer,1,-,-,-,0,0,0,0,0,0,0,0,0,0,0,0,0,0,Inseminate,-,0,-,-,-,-,-,-,-,0,-,-,-
2015,-,95,96,22.07.21,22,Female,0,-,Holstein,-,0,-,-,21.08.05,1,12.2,372,95,Heifer,1,-,-,-,0,0,0,0,0,0,0,0,0,0,0,0,0,0,Inseminate,-,0,-,-,-,-,-,-,-,0,-,-,-
2016,-,95,96,22.07.21,22,Female,0,-,Holstein,-,0,-,-,21.08.05,1,12.2,372,95,Heifer,1,-,-,-,0,0,0,0,0,0,0,0,0,0,0,0,0,0,Inseminate,-,0,-,-,-,-,-,-,-,0,-,-,-
2017,-,95,96,22.07.21,22,Female,0,-,Holstein,-,0,-,-,21.08.07,1,12.2,370,95,Heifer,1,-,-,-,0,0,0,0,0,0,0,0,0,0,0,0,0,0,Inseminate,-,0,-,-,-,-,-,-,-,0,-,-,-
2018,-,95,96,22.07.21,22,Female,0,-,Holstein,-,0,-,-,21.08.07,1,12.2,370,95,Heifer,1,-,-,-,0,0,0,0,0,0,0,0,0,0,0,0,0,0,Inseminate,-,0,-,-,-,-,-,-,-,0,-,-,-
2019,-,95,96,22.07.21,22,Female,0,-,Holstein,-,0,-,-,21.08.07,1,12.2,370,95,Heifer,1,-,-,-,0,0,0,0,0,0,0,0,0,0,0,0,0,0,Inseminate,-,0,-,-,-,-,-,-,-,0,-,-,-
2020,-,95,96,22.07.21,22,Female,0,-,Holstein,-,0,-,-,21.08.08,1,12.1,369,95,Heifer,1,-,-,-,0,0,0,0,0,0,0,0,0,0,0,0,0,0,Inseminate,-,0,-,-,-,-,-,-,-,0,-,-,-
2021,-,95,96,22.07.21,22,Female,0,-,Holstein,-,0,-,-,21.08.08,1,12.1,369,95,Heifer,1,-,-,-,0,0,0,0,0,0,0,0,0,0,0,0,0,0,Inseminate,-,0,-,-,-,-,-,-,-,0,-,-,-
2022,-,95,96,22.07.21,22,Female,0,-,Holstein,-,0,-,-,21.08.08,1,12.1,369,95,Heifer,1,-,-,-,0,0,0,0,0,0,0,0,0,0,0,0,0,0,Inseminate,-,0,-,-,-,-,-,-,-,0,-,-,-
2023,-,95,96,22.07.21,22,Female,0,-,Holstein,-,0,-,-,21.08.08,1,12.1,369,95,Heifer,1,-,-,-,0,0,0,0,0,0,0,0,0,0,0,0,0,0,Inseminate,-,0,-,-,-,-,-,-,-,0,-,-,-
2024,-,95,96,22.07.21,22,Female,0,-,Holstein,-,0,-,-,21.08.09,1,12.1,368,95,Heifer,1,-,-,-,0,0,0,0,0,0,0,0,0,0,0,0,0,0,Inseminate,-,0,-,-,-,-,-,-,-,0,-,-,-
2025,-,95,96,22.07.21,22,Female,0,-,Holstein,-,0,-,-,21.08.09,1,12.1,368,95,Heifer,1,-,-,-,0,0,0,0,0,0,0,0,0,0,0,0,0,0,Inseminate,-,0,-,-,-,-,-,-,-,0,-,-,-
2026,-,150,95,22.07.20,23,Female,0,-,Holstein,-,0,-,-,21.08.09,1,12.1,368,150,Heifer,1,-,-,-,0,0,0,0,0,0,0,0,0,0,0,0,0,0,Inseminate,-,0,-,-,-,-,-,-,-,0,-,-,-
2027,-,95,96,22.07.21,22,Female,0,-,Holstein,-,0,-,-,21.08.09,1,12.1,368,95,Heifer,1,-,-,-,0,0,0,0,0,0,0,0,0,0,0,0,0,0,Inseminate,-,0,-,-,-,-,-,-,-,0,-,-,-
2028,-,95,96,22.07.21,22,Female,0,-,Holstein,-,0,-,-,21.08.09,1,12.1,368,95,Heifer,1,-,-,-,0,0,0,0,0,0,0,0,0,0,0,0,0,0,Inseminate,-,0,-,-,-,-,-,-,-,0,-,-,-
2029,-,95,96,22.07.21,22,Female,0,-,Holstein,-,0,-,-,21.08.09,1,12.1,368,95,Heifer,1,-,-,-,0,0,0,0,0,0,0,0,0,0,0,0,0,0,Inseminate,-,0,-,-,-,-,-,-,-,0,-,-,-
2030,-,95,96,22.07.21,22,Female,0,-,Holstein,-,0,-,-,21.08.09,1,12.1,368,95,Heifer,1,-,-,-,0,0,0,0,0,0,0,0,0,0,0,0,0,0,Inseminate,-,0,-,-,-,-,-,-,-,0,-,-,-
2031,-,130,95,22.07.21,22,Female,0,-,Holstein,-,0,-,-,21.08.10,1,12.1,367,130,Heifer,1,-,-,-,0,0,0,0,0,0,0,0,0,0,0,0,0,0,Inseminate,-,0,-,-,-,-,-,-,-,0,-,-,-
2033,-,95,96,22.07.21,22,Female,0,-,Holstein,-,0,-,-,21.08.10,1,12.1,367,95,Heifer,1,-,-,-,0,0,0,0,0,0,0,0,0,0,0,0,0,0,Inseminate,-,0,-,-,-,-,-,-,-,0,-,-,-
2034,-,95,96,22.07.21,22,Female,0,-,Holstein,-,0,-,-,21.08.10,1,12.1,367,95,Heifer,1,-,-,-,0,0,0,0,0,0,0,0,0,0,0,0,0,0,Inseminate,-,0,-,-,-,-,-,-,-,0,-,-,-
2035,-,95,96,22.07.21,22,Female,0,-,Holstein,-,0,-,-,21.08.10,1,12.1,367,95,Heifer,1,-,-,-,0,0,0,0,0,0,0,0,0,0,0,0,0,0,Inseminate,-,0,-,-,-,-,-,-,-,0,-,-,-
2036,-,95,96,22.07.21,22,Female,0,-,Holstein,-,0,-,-,21.08.10,1,12.1,367,95,Heifer,1,-,-,-,0,0,0,0,0,0,0,0,0,0,0,0,0,0,Inseminate,-,0,-,-,-,-,-,-,-,0,-,-,-
2037,-,95,96,22.07.21,22,Female,0,-,Holstein,-,0,-,-,21.08.10,1,12.1,367,95,Heifer,1,-,-,-,0,0,0,0,0,0,0,0,0,0,0,0,0,0,Inseminate,-,0,-,-,-,-,-,-,-,0,-,-,-
2038,-,95,96,22.07.21,22,Female,0,-,Holstein,-,0,-,-,21.08.10,1,12.1,367,95,Heifer,1,-,-,-,0,0,0,0,0,0,0,0,0,0,0,0,0,0,Inseminate,-,0,-,-,-,-,-,-,-,0,-,-,-
2039,-,95,96,22.07.21,22,Female,0,-,Holstein,-,0,-,-,21.08.10,1,12.1,367,95,Heifer,1,-,-,-,0,0,0,0,0,0,0,0,0,0,0,0,0,0,Inseminate,-,0,-,-,-,-,-,-,-,0,-,-,-
2040,-,95,96,22.07.21,22,Female,0,-,Holstein,-,0,-,-,21.08.11,1,12,366,95,Heifer,1,-,-,-,0,0,0,0,0,0,0,0,0,0,0,0,0,0,Inseminate,-,0,-,-,-,-,-,-,-,0,-,-,-
2041,-,95,96,22.07.21,22,Female,0,-,Holstein,-,0,-,-,21.08.11,1,12,366,95,Heifer,1,-,-,-,0,0,0,0,0,0,0,0,0,0,0,0,0,0,Inseminate,-,0,-,-,-,-,-,-,-,0,-,-,-
2042,-,95,96,22.07.21,22,Female,0,-,Holstein,-,0,-,-,21.08.11,1,12,366,95,Heifer,1,-,-,-,0,0,0,0,0,0,0,0,0,0,0,0,0,0,Inseminate,-,0,-,-,-,-,-,-,-,0,-,-,-
2043,-,95,96,22.07.21,22,Female,0,-,Holstein,-,0,-,-,21.08.11,1,12,366,95,Heifer,1,-,-,-,0,0,0,0,0,0,0,0,0,0,0,0,0,0,Inseminate,-,0,-,-,-,-,-,-,-,0,-,-,-
2044,-,95,150,22.07.14,29,Female,0,-,Holstein,-,0,-,-,21.08.11,1,12,366,95,Heifer,1,-,-,-,0,0,0,0,0,0,0,0,0,0,0,0,0,0,Inseminate,-,0,-,-,-,-,-,-,-,0,-,-,-
2045,-,95,96,22.07.21,22,Female,0,-,Holstein,-,0,-,-,21.08.11,1,12,366,95,Heifer,1,-,-,-,0,0,0,0,0,0,0,0,0,0,0,0,0,0,Inseminate,-,0,-,-,-,-,-,-,-,0,-,-,-
2046,-,95,96,22.07.21,22,Female,0,-,Holstein,-,0,-,-,21.08.12,1,12,365,95,Heifer,1,-,-,-,0,0,0,0,0,0,0,0,0,0,0,0,0,0,Inseminate,-,0,-,-,-,-,-,-,-,0,-,-,-
2047,-,95,96,22.07.21,22,Female,0,-,Holstein,-,0,-,-,21.08.12,1,12,365,95,Heifer,1,-,-,-,0,0,0,0,0,0,0,0,0,0,0,0,0,0,Inseminate,-,0,-,-,-,-,-,-,-,0,-,-,-
2048,-,95,96,22.07.21,22,Female,0,-,Holstein,-,0,-,-,21.08.12,1,12,365,95,Heifer,1,-,-,-,0,0,0,0,0,0,0,0,0,0,0,0,0,0,Inseminate,-,0,-,-,-,-,-,-,-,0,-,-,-
2049,-,95,96,22.07.21,22,Female,0,-,Holstein,-,0,-,-,21.08.12,1,12,365,95,Heifer,1,-,-,-,0,0,0,0,0,0,0,0,0,0,0,0,0,0,Inseminate,-,0,-,-,-,-,-,-,-,0,-,-,-
2050,-,95,96,22.07.21,22,Female,0,-,Holstein,-,0,-,-,21.08.12,1,12,365,95,Heifer,1,-,-,-,0,0,0,0,0,0,0,0,0,0,0,0,0,0,Inseminate,-,0,-,-,-,-,-,-,-,0,-,-,-
2051,-,95,96,22.07.21,22,Female,0,-,Holstein,-,0,-,-,21.08.12,1,12,365,95,Heifer,1,-,-,-,0,0,0,0,0,0,0,0,0,0,0,0,0,0,Inseminate,-,0,-,-,-,-,-,-,-,0,-,-,-
2052,-,95,96,22.07.21,22,Female,0,-,Holstein,-,0,-,-,21.08.12,1,12,365,95,Heifer,1,-,-,-,0,0,0,0,0,0,0,0,0,0,0,0,0,0,Inseminate,-,0,-,-,-,-,-,-,-,0,-,-,-
2053,-,95,96,22.07.21,22,Female,0,-,Holstein,-,0,-,-,21.08.12,1,12,365,95,Heifer,1,-,-,-,0,0,0,0,0,0,0,0,0,0,0,0,0,0,Inseminate,-,0,-,-,-,-,-,-,-,0,-,-,-
2054,-,95,96,22.07.21,22,Female,0,-,Holstein,-,0,-,-,21.08.12,1,12,365,95,Heifer,1,-,-,-,0,0,0,0,0,0,0,0,0,0,0,0,0,0,Inseminate,-,0,-,-,-,-,-,-,-,0,-,-,-
2055,-,95,150,22.07.14,29,Female,0,-,Holstein,-,0,-,-,21.08.12,1,12,365,95,Heifer,1,-,-,-,0,0,0,0,0,0,0,0,0,0,0,0,0,0,Inseminate,-,0,-,-,-,-,-,-,-,0,-,-,-
2056,-,95,96,22.07.21,22,Female,0,-,Holstein,-,0,-,-,21.08.14,1,11.9,363,95,Heifer,0,-,-,-,0,0,0,0,0,0,0,0,0,0,0,0,0,0,Report Heat,-,0,-,-,-,-,-,-,-,0,-,-,-
2057,-,150,140,22.03.30,135,Female,0,-,Holstein,-,0,-,-,21.08.14,1,11.9,363,150,Heifer,0,-,-,-,0,0,0,0,0,0,0,0,0,0,0,0,0,0,Report Heat,-,0,-,-,-,-,-,-,-,0,-,-,-
2058,-,150,140,22.03.30,135,Female,0,-,Holstein,-,0,-,-,21.08.14,1,11.9,363,150,Heifer,0,-,-,-,0,0,0,0,0,0,0,0,0,0,0,0,0,0,Report Heat,-,0,-,-,-,-,-,-,-,0,-,-,-
2059,-,95,96,22.07.21,22,Female,0,-,Holstein,-,0,-,-,21.08.14,1,11.9,363,95,Heifer,0,-,-,-,0,0,0,0,0,0,0,0,0,0,0,0,0,0,Report Heat,-,0,-,-,-,-,-,-,-,0,-,-,-
2060,-,95,96,22.07.21,22,Female,0,-,Holstein,-,0,-,-,21.08.14,1,11.9,363,95,Heifer,0,-,-,-,0,0,0,0,0,0,0,0,0,0,0,0,0,0,Report Heat,-,0,-,-,-,-,-,-,-,0,-,-,-
2061,-,150,140,22.03.30,135,Female,0,-,Holstein,-,0,-,-,21.08.14,1,11.9,363,150,Heifer,0,-,-,-,0,0,0,0,0,0,0,0,0,0,0,0,0,0,Report Heat,-,0,-,-,-,-,-,-,-,0,-,-,-
2062,-,95,96,22.07.21,22,Female,0,-,Holstein,-,0,-,-,21.08.14,1,11.9,363,95,Heifer,0,-,-,-,0,0,0,0,0,0,0,0,0,0,0,0,0,0,Report Heat,-,0,-,-,-,-,-,-,-,0,-,-,-
2063,-,150,140,22.03.30,135,Female,0,-,Holstein,-,0,-,-,21.08.15,1,11.9,362,150,Heifer,0,-,-,-,0,0,0,0,0,0,0,0,0,0,0,0,0,0,Report Heat,-,0,-,-,-,-,-,-,-,0,-,-,-
2064,-,95,96,22.07.21,22,Female,0,-,Holstein,-,0,-,-,21.08.15,1,11.9,362,95,Heifer,0,-,-,-,0,0,0,0,0,0,0,0,0,0,0,0,0,0,Report Heat,-,0,-,-,-,-,-,-,-,0,-,-,-
2065,-,95,96,22.07.21,22,Female,0,-,Holstein,-,0,-,-,21.08.15,1,11.9,362,95,Heifer,0,-,-,-,0,0,0,0,0,0,0,0,0,0,0,0,0,0,Report Heat,-,0,-,-,-,-,-,-,-,0,-,-,-
2066,-,95,96,22.07.21,22,Female,0,-,Holstein,-,0,-,-,21.08.15,1,11.9,362,95,Heifer,0,-,-,-,0,0,0,0,0,0,0,0,0,0,0,0,0,0,Report Heat,-,0,-,-,-,-,-,-,-,0,-,-,-
2067,-,95,96,22.07.21,22,Female,0,-,Holstein,-,0,-,-,21.08.16,1,11.9,361,95,Heifer,0,-,-,-,0,0,0,0,0,0,0,0,0,0,0,0,0,0,Report Heat,-,0,-,-,-,-,-,-,-,0,-,-,-
2068,-,95,96,22.07.21,22,Female,0,-,Holstein,-,0,-,-,21.08.16,1,11.9,361,95,Heifer,0,-,-,-,0,0,0,0,0,0,0,0,0,0,0,0,0,0,Report Heat,-,0,-,-,-,-,-,-,-,0,-,-,-
2069,-,95,96,22.07.21,22,Female,0,-,Holstein,-,0,-,-,21.08.16,1,11.9,361,95,Heifer,0,-,-,-,0,0,0,0,0,0,0,0,0,0,0,0,0,0,Report Heat,-,0,-,-,-,-,-,-,-,0,-,-,-
2070,-,199,190,22.07.02,41,Female,0,-,Holstein,-,0,-,Yes,21.08.17,1,11.8,360,199,"Cull, Not Pregnant",0,-,-,-,0,0,0,0,0,0,0,0,0,0,0,0,0,0,Report Heat,-,0,-,-,-,-,-,-,-,0,-,-,-
2071,-,150,140,22.03.30,135,Female,0,-,Holstein,-,0,-,-,21.08.17,1,11.8,360,150,Heifer,0,-,-,-,0,0,0,0,0,0,0,0,0,0,0,0,0,0,Report Heat,-,0,-,-,-,-,-,-,-,0,-,-,-
2072,-,95,96,22.07.21,22,Female,0,-,Holstein,-,0,-,-,21.08.17,1,11.8,360,95,Heifer,0,-,-,-,0,0,0,0,0,0,0,0,0,0,0,0,0,0,Report Heat,-,0,-,-,-,-,-,-,-,0,-,-,-
2073,-,95,96,22.07.21,22,Female,0,-,Holstein,-,0,-,-,21.08.17,1,11.8,360,95,Heifer,0,-,-,-,0,0,0,0,0,0,0,0,0,0,0,0,0,0,Report Heat,-,0,-,-,-,-,-,-,-,0,-,-,-
2074,-,150,140,22.03.30,135,Female,0,-,Holstein,-,0,-,-,21.08.18,1,11.8,359,150,Heifer,0,-,-,-,0,0,0,0,0,0,0,0,0,0,0,0,0,0,Report Heat,-,0,-,-,-,-,-,-,-,0,-,-,-
2075,-,95,96,22.07.21,22,Female,0,-,Holstein,-,0,-,-,21.08.18,1,11.8,359,95,Heifer,0,-,-,-,0,0,0,0,0,0,0,0,0,0,0,0,0,0,Report Heat,-,0,-,-,-,-,-,-,-,0,-,-,-
2076,-,95,96,22.07.21,22,Female,0,-,Holstein,-,0,-,-,21.08.18,1,11.8,359,95,Heifer,0,-,-,-,0,0,0,0,0,0,0,0,0,0,0,0,0,0,Report Heat,-,0,-,-,-,-,-,-,-,0,-,-,-
2077,-,95,96,22.07.21,22,Female,0,-,Holstein,-,0,-,-,21.08.18,1,11.8,359,95,Heifer,0,-,-,-,0,0,0,0,0,0,0,0,0,0,0,0,0,0,Report Heat,-,0,-,-,-,-,-,-,-,0,-,-,-
2078,-,95,96,22.07.21,22,Female,0,-,Holstein,-,0,-,-,21.08.18,1,11.8,359,95,Heifer,0,-,-,-,0,0,0,0,0,0,0,0,0,0,0,0,0,0,Report Heat,-,0,-,-,-,-,-,-,-,0,-,-,-
2079,-,150,140,22.03.30,135,Female,0,-,Holstein,-,0,-,-,21.08.19,1,11.8,358,150,Heifer,0,-,-,-,0,0,0,0,0,0,0,0,0,0,0,0,0,0,Report Heat,-,0,-,-,-,-,-,-,-,0,-,-,-
2080,-,150,140,22.03.30,135,Female,0,-,Holstein,-,0,-,-,21.08.19,1,11.8,358,150,Heifer,0,-,-,-,0,0,0,0,0,0,0,0,0,0,0,0,0,0,Report Heat,-,0,-,-,-,-,-,-,-,0,-,-,-
2081,-,150,140,22.03.30,135,Female,0,-,Holstein,-,0,-,-,21.08.19,1,11.8,358,150,Heifer,0,-,-,-,0,0,0,0,0,0,0,0,0,0,0,0,0,0,Report Heat,-,0,-,-,-,-,-,-,-,0,-,-,-
2082,-,150,140,22.03.30,135,Female,0,-,Holstein,-,0,-,-,21.08.19,1,11.8,358,150,Heifer,0,-,-,-,0,0,0,0,0,0,0,0,0,0,0,0,0,0,Report Heat,-,0,-,-,-,-,-,-,-,0,-,-,-
2083,-,95,96,22.07.21,22,Female,0,-,Holstein,-,0,-,-,21.08.19,1,11.8,358,95,Heifer,0,-,-,-,0,0,0,0,0,0,0,0,0,0,0,0,0,0,Report Heat,-,0,-,-,-,-,-,-,-,0,-,-,-
2084,-,150,140,22.03.30,135,Female,0,-,Holstein,-,0,-,-,21.08.21,1,11.7,356,150,Heifer,0,-,-,-,0,0,0,0,0,0,0,0,0,0,0,0,0,0,Report Heat,-,0,-,-,-,-,-,-,-,0,-,-,-
2086,-,95,96,22.07.21,22,Female,0,-,Holstein,-,0,-,-,21.08.22,1,11.7,355,95,Heifer,0,-,-,-,0,0,0,0,0,0,0,0,0,0,0,0,0,0,Report Heat,-,0,-,-,-,-,-,-,-,0,-,-,-
2087,-,95,96,22.07.21,22,Female,0,-,Holstein,-,0,-,-,21.08.22,1,11.7,355,95,Heifer,0,-,-,-,0,0,0,0,0,0,0,0,0,0,0,0,0,0,Report Heat,-,0,-,-,-,-,-,-,-,0,-,-,-
2088,-,150,140,22.03.30,135,Female,0,-,Holstein,-,0,-,-,21.08.22,1,11.7,355,150,Heifer,0,-,-,-,0,0,0,0,0,0,0,0,0,0,0,0,0,0,Report Heat,-,0,-,-,-,-,-,-,-,0,-,-,-
2089,-,150,140,22.03.30,135,Female,0,-,Holstein,-,0,-,-,21.08.23,1,11.6,354,150,Heifer,0,-,-,-,0,0,0,0,0,0,0,0,0,0,0,0,0,0,Report Heat,-,0,-,-,-,-,-,-,-,0,-,-,-
2090,-,150,140,22.03.30,135,Female,0,-,Holstein,-,0,-,-,21.08.23,1,11.6,354,150,Heifer,0,-,-,-,0,0,0,0,0,0,0,0,0,0,0,0,0,0,Report Heat,-,0,-,-,-,-,-,-,-,0,-,-,-
2091,-,150,140,22.03.30,135,Female,0,-,Holstein,-,0,-,-,21.08.23,1,11.6,354,150,Heifer,0,-,-,-,0,0,0,0,0,0,0,0,0,0,0,0,0,0,Report Heat,-,0,-,-,-,-,-,-,-,0,-,-,-
2092,-,95,96,22.07.21,22,Female,0,-,Holstein,-,0,-,-,21.08.23,1,11.6,354,95,Heifer,0,-,-,-,0,0,0,0,0,0,0,0,0,0,0,0,0,0,Report Heat,-,0,-,-,-,-,-,-,-,0,-,-,-
2093,-,150,140,22.03.30,135,Female,0,-,Holstein,-,0,-,-,21.08.24,1,11.6,353,150,Heifer,0,-,-,-,0,0,0,0,0,0,0,0,0,0,0,0,0,0,Report Heat,-,0,-,-,-,-,-,-,-,0,-,-,-
2094,-,95,96,22.07.21,22,Female,0,-,Holstein,-,0,-,-,21.08.24,1,11.6,353,95,Heifer,0,-,-,-,0,0,0,0,0,0,0,0,0,0,0,0,0,0,Report Heat,-,0,-,-,-,-,-,-,-,0,-,-,-
2095,-,150,140,22.03.30,135,Female,0,-,Holstein,-,0,-,-,21.08.24,1,11.6,353,150,Heifer,0,-,-,-,0,0,0,0,0,0,0,0,0,0,0,0,0,0,Report Heat,-,0,-,-,-,-,-,-,-,0,-,-,-
2096,-,150,140,22.03.30,135,Female,0,-,Holstein,-,0,-,-,21.08.24,1,11.6,353,150,Heifer,0,-,-,-,0,0,0,0,0,0,0,0,0,0,0,0,0,0,Report Heat,-,0,-,-,-,-,-,-,-,0,-,-,-
2097,-,150,140,22.03.30,135,Female,0,-,Holstein,-,0,-,-,21.08.25,1,11.6,352,150,Heifer,0,-,-,-,0,0,0,0,0,0,0,0,0,0,0,0,0,0,Report Heat,-,0,-,-,-,-,-,-,-,0,-,-,-
2098,-,150,140,22.03.30,135,Female,0,-,Holstein,-,0,-,-,21.08.25,1,11.6,352,150,Heifer,0,-,-,-,0,0,0,0,0,0,0,0,0,0,0,0,0,0,Report Heat,-,0,-,-,-,-,-,-,-,0,-,-,-
2099,-,150,140,22.03.30,135,Female,0,-,Holstein,-,0,-,-,21.08.25,1,11.6,352,150,Heifer,0,-,-,-,0,0,0,0,0,0,0,0,0,0,0,0,0,0,Report Heat,-,0,-,-,-,-,-,-,-,0,-,-,-
2100,-,150,140,22.03.30,135,Female,0,-,Holstein,-,0,-,-,21.08.26,1,11.5,351,150,Heifer,0,-,-,-,0,0,0,0,0,0,0,0,0,0,0,0,0,0,Report Heat,-,0,-,-,-,-,-,-,-,0,-,-,-
2101,-,150,140,22.03.30,135,Female,0,-,Holstein,-,0,-,-,21.08.26,1,11.5,351,150,Heifer,0,-,-,-,0,0,0,0,0,0,0,0,0,0,0,0,0,0,Report Heat,-,0,-,-,-,-,-,-,-,0,-,-,-
2102,-,150,140,22.03.30,135,Female,0,-,Holstein,-,0,-,-,21.08.26,1,11.5,351,150,Heifer,0,-,-,-,0,0,0,0,0,0,0,0,0,0,0,0,0,0,Report Heat,-,0,-,-,-,-,-,-,-,0,-,-,-
2103,-,95,96,22.07.21,22,Female,0,-,Holstein,-,0,-,-,21.08.26,1,11.5,351,95,Heifer,0,-,-,-,0,0,0,0,0,0,0,0,0,0,0,0,0,0,Report Heat,-,0,-,-,-,-,-,-,-,0,-,-,-
2104,-,150,140,22.03.30,135,Female,0,-,Holstein,-,0,-,-,21.08.26,1,11.5,351,150,Heifer,0,-,-,-,0,0,0,0,0,0,0,0,0,0,0,0,0,0,Report Heat,-,0,-,-,-,-,-,-,-,0,-,-,-
2105,-,150,140,22.03.30,135,Female,0,-,Holstein,-,0,-,-,21.08.26,1,11.5,351,150,Heifer,0,-,-,-,0,0,0,0,0,0,0,0,0,0,0,0,0,0,Report Heat,-,0,-,-,-,-,-,-,-,0,-,-,-
2106,-,150,140,22.03.30,135,Female,0,-,Holstein,-,0,-,-,21.08.27,1,11.5,350,150,Heifer,0,-,-,-,0,0,0,0,0,0,0,0,0,0,0,0,0,0,Report Heat,-,0,-,-,-,-,-,-,-,0,-,-,-
2107,-,150,140,22.03.30,135,Female,0,-,Holstein,-,0,-,-,21.08.27,1,11.5,350,150,Heifer,0,-,-,-,0,0,0,0,0,0,0,0,0,0,0,0,0,0,Report Heat,-,0,-,-,-,-,-,-,-,0,-,-,-
2108,-,150,140,22.03.30,135,Female,0,-,Holstein,-,0,-,-,21.08.28,1,11.5,349,150,Heifer,0,-,-,-,0,0,0,0,0,0,0,0,0,0,0,0,0,0,Report Heat,-,0,-,-,-,-,-,-,-,0,-,-,-
2109,-,150,140,22.03.30,135,Female,0,-,Holstein,-,0,-,-,21.08.28,1,11.5,349,150,Heifer,0,-,-,-,0,0,0,0,0,0,0,0,0,0,0,0,0,0,Report Heat,-,0,-,-,-,-,-,-,-,0,-,-,-
2110,-,150,140,22.03.30,135,Female,0,-,Holstein,-,0,-,-,21.08.29,1,11.4,348,150,Heifer,0,-,-,-,0,0,0,0,0,0,0,0,0,0,0,0,0,0,Report Heat,-,0,-,-,-,-,-,-,-,0,-,-,-
2111,-,150,140,22.03.30,135,Female,0,-,Holstein,-,0,-,-,21.08.29,1,11.4,348,150,Heifer,0,-,-,-,0,0,0,0,0,0,0,0,0,0,0,0,0,0,Report Heat,-,0,-,-,-,-,-,-,-,0,-,-,-
2112,-,150,140,22.03.30,135,Female,0,-,Holstein,-,0,-,-,21.08.29,1,11.4,348,150,Heifer,0,-,-,-,0,0,0,0,0,0,0,0,0,0,0,0,0,0,Report Heat,-,0,-,-,-,-,-,-,-,0,-,-,-
2113,-,150,140,22.03.30,135,Female,0,-,Holstein,-,0,-,-,21.08.29,1,11.4,348,150,Heifer,0,-,-,-,0,0,0,0,0,0,0,0,0,0,0,0,0,0,Report Heat,-,0,-,-,-,-,-,-,-,0,-,-,-
2114,-,150,140,22.03.30,135,Female,0,-,Holstein,-,0,-,-,21.08.29,1,11.4,348,150,Heifer,0,-,-,-,0,0,0,0,0,0,0,0,0,0,0,0,0,0,Report Heat,-,0,-,-,-,-,-,-,-,0,-,-,-
2115,-,150,140,22.03.30,135,Female,0,-,Holstein,-,0,-,-,21.08.29,1,11.4,348,150,Heifer,0,-,-,-,0,0,0,0,0,0,0,0,0,0,0,0,0,0,Report Heat,-,0,-,-,-,-,-,-,-,0,-,-,-
2116,-,150,140,22.03.30,135,Female,0,-,Holstein,-,0,-,-,21.08.29,1,11.4,348,150,Heifer,0,-,-,-,0,0,0,0,0,0,0,0,0,0,0,0,0,0,Report Heat,-,0,-,-,-,-,-,-,-,0,-,-,-
2117,-,150,140,22.03.30,135,Female,0,-,Holstein,-,0,-,-,21.08.29,1,11.4,348,150,Heifer,0,-,-,-,0,0,0,0,0,0,0,0,0,0,0,0,0,0,Report Heat,-,0,-,-,-,-,-,-,-,0,-,-,-
2118,-,150,140,22.03.30,135,Female,0,-,Holstein,-,0,-,-,21.08.30,1,11.4,347,150,Heifer,0,-,-,-,0,0,0,0,0,0,0,0,0,0,0,0,0,0,Report Heat,-,0,-,-,-,-,-,-,-,0,-,-,-
2119,-,150,140,22.03.30,135,Female,0,-,Holstein,-,0,-,-,21.08.30,1,11.4,347,150,Heifer,0,-,-,-,0,0,0,0,0,0,0,0,0,0,0,0,0,0,Report Heat,-,0,-,-,-,-,-,-,-,0,-,-,-
2120,-,150,140,22.03.30,135,Female,0,-,Holstein,-,0,-,-,21.08.30,1,11.4,347,150,Heifer,0,-,-,-,0,0,0,0,0,0,0,0,0,0,0,0,0,0,Report Heat,-,0,-,-,-,-,-,-,-,0,-,-,-
2121,-,150,140,22.03.30,135,Female,0,-,Holstein,-,0,-,-,21.08.31,0.9,11.4,346,150,Heifer,0,-,-,-,0,0,0,0,0,0,0,0,0,0,0,0,0,0,Report Heat,-,0,-,-,-,-,-,-,-,0,-,-,-
2122,-,150,140,22.03.30,135,Female,0,-,Holstein,-,0,-,-,21.08.31,0.9,11.4,346,150,Heifer,0,-,-,-,0,0,0,0,0,0,0,0,0,0,0,0,0,0,Report Heat,-,0,-,-,-,-,-,-,-,0,-,-,-
2123,-,150,140,22.03.30,135,Female,0,-,Holstein,-,0,-,-,21.08.31,0.9,11.4,346,150,Heifer,0,-,-,-,0,0,0,0,0,0,0,0,0,0,0,0,0,0,Report Heat,-,0,-,-,-,-,-,-,-,0,-,-,-
2124,-,150,140,22.05.07,97,Female,0,-,Holstein,-,0,-,-,21.08.31,0.9,11.4,346,150,Heifer,0,-,-,-,0,0,0,0,0,0,0,0,0,0,0,0,0,0,Report Heat,-,0,-,-,-,-,-,-,-,0,-,-,-
2125,-,199,190,22.03.31,134,Female,0,-,Holstein,-,0,-,Yes,21.08.08,1,12.1,369,199,"Cull, Not Pregnant",1,-,-,-,0,0,0,0,0,0,0,0,0,0,0,0,0,0,Inseminate,-,0,-,-,-,-,-,-,-,0,-,-,-
2126,-,150,140,22.03.30,135,Female,0,-,Holstein,-,0,-,-,21.08.31,0.9,11.4,346,150,Heifer,0,-,-,-,0,0,0,0,0,0,0,0,0,0,0,0,0,0,Report Heat,-,0,-,-,-,-,-,-,-,0,-,-,-
2127,-,150,140,22.03.30,135,Female,0,-,Holstein,-,0,-,-,21.08.31,0.9,11.4,346,150,Heifer,0,-,-,-,0,0,0,0,0,0,0,0,0,0,0,0,0,0,Report Heat,-,0,-,-,-,-,-,-,-,0,-,-,-
2128,-,150,140,22.03.30,135,Female,0,-,Holstein,-,0,-,-,21.09.01,0.9,11.3,345,150,Heifer,0,-,-,-,0,0,0,0,0,0,0,0,0,0,0,0,0,0,Report Heat,-,0,-,-,-,-,-,-,-,0,-,-,-
2129,-,150,140,22.03.30,135,Female,0,-,Holstein,-,0,-,-,21.09.01,0.9,11.3,345,150,Heifer,0,-,-,-,0,0,0,0,0,0,0,0,0,0,0,0,0,0,Report Heat,-,0,-,-,-,-,-,-,-,0,-,-,-
2130,-,150,140,22.03.30,135,Female,0,-,Holstein,-,0,-,-,21.09.01,0.9,11.3,345,150,Heifer,0,-,-,-,0,0,0,0,0,0,0,0,0,0,0,0,0,0,Report Heat,-,0,-,-,-,-,-,-,-,0,-,-,-
2131,-,150,140,22.03.30,135,Female,0,-,Holstein,-,0,-,-,21.09.01,0.9,11.3,345,150,Heifer,0,-,-,-,0,0,0,0,0,0,0,0,0,0,0,0,0,0,Report Heat,-,0,-,-,-,-,-,-,-,0,-,-,-
2132,-,150,140,22.03.30,135,Female,0,-,Holstein,-,0,-,-,21.09.01,0.9,11.3,345,150,Heifer,0,-,-,-,0,0,0,0,0,0,0,0,0,0,0,0,0,0,Report Heat,-,0,-,-,-,-,-,-,-,0,-,-,-
2133,-,150,140,22.03.30,135,Female,0,-,Holstein,-,0,-,-,21.09.01,0.9,11.3,345,150,Heifer,0,-,-,-,0,0,0,0,0,0,0,0,0,0,0,0,0,0,Report Heat,-,0,-,-,-,-,-,-,-,0,-,-,-
2134,-,150,140,22.03.30,135,Female,0,-,Holstein,-,0,-,-,21.09.01,0.9,11.3,345,150,Heifer,0,-,-,-,0,0,0,0,0,0,0,0,0,0,0,0,0,0,Report Heat,-,0,-,-,-,-,-,-,-,0,-,-,-
2135,-,150,140,22.03.30,135,Female,0,-,Holstein,-,0,-,-,21.09.01,0.9,11.3,345,150,Heifer,0,-,-,-,0,0,0,0,0,0,0,0,0,0,0,0,0,0,Report Heat,-,0,-,-,-,-,-,-,-,0,-,-,-
2136,-,150,140,22.03.30,135,Female,0,-,Holstein,-,0,-,-,21.09.01,0.9,11.3,345,150,Heifer,0,-,-,-,0,0,0,0,0,0,0,0,0,0,0,0,0,0,Report Heat,-,0,-,-,-,-,-,-,-,0,-,-,-
2138,-,150,140,22.03.30,135,Female,0,-,Holstein,-,0,-,-,21.09.02,0.9,11.3,344,150,Heifer,0,-,-,-,0,0,0,0,0,0,0,0,0,0,0,0,0,0,Report Heat,-,0,-,-,-,-,-,-,-,0,-,-,-
2139,-,150,140,22.03.30,135,Female,0,-,Holstein,-,0,-,-,21.09.02,0.9,11.3,344,150,Heifer,0,-,-,-,0,0,0,0,0,0,0,0,0,0,0,0,0,0,Report Heat,-,0,-,-,-,-,-,-,-,0,-,-,-
2140,-,150,140,22.03.30,135,Female,0,-,Holstein,-,0,-,-,21.09.04,0.9,11.2,342,150,Heifer,0,-,-,-,0,0,0,0,0,0,0,0,0,0,0,0,0,0,Report Heat,-,0,-,-,-,-,-,-,-,0,-,-,-
2141,-,150,140,22.03.30,135,Female,0,-,Holstein,-,0,-,-,21.09.04,0.9,11.2,342,150,Heifer,0,-,-,-,0,0,0,0,0,0,0,0,0,0,0,0,0,0,Report Heat,-,0,-,-,-,-,-,-,-,0,-,-,-
2142,-,150,140,22.03.30,135,Female,0,-,Holstein,-,0,-,-,21.09.04,0.9,11.2,342,150,Heifer,0,-,-,-,0,0,0,0,0,0,0,0,0,0,0,0,0,0,Report Heat,-,0,-,-,-,-,-,-,-,0,-,-,-
2143,-,150,140,22.03.30,135,Female,0,-,Holstein,-,0,-,-,21.09.04,0.9,11.2,342,150,Heifer,0,-,-,-,0,0,0,0,0,0,0,0,0,0,0,0,0,0,Report Heat,-,0,-,-,-,-,-,-,-,0,-,-,-
2144,-,150,140,22.03.30,135,Female,0,-,Holstein,-,0,-,-,21.09.04,0.9,11.2,342,150,Heifer,0,-,-,-,0,0,0,0,0,0,0,0,0,0,0,0,0,0,Report Heat,-,0,-,-,-,-,-,-,-,0,-,-,-
2145,-,150,140,22.05.07,97,Female,0,-,Holstein,-,0,-,-,21.09.04,0.9,11.2,342,150,Heifer,0,-,-,-,0,0,0,0,0,0,0,0,0,0,0,0,0,0,Report Heat,-,0,-,-,-,-,-,-,-,0,-,-,-
2146,-,150,140,22.03.30,135,Female,0,-,Holstein,-,0,-,-,21.09.04,0.9,11.2,342,150,Heifer,0,-,-,-,0,0,0,0,0,0,0,0,0,0,0,0,0,0,Report Heat,-,0,-,-,-,-,-,-,-,0,-,-,-
2147,-,150,140,22.03.30,135,Female,0,-,Holstein,-,0,-,-,21.09.04,0.9,11.2,342,150,Heifer,0,-,-,-,0,0,0,0,0,0,0,0,0,0,0,0,0,0,Report Heat,-,0,-,-,-,-,-,-,-,0,-,-,-
2148,-,150,140,22.05.07,97,Female,0,-,Holstein,-,0,-,-,21.09.04,0.9,11.2,342,150,Heifer,0,-,-,-,0,0,0,0,0,0,0,0,0,0,0,0,0,0,Report Heat,-,0,-,-,-,-,-,-,-,0,-,-,-
2149,-,150,140,22.05.07,97,Female,0,-,Holstein,-,0,-,-,21.09.05,0.9,11.2,341,150,Heifer,0,-,-,-,0,0,0,0,0,0,0,0,0,0,0,0,0,0,Report Heat,-,0,-,-,-,-,-,-,-,0,-,-,-
2150,-,150,140,22.05.07,97,Female,0,-,Holstein,-,0,-,-,21.09.05,0.9,11.2,341,150,Heifer,0,-,-,-,0,0,0,0,0,0,0,0,0,0,0,0,0,0,Report Heat,-,0,-,-,-,-,-,-,-,0,-,-,-
2151,-,150,140,22.05.07,97,Female,0,-,Holstein,-,0,-,-,21.09.05,0.9,11.2,341,150,Heifer,0,-,-,-,0,0,0,0,0,0,0,0,0,0,0,0,0,0,Report Heat,-,0,-,-,-,-,-,-,-,0,-,-,-
2152,-,150,140,22.05.07,97,Female,0,-,Holstein,-,0,-,-,21.09.05,0.9,11.2,341,150,Heifer,0,-,-,-,0,0,0,0,0,0,0,0,0,0,0,0,0,0,Report Heat,-,0,-,-,-,-,-,-,-,0,-,-,-
2153,-,150,140,22.05.07,97,Female,0,-,Holstein,-,0,-,-,21.09.05,0.9,11.2,341,150,Heifer,0,-,-,-,0,0,0,0,0,0,0,0,0,0,0,0,0,0,Report Heat,-,0,-,-,-,-,-,-,-,0,-,-,-
2154,-,150,140,22.05.07,97,Female,0,-,Holstein,-,0,-,-,21.09.05,0.9,11.2,341,150,Heifer,0,-,-,-,0,0,0,0,0,0,0,0,0,0,0,0,0,0,Report Heat,-,0,-,-,-,-,-,-,-,0,-,-,-
2155,-,150,140,22.05.07,97,Female,0,-,Holstein,-,0,-,-,21.09.05,0.9,11.2,341,150,Heifer,0,-,-,-,0,0,0,0,0,0,0,0,0,0,0,0,0,0,Report Heat,-,0,-,-,-,-,-,-,-,0,-,-,-
2156,-,150,140,22.05.07,97,Female,0,-,Holstein,-,0,-,-,21.09.05,0.9,11.2,341,150,Heifer,0,-,-,-,0,0,0,0,0,0,0,0,0,0,0,0,0,0,Report Heat,-,0,-,-,-,-,-,-,-,0,-,-,-
2157,-,95,96,22.07.21,22,Female,0,-,Holstein,-,0,-,-,21.09.07,0.9,11.1,339,95,Heifer,0,-,-,-,0,0,0,0,0,0,0,0,0,0,0,0,0,0,Report Heat,-,0,-,-,-,-,-,-,-,0,-,-,-
2158,-,150,140,22.05.07,97,Female,0,-,Holstein,-,0,-,-,21.09.07,0.9,11.1,339,150,Heifer,0,-,-,-,0,0,0,0,0,0,0,0,0,0,0,0,0,0,Report Heat,-,0,-,-,-,-,-,-,-,0,-,-,-
2159,-,150,140,22.05.07,97,Female,0,-,Holstein,-,0,-,-,21.09.07,0.9,11.1,339,150,Heifer,0,-,-,-,0,0,0,0,0,0,0,0,0,0,0,0,0,0,Report Heat,-,0,-,-,-,-,-,-,-,0,-,-,-
2160,-,95,96,22.07.21,22,Female,0,-,Holstein,-,0,-,-,21.09.07,0.9,11.1,339,95,Heifer,0,-,-,-,0,0,0,0,0,0,0,0,0,0,0,0,0,0,Report Heat,-,0,-,-,-,-,-,-,-,0,-,-,-
2161,-,150,140,22.05.07,97,Female,0,-,Holstein,-,0,-,-,21.09.07,0.9,11.1,339,150,Heifer,0,-,-,-,0,0,0,0,0,0,0,0,0,0,0,0,0,0,Report Heat,-,0,-,-,-,-,-,-,-,0,-,-,-
2162,-,150,140,22.05.07,97,Female,0,-,Holstein,-,0,-,-,21.09.07,0.9,11.1,339,150,Heifer,0,-,-,-,0,0,0,0,0,0,0,0,0,0,0,0,0,0,Report Heat,-,0,-,-,-,-,-,-,-,0,-,-,-
2163,-,150,140,22.05.07,97,Female,0,-,Holstein,-,0,-,-,21.09.07,0.9,11.1,339,150,Heifer,0,-,-,-,0,0,0,0,0,0,0,0,0,0,0,0,0,0,Report Heat,-,0,-,-,-,-,-,-,-,0,-,-,-
2164,-,150,140,22.05.07,97,Female,0,-,Holstein,-,0,-,-,21.09.07,0.9,11.1,339,150,Heifer,0,-,-,-,0,0,0,0,0,0,0,0,0,0,0,0,0,0,Report Heat,-,0,-,-,-,-,-,-,-,0,-,-,-
2165,-,150,140,22.05.07,97,Female,0,-,Holstein,-,0,-,-,21.09.07,0.9,11.1,339,150,Heifer,0,-,-,-,0,0,0,0,0,0,0,0,0,0,0,0,0,0,Report Heat,-,0,-,-,-,-,-,-,-,0,-,-,-
2166,-,150,140,22.05.07,97,Female,0,-,Holstein,-,0,-,-,21.09.07,0.9,11.1,339,150,Heifer,0,-,-,-,0,0,0,0,0,0,0,0,0,0,0,0,0,0,Report Heat,-,0,-,-,-,-,-,-,-,0,-,-,-
2167,-,150,140,22.05.29,75,Female,0,-,Holstein,-,0,-,-,21.09.08,0.9,11.1,338,150,Heifer,0,-,-,-,0,0,0,0,0,0,0,0,0,0,0,0,0,0,Report Heat,-,0,-,-,-,-,-,-,-,0,-,-,-
2168,-,150,140,22.05.29,75,Female,0,-,Holstein,-,0,-,-,21.09.08,0.9,11.1,338,150,Heifer,0,-,-,-,0,0,0,0,0,0,0,0,0,0,0,0,0,0,Report Heat,-,0,-,-,-,-,-,-,-,0,-,-,-
2169,-,150,140,22.05.29,75,Female,0,-,Holstein,-,0,-,-,21.09.08,0.9,11.1,338,150,Heifer,0,-,-,-,0,0,0,0,0,0,0,0,0,0,0,0,0,0,Report Heat,-,0,-,-,-,-,-,-,-,0,-,-,-
2170,-,150,140,22.05.29,75,Female,0,-,Holstein,-,0,-,-,21.09.08,0.9,11.1,338,150,Heifer,0,-,-,-,0,0,0,0,0,0,0,0,0,0,0,0,0,0,Report Heat,-,0,-,-,-,-,-,-,-,0,-,-,-
2171,-,150,140,22.05.29,75,Female,0,-,Holstein,-,0,-,-,21.09.08,0.9,11.1,338,150,Heifer,0,-,-,-,0,0,0,0,0,0,0,0,0,0,0,0,0,0,Report Heat,-,0,-,-,-,-,-,-,-,0,-,-,-
2172,-,150,140,22.05.29,75,Female,0,-,Holstein,-,0,-,-,21.09.09,0.9,11.1,337,150,Heifer,0,-,-,-,0,0,0,0,0,0,0,0,0,0,0,0,0,0,Report Heat,-,0,-,-,-,-,-,-,-,0,-,-,-
2173,-,150,140,22.05.29,75,Female,0,-,Holstein,-,0,-,-,21.09.09,0.9,11.1,337,150,Heifer,0,-,-,-,0,0,0,0,0,0,0,0,0,0,0,0,0,0,Report Heat,-,0,-,-,-,-,-,-,-,0,-,-,-
2174,-,150,140,22.05.29,75,Female,0,-,Holstein,-,0,-,-,21.09.09,0.9,11.1,337,150,Heifer,0,-,-,-,0,0,0,0,0,0,0,0,0,0,0,0,0,0,Report Heat,-,0,-,-,-,-,-,-,-,0,-,-,-
2175,-,150,140,22.05.29,75,Female,0,-,Holstein,-,0,-,-,21.09.11,0.9,11,335,150,Heifer,0,-,-,-,0,0,0,0,0,0,0,0,0,0,0,0,0,0,Report Heat,-,0,-,-,-,-,-,-,-,0,-,-,-
2176,-,150,140,22.05.29,75,Female,0,-,Holstein,-,0,-,-,21.09.12,0.9,11,334,150,Heifer,0,-,-,-,0,0,0,0,0,0,0,0,0,0,0,0,0,0,Report Heat,-,0,-,-,-,-,-,-,-,0,-,-,-
2177,-,150,140,22.05.29,75,Female,0,-,Holstein,-,0,-,-,21.09.12,0.9,11,334,150,Heifer,0,-,-,-,0,0,0,0,0,0,0,0,0,0,0,0,0,0,Report Heat,-,0,-,-,-,-,-,-,-,0,-,-,-
2178,-,150,140,22.05.29,75,Female,0,-,Holstein,-,0,-,-,21.09.12,0.9,11,334,150,Heifer,0,-,-,-,0,0,0,0,0,0,0,0,0,0,0,0,0,0,Report Heat,-,0,-,-,-,-,-,-,-,0,-,-,-
2179,-,150,140,22.05.29,75,Female,0,-,Holstein,-,0,-,-,21.09.12,0.9,11,334,150,Heifer,0,-,-,-,0,0,0,0,0,0,0,0,0,0,0,0,0,0,Report Heat,-,0,-,-,-,-,-,-,-,0,-,-,-
2180,-,150,140,22.05.29,75,Female,0,-,Holstein,-,0,-,-,21.09.12,0.9,11,334,150,Heifer,0,-,-,-,0,0,0,0,0,0,0,0,0,0,0,0,0,0,Report Heat,-,0,-,-,-,-,-,-,-,0,-,-,-
2181,-,150,140,22.05.29,75,Female,0,-,Holstein,-,0,-,-,21.09.12,0.9,11,334,150,Heifer,0,-,-,-,0,0,0,0,0,0,0,0,0,0,0,0,0,0,Report Heat,-,0,-,-,-,-,-,-,-,0,-,-,-
2182,-,150,140,22.03.30,135,Female,0,-,Holstein,-,0,-,-,21.09.12,0.9,11,334,150,Heifer,0,-,-,-,0,0,0,0,0,0,0,0,0,0,0,0,0,0,Report Heat,-,0,-,-,-,-,-,-,-,0,-,-,-
2183,-,150,140,22.05.29,75,Female,0,-,Holstein,-,0,-,-,21.09.13,0.9,10.9,333,150,Heifer,0,-,-,-,0,0,0,0,0,0,0,0,0,0,0,0,0,0,Report Heat,-,0,-,-,-,-,-,-,-,0,-,-,-
2184,-,150,140,22.05.29,75,Female,0,-,Holstein,-,0,-,-,21.09.14,0.9,10.9,332,150,Heifer,0,-,-,-,0,0,0,0,0,0,0,0,0,0,0,0,0,0,Report Heat,-,0,-,-,-,-,-,-,-,0,-,-,-
2185,-,150,140,22.05.29,75,Female,0,-,Holstein,-,0,-,-,21.09.14,0.9,10.9,332,150,Heifer,0,-,-,-,0,0,0,0,0,0,0,0,0,0,0,0,0,0,Report Heat,-,0,-,-,-,-,-,-,-,0,-,-,-
2186,-,150,140,22.05.29,75,Female,0,-,Holstein,-,0,-,-,21.09.14,0.9,10.9,332,150,Heifer,0,-,-,-,0,0,0,0,0,0,0,0,0,0,0,0,0,0,Report Heat,-,0,-,-,-,-,-,-,-,0,-,-,-
2187,-,150,140,22.05.29,75,Female,0,-,Holstein,-,0,-,-,21.09.14,0.9,10.9,332,150,Heifer,0,-,-,-,0,0,0,0,0,0,0,0,0,0,0,0,0,0,Report Heat,-,0,-,-,-,-,-,-,-,0,-,-,-
2188,-,150,140,22.05.29,75,Female,0,-,Holstein,-,0,-,-,21.09.15,0.9,10.9,331,150,Heifer,0,-,-,-,0,0,0,0,0,0,0,0,0,0,0,0,0,0,Report Heat,-,0,-,-,-,-,-,-,-,0,-,-,-
2189,-,150,140,22.05.29,75,Female,0,-,Holstein,-,0,-,-,21.09.15,0.9,10.9,331,150,Heifer,0,-,-,-,0,0,0,0,0,0,0,0,0,0,0,0,0,0,Report Heat,-,0,-,-,-,-,-,-,-,0,-,-,-
2190,-,150,140,22.05.29,75,Female,0,-,Holstein,-,0,-,-,21.09.15,0.9,10.9,331,150,Heifer,0,-,-,-,0,0,0,0,0,0,0,0,0,0,0,0,0,0,Report Heat,-,0,-,-,-,-,-,-,-,0,-,-,-
2191,-,150,140,22.05.29,75,Female,0,-,Holstein,-,0,-,-,21.09.16,0.9,10.8,330,150,Heifer,0,-,-,-,0,0,0,0,0,0,0,0,0,0,0,0,0,0,Report Heat,-,0,-,-,-,-,-,-,-,0,-,-,-
2192,-,150,140,22.05.29,75,Female,0,-,Holstein,-,0,-,-,21.09.16,0.9,10.8,330,150,Heifer,0,-,-,-,0,0,0,0,0,0,0,0,0,0,0,0,0,0,Report Heat,-,0,-,-,-,-,-,-,-,0,-,-,-
2193,-,150,199,22.07.30,13,Female,0,-,Holstein,-,0,-,-,21.09.16,0.9,10.8,330,150,Heifer,0,-,-,-,0,0,0,0,0,0,0,0,0,0,0,0,0,0,Report Heat,-,0,-,-,-,-,-,-,-,0,-,-,-
2194,-,150,140,22.05.29,75,Female,0,-,Holstein,-,0,-,-,21.09.16,0.9,10.8,330,150,Heifer,0,-,-,-,0,0,0,0,0,0,0,0,0,0,0,0,0,0,Report Heat,-,0,-,-,-,-,-,-,-,0,-,-,-
2195,-,150,140,22.05.29,75,Female,0,-,Holstein,-,0,-,-,21.09.18,0.9,10.8,328,150,Heifer,0,-,-,-,0,0,0,0,0,0,0,0,0,0,0,0,0,0,Report Heat,-,0,-,-,-,-,-,-,-,0,-,-,-
2196,-,150,140,22.05.29,75,Female,0,-,Holstein,-,0,-,-,21.09.18,0.9,10.8,328,150,Heifer,0,-,-,-,0,0,0,0,0,0,0,0,0,0,0,0,0,0,Report Heat,-,0,-,-,-,-,-,-,-,0,-,-,-
2197,-,150,140,22.05.29,75,Female,0,-,Holstein,-,0,-,-,21.09.18,0.9,10.8,328,150,Heifer,0,-,-,-,0,0,0,0,0,0,0,0,0,0,0,0,0,0,Report Heat,-,0,-,-,-,-,-,-,-,0,-,-,-
2198,-,199,150,22.07.30,13,Female,0,-,Holstein,-,0,-,Yes,21.09.19,0.9,10.7,327,199,"Cull, Not Pregnant",0,-,-,-,0,0,0,0,0,0,0,0,0,0,0,0,0,0,Report Heat,-,0,-,-,-,-,-,-,-,0,-,-,-
2199,-,150,140,22.05.29,75,Female,0,-,Holstein,-,0,-,-,21.09.19,0.9,10.7,327,150,Heifer,0,-,-,-,0,0,0,0,0,0,0,0,0,0,0,0,0,0,Report Heat,-,0,-,-,-,-,-,-,-,0,-,-,-
2200,-,199,190,22.02.01,192,Female,0,-,Holstein,-,0,-,Yes,21.09.19,0.9,10.7,327,199,"Cull, Not Pregnant",0,-,-,-,0,0,0,0,0,0,0,0,0,0,0,0,0,0,Report Heat,-,0,-,-,-,-,-,-,-,0,-,-,-
2201,-,150,140,22.05.29,75,Female,0,-,Holstein,-,0,-,-,21.09.19,0.9,10.7,327,150,Heifer,0,-,-,-,0,0,0,0,0,0,0,0,0,0,0,0,0,0,Report Heat,-,0,-,-,-,-,-,-,-,0,-,-,-
2202,-,150,140,22.05.29,75,Female,0,-,Holstein,-,0,-,-,21.09.19,0.9,10.7,327,150,Heifer,0,-,-,-,0,0,0,0,0,0,0,0,0,0,0,0,0,0,Report Heat,-,0,-,-,-,-,-,-,-,0,-,-,-
2203,-,150,140,22.05.29,75,Female,0,-,Holstein,-,0,-,-,21.09.19,0.9,10.7,327,150,Heifer,0,-,-,-,0,0,0,0,0,0,0,0,0,0,0,0,0,0,Report Heat,-,0,-,-,-,-,-,-,-,0,-,-,-
2204,-,150,140,22.05.29,75,Female,0,-,Holstein,-,0,-,-,21.09.19,0.9,10.7,327,150,Heifer,0,-,-,-,0,0,0,0,0,0,0,0,0,0,0,0,0,0,Report Heat,-,0,-,-,-,-,-,-,-,0,-,-,-
2205,-,150,140,22.05.29,75,Female,0,-,Holstein,-,0,-,-,21.09.19,0.9,10.7,327,150,Heifer,0,-,-,-,0,0,0,0,0,0,0,0,0,0,0,0,0,0,Report Heat,-,0,-,-,-,-,-,-,-,0,-,-,-
2206,-,150,140,22.05.29,75,Female,0,-,Holstein,-,0,-,-,21.09.21,0.9,10.7,325,150,Heifer,0,-,-,-,0,0,0,0,0,0,0,0,0,0,0,0,0,0,Report Heat,-,0,-,-,-,-,-,-,-,0,-,-,-
2207,-,150,140,22.05.29,75,Female,0,-,Holstein,-,0,-,-,21.09.21,0.9,10.7,325,150,Heifer,0,-,-,-,0,0,0,0,0,0,0,0,0,0,0,0,0,0,Report Heat,-,0,-,-,-,-,-,-,-,0,-,-,-
2208,-,150,140,22.05.29,75,Female,0,-,Holstein,-,0,-,-,21.09.22,0.9,10.6,324,150,Heifer,0,-,-,-,0,0,0,0,0,0,0,0,0,0,0,0,0,0,Report Heat,-,0,-,-,-,-,-,-,-,0,-,-,-
2209,-,150,140,22.05.29,75,Female,0,-,Holstein,-,0,-,-,21.09.22,0.9,10.6,324,150,Heifer,0,-,-,-,0,0,0,0,0,0,0,0,0,0,0,0,0,0,Report Heat,-,0,-,-,-,-,-,-,-,0,-,-,-
2210,-,150,140,22.05.29,75,Female,0,-,Holstein,-,0,-,-,21.09.23,0.9,10.6,323,150,Heifer,0,-,-,-,0,0,0,0,0,0,0,0,0,0,0,0,0,0,Report Heat,-,0,-,-,-,-,-,-,-,0,-,-,-
2211,-,150,140,22.05.29,75,Female,0,-,Holstein,-,0,-,-,21.09.23,0.9,10.6,323,150,Heifer,0,-,-,-,0,0,0,0,0,0,0,0,0,0,0,0,0,0,Report Heat,-,0,-,-,-,-,-,-,-,0,-,-,-
2212,-,150,140,22.05.29,75,Female,0,-,Holstein,-,0,-,-,21.09.23,0.9,10.6,323,150,Heifer,0,-,-,-,0,0,0,0,0,0,0,0,0,0,0,0,0,0,Report Heat,-,0,-,-,-,-,-,-,-,0,-,-,-
2213,-,150,140,22.05.29,75,Female,0,-,Holstein,-,0,-,-,21.09.23,0.9,10.6,323,150,Heifer,0,-,-,-,0,0,0,0,0,0,0,0,0,0,0,0,0,0,Report Heat,-,0,-,-,-,-,-,-,-,0,-,-,-
2214,-,150,140,22.05.29,75,Female,0,-,Holstein,-,0,-,-,21.09.23,0.9,10.6,323,150,Heifer,0,-,-,-,0,0,0,0,0,0,0,0,0,0,0,0,0,0,Report Heat,-,0,-,-,-,-,-,-,-,0,-,-,-
2215,-,150,140,22.05.29,75,Female,0,-,Holstein,-,0,-,-,21.09.25,0.9,10.5,321,150,Heifer,0,-,-,-,0,0,0,0,0,0,0,0,0,0,0,0,0,0,Report Heat,-,0,-,-,-,-,-,-,-,0,-,-,-
2216,-,150,140,22.05.29,75,Female,0,-,Holstein,-,0,-,-,21.09.25,0.9,10.5,321,150,Heifer,0,-,-,-,0,0,0,0,0,0,0,0,0,0,0,0,0,0,Report Heat,-,0,-,-,-,-,-,-,-,0,-,-,-
2217,-,150,140,22.05.29,75,Female,0,-,Holstein,-,0,-,-,21.09.26,0.9,10.5,320,150,Heifer,0,-,-,-,0,0,0,0,0,0,0,0,0,0,0,0,0,0,Report Heat,-,0,-,-,-,-,-,-,-,0,-,-,-
2218,-,150,140,22.05.29,75,Female,0,-,Holstein,-,0,-,-,21.09.26,0.9,10.5,320,150,Heifer,0,-,-,-,0,0,0,0,0,0,0,0,0,0,0,0,0,0,Report Heat,-,0,-,-,-,-,-,-,-,0,-,-,-
2219,-,150,140,22.05.29,75,Female,0,-,Holstein,-,0,-,-,21.09.26,0.9,10.5,320,150,Heifer,0,-,-,-,0,0,0,0,0,0,0,0,0,0,0,0,0,0,Report Heat,-,0,-,-,-,-,-,-,-,0,-,-,-
2221,-,150,140,22.05.29,75,Female,0,-,Holstein,-,0,-,-,21.09.27,0.9,10.5,319,150,Heifer,0,-,-,-,0,0,0,0,0,0,0,0,0,0,0,0,0,0,Report Heat,-,0,-,-,-,-,-,-,-,0,-,-,-
2222,-,150,140,22.05.29,75,Female,0,-,Holstein,-,0,-,-,21.09.27,0.9,10.5,319,150,Heifer,0,-,-,-,0,0,0,0,0,0,0,0,0,0,0,0,0,0,Report Heat,-,0,-,-,-,-,-,-,-,0,-,-,-
2223,-,150,140,22.05.29,75,Female,0,-,Holstein,-,0,-,-,21.09.28,0.9,10.4,318,150,Heifer,0,-,-,-,0,0,0,0,0,0,0,0,0,0,0,0,0,0,Report Heat,-,0,-,-,-,-,-,-,-,0,-,-,-
2224,-,150,140,22.05.29,75,Female,0,-,Holstein,-,0,-,-,21.09.28,0.9,10.4,318,150,Heifer,0,-,-,-,0,0,0,0,0,0,0,0,0,0,0,0,0,0,Report Heat,-,0,-,-,-,-,-,-,-,0,-,-,-
2225,-,150,140,22.05.29,75,Female,0,-,Holstein,-,0,-,-,21.09.04,0.9,11.2,342,150,Heifer,0,-,-,-,0,0,0,0,0,0,0,0,0,0,0,0,0,0,Report Heat,-,0,-,-,-,-,-,-,-,0,-,-,-
2226,-,150,140,22.05.29,75,Female,0,-,Holstein,-,0,-,-,21.09.28,0.9,10.4,318,150,Heifer,0,-,-,-,0,0,0,0,0,0,0,0,0,0,0,0,0,0,Report Heat,-,0,-,-,-,-,-,-,-,0,-,-,-
2227,-,150,140,22.05.29,75,Female,0,-,Holstein,-,0,-,-,21.09.29,0.9,10.4,317,150,Heifer,0,-,-,-,0,0,0,0,0,0,0,0,0,0,0,0,0,0,Report Heat,-,0,-,-,-,-,-,-,-,0,-,-,-
2228,-,150,140,22.05.29,75,Female,0,-,Holstein,-,0,-,-,21.09.29,0.9,10.4,317,150,Heifer,0,-,-,-,0,0,0,0,0,0,0,0,0,0,0,0,0,0,Report Heat,-,0,-,-,-,-,-,-,-,0,-,-,-
2229,-,150,140,22.05.29,75,Female,0,-,Holstein,-,0,-,-,21.09.29,0.9,10.4,317,150,Heifer,0,-,-,-,0,0,0,0,0,0,0,0,0,0,0,0,0,0,Report Heat,-,0,-,-,-,-,-,-,-,0,-,-,-
2230,-,150,140,22.05.29,75,Female,0,-,Holstein,-,0,-,-,21.09.29,0.9,10.4,317,150,Heifer,0,-,-,-,0,0,0,0,0,0,0,0,0,0,0,0,0,0,Report Heat,-,0,-,-,-,-,-,-,-,0,-,-,-
2231,-,150,140,22.05.29,75,Female,0,-,Holstein,-,0,-,-,21.09.29,0.9,10.4,317,150,Heifer,0,-,-,-,0,0,0,0,0,0,0,0,0,0,0,0,0,0,Report Heat,-,0,-,-,-,-,-,-,-,0,-,-,-
2232,-,150,140,22.05.29,75,Female,0,-,Holstein,-,0,-,-,21.09.30,0.9,10.4,316,150,Heifer,0,-,-,-,0,0,0,0,0,0,0,0,0,0,0,0,0,0,Report Heat,-,0,-,-,-,-,-,-,-,0,-,-,-
2233,-,150,140,22.05.29,75,Female,0,-,Holstein,-,0,-,-,21.10.01,0.9,10.3,315,150,Heifer,0,-,-,-,0,0,0,0,0,0,0,0,0,0,0,0,0,0,Report Heat,-,0,-,-,-,-,-,-,-,0,-,-,-
2234,-,150,140,22.05.29,75,Female,0,-,Holstein,-,0,-,-,21.10.01,0.9,10.3,315,150,Heifer,0,-,-,-,0,0,0,0,0,0,0,0,0,0,0,0,0,0,Report Heat,-,0,-,-,-,-,-,-,-,0,-,-,-
2235,-,150,140,22.05.29,75,Female,0,-,Holstein,-,0,-,-,21.10.01,0.9,10.3,315,150,Heifer,0,-,-,-,0,0,0,0,0,0,0,0,0,0,0,0,0,0,Report Heat,-,0,-,-,-,-,-,-,-,0,-,-,-
2236,-,150,140,22.05.29,75,Female,0,-,Holstein,-,0,-,-,21.10.03,0.9,10.3,313,150,Heifer,0,-,-,-,0,0,0,0,0,0,0,0,0,0,0,0,0,0,Report Heat,-,0,-,-,-,-,-,-,-,0,-,-,-
2237,-,150,140,22.05.29,75,Female,0,-,Holstein,-,0,-,-,21.10.03,0.9,10.3,313,150,Heifer,0,-,-,-,0,0,0,0,0,0,0,0,0,0,0,0,0,0,Report Heat,-,0,-,-,-,-,-,-,-,0,-,-,-
2238,-,150,140,22.05.29,75,Female,0,-,Holstein,-,0,-,-,21.10.03,0.9,10.3,313,150,Heifer,0,-,-,-,0,0,0,0,0,0,0,0,0,0,0,0,0,0,Report Heat,-,0,-,-,-,-,-,-,-,0,-,-,-
2239,-,150,140,22.05.29,75,Female,0,-,Holstein,-,0,-,-,21.10.03,0.9,10.3,313,150,Heifer,0,-,-,-,0,0,0,0,0,0,0,0,0,0,0,0,0,0,Report Heat,-,0,-,-,-,-,-,-,-,0,-,-,-
2240,-,150,140,22.05.29,75,Female,0,-,Holstein,-,0,-,-,21.10.03,0.9,10.3,313,150,Heifer,0,-,-,-,0,0,0,0,0,0,0,0,0,0,0,0,0,0,Report Heat,-,0,-,-,-,-,-,-,-,0,-,-,-
2241,-,150,140,22.05.29,75,Female,0,-,Holstein,-,0,-,-,21.10.04,0.9,10.3,312,150,Heifer,0,-,-,-,0,0,0,0,0,0,0,0,0,0,0,0,0,0,Report Heat,-,0,-,-,-,-,-,-,-,0,-,-,-
2242,-,150,140,22.05.29,75,Female,0,-,Holstein,-,0,-,-,21.10.04,0.9,10.3,312,150,Heifer,0,-,-,-,0,0,0,0,0,0,0,0,0,0,0,0,0,0,Report Heat,-,0,-,-,-,-,-,-,-,0,-,-,-
2243,-,150,140,22.05.29,75,Female,0,-,Holstein,-,0,-,-,21.10.04,0.9,10.3,312,150,Heifer,0,-,-,-,0,0,0,0,0,0,0,0,0,0,0,0,0,0,Report Heat,-,0,-,-,-,-,-,-,-,0,-,-,-
2244,-,150,140,22.05.29,75,Female,0,-,Holstein,-,0,-,-,21.10.06,0.8,10.2,310,150,Heifer,0,-,-,-,0,0,0,0,0,0,0,0,0,0,0,0,0,0,Report Heat,-,0,-,-,-,-,-,-,-,0,-,-,-
2245,-,150,140,22.05.29,75,Female,0,-,Holstein,-,0,-,-,21.10.06,0.8,10.2,310,150,Heifer,0,-,-,-,0,0,0,0,0,0,0,0,0,0,0,0,0,0,Report Heat,-,0,-,-,-,-,-,-,-,0,-,-,-
2246,-,150,140,22.05.29,75,Female,0,-,Holstein,-,0,-,-,21.10.06,0.8,10.2,310,150,Heifer,0,-,-,-,0,0,0,0,0,0,0,0,0,0,0,0,0,0,Report Heat,-,0,-,-,-,-,-,-,-,0,-,-,-
2247,-,150,140,22.05.29,75,Female,0,-,Holstein,-,0,-,-,21.10.06,0.8,10.2,310,150,Heifer,0,-,-,-,0,0,0,0,0,0,0,0,0,0,0,0,0,0,Report Heat,-,0,-,-,-,-,-,-,-,0,-,-,-
2248,-,150,140,22.05.29,75,Female,0,-,Holstein,-,0,-,-,21.10.06,0.8,10.2,310,150,Heifer,0,-,-,-,0,0,0,0,0,0,0,0,0,0,0,0,0,0,Report Heat,-,0,-,-,-,-,-,-,-,0,-,-,-
2249,-,150,140,22.05.29,75,Female,0,-,Holstein,-,0,-,-,21.10.06,0.8,10.2,310,150,Heifer,0,-,-,-,0,0,0,0,0,0,0,0,0,0,0,0,0,0,Report Heat,-,0,-,-,-,-,-,-,-,0,-,-,-
2250,-,150,140,22.05.29,75,Female,0,-,Holstein,-,0,-,-,21.10.07,0.8,10.2,309,150,Heifer,0,-,-,-,0,0,0,0,0,0,0,0,0,0,0,0,0,0,Report Heat,-,0,-,-,-,-,-,-,-,0,-,-,-
2251,-,150,140,22.05.29,75,Female,0,-,Holstein,-,0,-,-,21.10.07,0.8,10.2,309,150,Heifer,0,-,-,-,0,0,0,0,0,0,0,0,0,0,0,0,0,0,Report Heat,-,0,-,-,-,-,-,-,-,0,-,-,-
2252,-,150,140,22.05.29,75,Female,0,-,Holstein,-,0,-,-,21.10.07,0.8,10.2,309,150,Heifer,0,-,-,-,0,0,0,0,0,0,0,0,0,0,0,0,0,0,Report Heat,-,0,-,-,-,-,-,-,-,0,-,-,-
2253,-,150,140,22.05.29,75,Female,0,-,Holstein,-,0,-,-,21.10.07,0.8,10.2,309,150,Heifer,0,-,-,-,0,0,0,0,0,0,0,0,0,0,0,0,0,0,Report Heat,-,0,-,-,-,-,-,-,-,0,-,-,-
2254,-,150,140,22.05.29,75,Female,0,-,Holstein,-,0,-,-,21.10.07,0.8,10.2,309,150,Heifer,0,-,-,-,0,0,0,0,0,0,0,0,0,0,0,0,0,0,Report Heat,-,0,-,-,-,-,-,-,-,0,-,-,-
2255,-,150,140,22.05.29,75,Female,0,-,Holstein,-,0,-,-,21.10.09,0.8,10.1,307,150,Heifer,0,-,-,-,0,0,0,0,0,0,0,0,0,0,0,0,0,0,Report Heat,-,0,-,-,-,-,-,-,-,0,-,-,-
2256,-,150,140,22.06.29,44,Female,0,-,Holstein,-,0,-,-,21.10.09,0.8,10.1,307,150,Heifer,0,-,-,-,0,0,0,0,0,0,0,0,0,0,0,0,0,0,Report Heat,-,0,-,-,-,-,-,-,-,0,-,-,-
2257,-,150,140,22.06.29,44,Female,0,-,Holstein,-,0,-,-,21.10.09,0.8,10.1,307,150,Heifer,0,-,-,-,0,0,0,0,0,0,0,0,0,0,0,0,0,0,Report Heat,-,0,-,-,-,-,-,-,-,0,-,-,-
2258,-,150,140,22.06.29,44,Female,0,-,Holstein,-,0,-,-,21.10.09,0.8,10.1,307,150,Heifer,0,-,-,-,0,0,0,0,0,0,0,0,0,0,0,0,0,0,Report Heat,-,0,-,-,-,-,-,-,-,0,-,-,-
2259,-,150,140,22.06.29,44,Female,0,-,Holstein,-,0,-,-,21.10.09,0.8,10.1,307,150,Heifer,0,-,-,-,0,0,0,0,0,0,0,0,0,0,0,0,0,0,Report Heat,-,0,-,-,-,-,-,-,-,0,-,-,-
2260,-,150,140,22.06.29,44,Female,0,-,Holstein,-,0,-,-,21.10.09,0.8,10.1,307,150,Heifer,0,-,-,-,0,0,0,0,0,0,0,0,0,0,0,0,0,0,Report Heat,-,0,-,-,-,-,-,-,-,0,-,-,-
2261,-,150,140,22.06.29,44,Female,0,-,Holstein,-,0,-,-,21.10.09,0.8,10.1,307,150,Heifer,0,-,-,-,0,0,0,0,0,0,0,0,0,0,0,0,0,0,Report Heat,-,0,-,-,-,-,-,-,-,0,-,-,-
2262,-,150,140,22.06.29,44,Female,0,-,Holstein,-,0,-,-,21.10.09,0.8,10.1,307,150,Heifer,0,-,-,-,0,0,0,0,0,0,0,0,0,0,0,0,0,0,Report Heat,-,0,-,-,-,-,-,-,-,0,-,-,-
2263,-,150,140,22.06.29,44,Female,0,-,Holstein,-,0,-,-,21.10.11,0.8,10,305,150,Heifer,0,-,-,-,0,0,0,0,0,0,0,0,0,0,0,0,0,0,Report Heat,-,0,-,-,-,-,-,-,-,0,-,-,-
2264,-,150,140,22.06.29,44,Female,0,-,Holstein,-,0,-,-,21.10.11,0.8,10,305,150,Heifer,0,-,-,-,0,0,0,0,0,0,0,0,0,0,0,0,0,0,Report Heat,-,0,-,-,-,-,-,-,-,0,-,-,-
2265,-,150,140,22.06.29,44,Female,0,-,Holstein,-,0,-,-,21.10.11,0.8,10,305,150,Heifer,0,-,-,-,0,0,0,0,0,0,0,0,0,0,0,0,0,0,Report Heat,-,0,-,-,-,-,-,-,-,0,-,-,-
2266,-,150,140,22.06.29,44,Female,0,-,Holstein,-,0,-,-,21.10.11,0.8,10,305,150,Heifer,0,-,-,-,0,0,0,0,0,0,0,0,0,0,0,0,0,0,Report Heat,-,0,-,-,-,-,-,-,-,0,-,-,-
2267,-,150,140,22.06.29,44,Female,0,-,Holstein,-,0,-,-,21.10.11,0.8,10,305,150,Heifer,0,-,-,-,0,0,0,0,0,0,0,0,0,0,0,0,0,0,Report Heat,-,0,-,-,-,-,-,-,-,0,-,-,-
2268,-,150,140,22.06.29,44,Female,0,-,Holstein,-,0,-,-,21.10.11,0.8,10,305,150,Heifer,0,-,-,-,0,0,0,0,0,0,0,0,0,0,0,0,0,0,Report Heat,-,0,-,-,-,-,-,-,-,0,-,-,-
2269,-,150,140,22.06.29,44,Female,0,-,Holstein,-,0,-,-,21.10.11,0.8,10,305,150,Heifer,0,-,-,-,0,0,0,0,0,0,0,0,0,0,0,0,0,0,Report Heat,-,0,-,-,-,-,-,-,-,0,-,-,-
2270,-,150,140,22.06.29,44,Female,0,-,Holstein,-,0,-,-,21.10.13,0.8,10,303,150,Heifer,0,-,-,-,0,0,0,0,0,0,0,0,0,0,0,0,0,0,Report Heat,-,0,-,-,-,-,-,-,-,0,-,-,-
2271,-,150,140,22.06.29,44,Female,0,-,Holstein,-,0,-,-,21.10.13,0.8,10,303,150,Heifer,0,-,-,-,0,0,0,0,0,0,0,0,0,0,0,0,0,0,Report Heat,-,0,-,-,-,-,-,-,-,0,-,-,-
2272,-,150,140,22.06.29,44,Female,0,-,Holstein,-,0,-,-,21.10.13,0.8,10,303,150,Heifer,0,-,-,-,0,0,0,0,0,0,0,0,0,0,0,0,0,0,Report Heat,-,0,-,-,-,-,-,-,-,0,-,-,-
2273,-,150,140,22.06.29,44,Female,0,-,Holstein,-,0,-,-,21.10.13,0.8,10,303,150,Heifer,0,-,-,-,0,0,0,0,0,0,0,0,0,0,0,0,0,0,Report Heat,-,0,-,-,-,-,-,-,-,0,-,-,-
2274,-,150,140,22.06.29,44,Female,0,-,Holstein,-,0,-,-,21.10.14,0.8,9.9,302,150,Heifer,0,-,-,-,0,0,0,0,0,0,0,0,0,0,0,0,0,0,Report Heat,-,0,-,-,-,-,-,-,-,0,-,-,-
2275,-,150,140,22.06.29,44,Female,0,-,Holstein,-,0,-,-,21.10.14,0.8,9.9,302,150,Heifer,0,-,-,-,0,0,0,0,0,0,0,0,0,0,0,0,0,0,Report Heat,-,0,-,-,-,-,-,-,-,0,-,-,-
2276,-,150,140,22.06.29,44,Female,0,-,Holstein,-,0,-,-,21.10.14,0.8,9.9,302,150,Heifer,0,-,-,-,0,0,0,0,0,0,0,0,0,0,0,0,0,0,Report Heat,-,0,-,-,-,-,-,-,-,0,-,-,-
2277,-,150,140,22.06.29,44,Female,0,-,Holstein,-,0,-,-,21.10.14,0.8,9.9,302,150,Heifer,0,-,-,-,0,0,0,0,0,0,0,0,0,0,0,0,0,0,Report Heat,-,0,-,-,-,-,-,-,-,0,-,-,-
2278,-,150,140,22.06.29,44,Female,0,-,Holstein,-,0,-,-,21.10.14,0.8,9.9,302,150,Heifer,0,-,-,-,0,0,0,0,0,0,0,0,0,0,0,0,0,0,Report Heat,-,0,-,-,-,-,-,-,-,0,-,-,-
2279,-,140,150,22.06.29,44,Female,0,-,Holstein,-,0,-,-,21.10.14,0.8,9.9,302,140,Heifer,0,-,-,-,0,0,0,0,0,0,0,0,0,0,0,0,0,0,Report Heat,-,0,-,-,-,-,-,-,-,0,-,-,-
2280,-,140,150,22.06.29,44,Female,0,-,Holstein,-,0,-,-,21.10.14,0.8,9.9,302,140,Heifer,0,-,-,-,0,0,0,0,0,0,0,0,0,0,0,0,0,0,Report Heat,-,0,-,-,-,-,-,-,-,0,-,-,-
2281,-,140,150,22.06.29,44,Female,0,-,Holstein,-,0,-,-,21.10.14,0.8,9.9,302,140,Heifer,0,-,-,-,0,0,0,0,0,0,0,0,0,0,0,0,0,0,Report Heat,-,0,-,-,-,-,-,-,-,0,-,-,-
2282,-,140,150,22.06.29,44,Female,0,-,Holstein,-,0,-,-,21.10.16,0.8,9.9,300,140,Heifer,0,-,-,-,0,0,0,0,0,0,0,0,0,0,0,0,0,0,Report Heat,-,0,-,-,-,-,-,-,-,0,-,-,-
2283,-,140,150,22.06.29,44,Female,0,-,Holstein,-,0,-,-,21.10.16,0.8,9.9,300,140,Heifer,0,-,-,-,0,0,0,0,0,0,0,0,0,0,0,0,0,0,Report Heat,-,0,-,-,-,-,-,-,-,0,-,-,-
2284,-,140,150,22.06.29,44,Female,0,-,Holstein,-,0,-,-,21.10.16,0.8,9.9,300,140,Heifer,0,-,-,-,0,0,0,0,0,0,0,0,0,0,0,0,0,0,Report Heat,-,0,-,-,-,-,-,-,-,0,-,-,-
2285,-,140,150,22.06.29,44,Female,0,-,Holstein,-,0,-,-,21.10.16,0.8,9.9,300,140,Heifer,0,-,-,-,0,0,0,0,0,0,0,0,0,0,0,0,0,0,Report Heat,-,0,-,-,-,-,-,-,-,0,-,-,-
2286,-,140,150,22.06.29,44,Female,0,-,Holstein,-,0,-,-,21.10.16,0.8,9.9,300,140,Heifer,0,-,-,-,0,0,0,0,0,0,0,0,0,0,0,0,0,0,Report Heat,-,0,-,-,-,-,-,-,-,0,-,-,-
2287,-,140,150,22.06.29,44,Female,0,-,Holstein,-,0,-,-,21.10.16,0.8,9.9,300,140,Heifer,0,-,-,-,0,0,0,0,0,0,0,0,0,0,0,0,0,0,Report Heat,-,0,-,-,-,-,-,-,-,0,-,-,-
2288,-,140,150,22.06.29,44,Female,0,-,Holstein,-,0,-,-,21.10.16,0.8,9.9,300,140,Heifer,0,-,-,-,0,0,0,0,0,0,0,0,0,0,0,0,0,0,Report Heat,-,0,-,-,-,-,-,-,-,0,-,-,-
2289,-,140,150,22.06.01,72,Female,0,-,Holstein,-,0,-,-,21.10.16,0.8,9.9,300,140,Heifer,0,-,-,-,0,0,0,0,0,0,0,0,0,0,0,0,0,0,Report Heat,-,0,-,-,-,-,-,-,-,0,-,-,-
2291,-,140,150,22.06.01,72,Female,0,-,Holstein,-,0,-,-,21.10.18,0.8,9.8,298,140,Heifer,0,-,-,-,0,0,0,0,0,0,0,0,0,0,0,0,0,0,Report Heat,-,0,-,-,-,-,-,-,-,0,-,-,-
2292,-,140,150,22.06.01,72,Female,0,-,Holstein,-,0,-,-,21.10.18,0.8,9.8,298,140,Heifer,0,-,-,-,0,0,0,0,0,0,0,0,0,0,0,0,0,0,Report Heat,-,0,-,-,-,-,-,-,-,0,-,-,-
2293,-,140,150,22.06.01,72,Female,0,-,Holstein,-,0,-,-,21.10.18,0.8,9.8,298,140,Heifer,0,-,-,-,0,0,0,0,0,0,0,0,0,0,0,0,0,0,Report Heat,-,0,-,-,-,-,-,-,-,0,-,-,-
2294,-,140,130,22.02.28,165,Female,0,-,Holstein,-,0,-,-,21.10.18,0.8,9.8,298,140,Heifer,0,-,-,-,0,0,0,0,0,0,0,0,0,0,0,0,0,0,Report Heat,-,0,-,-,-,-,-,-,-,0,-,-,-
2295,-,140,130,22.02.28,165,Female,0,-,Holstein,-,0,-,-,21.10.18,0.8,9.8,298,140,Heifer,0,-,-,-,0,0,0,0,0,0,0,0,0,0,0,0,0,0,Report Heat,-,0,-,-,-,-,-,-,-,0,-,-,-
2296,-,140,130,22.02.28,165,Female,0,-,Holstein,-,0,-,-,21.10.18,0.8,9.8,298,140,Heifer,0,-,-,-,0,0,0,0,0,0,0,0,0,0,0,0,0,0,Report Heat,-,0,-,-,-,-,-,-,-,0,-,-,-
2297,-,140,130,22.02.28,165,Female,0,-,Holstein,-,0,-,-,21.10.18,0.8,9.8,298,140,Heifer,0,-,-,-,0,0,0,0,0,0,0,0,0,0,0,0,0,0,Report Heat,-,0,-,-,-,-,-,-,-,0,-,-,-
2298,-,140,130,22.02.28,165,Female,0,-,Holstein,-,0,-,-,21.10.14,0.8,9.9,302,140,Heifer,0,-,-,-,0,0,0,0,0,0,0,0,0,0,0,0,0,0,Report Heat,-,0,-,-,-,-,-,-,-,0,-,-,-
2299,-,140,130,22.02.28,165,Female,0,-,Holstein,-,0,-,-,21.10.15,0.8,9.9,301,140,Heifer,0,-,-,-,0,0,0,0,0,0,0,0,0,0,0,0,0,0,Report Heat,-,0,-,-,-,-,-,-,-,0,-,-,-
2300,-,140,130,22.02.28,165,Female,0,-,Holstein,-,0,-,-,21.10.19,0.8,9.8,297,140,Heifer,0,-,-,-,0,0,0,0,0,0,0,0,0,0,0,0,0,0,Report Heat,-,0,-,-,-,-,-,-,-,0,-,-,-
2301,-,140,130,22.02.28,165,Female,0,-,Holstein,-,0,-,-,21.10.21,0.8,9.7,295,140,Heifer,0,-,-,-,0,0,0,0,0,0,0,0,0,0,0,0,0,0,Report Heat,-,0,-,-,-,-,-,-,-,0,-,-,-
2302,-,140,130,22.02.28,165,Female,0,-,Holstein,-,0,-,-,21.10.21,0.8,9.7,295,140,Heifer,0,-,-,-,0,0,0,0,0,0,0,0,0,0,0,0,0,0,Report Heat,-,0,-,-,-,-,-,-,-,0,-,-,-
2303,-,140,130,22.02.28,165,Female,0,-,Holstein,-,0,-,-,21.10.21,0.8,9.7,295,140,Heifer,0,-,-,-,0,0,0,0,0,0,0,0,0,0,0,0,0,0,Report Heat,-,0,-,-,-,-,-,-,-,0,-,-,-
2304,-,140,130,22.02.28,165,Female,0,-,Holstein,-,0,-,-,21.10.22,0.8,9.7,294,140,Heifer,0,-,-,-,0,0,0,0,0,0,0,0,0,0,0,0,0,0,Report Heat,-,0,-,-,-,-,-,-,-,0,-,-,-
2305,-,140,130,22.02.28,165,Female,0,-,Holstein,-,0,-,-,21.10.23,0.8,9.6,293,140,Heifer,0,-,-,-,0,0,0,0,0,0,0,0,0,0,0,0,0,0,Report Heat,-,0,-,-,-,-,-,-,-,0,-,-,-
2306,-,140,130,22.02.28,165,Female,0,-,Holstein,-,0,-,-,21.10.23,0.8,9.6,293,140,Heifer,0,-,-,-,0,0,0,0,0,0,0,0,0,0,0,0,0,0,Report Heat,-,0,-,-,-,-,-,-,-,0,-,-,-
2307,-,140,130,22.02.28,165,Female,0,-,Holstein,-,0,-,-,21.10.23,0.8,9.6,293,140,Heifer,0,-,-,-,0,0,0,0,0,0,0,0,0,0,0,0,0,0,Report Heat,-,0,-,-,-,-,-,-,-,0,-,-,-
2308,-,140,130,22.02.28,165,Female,0,-,Holstein,-,0,-,-,21.10.24,0.8,9.6,292,140,Heifer,0,-,-,-,0,0,0,0,0,0,0,0,0,0,0,0,0,0,Report Heat,-,0,-,-,-,-,-,-,-,0,-,-,-
2309,-,140,130,22.02.28,165,Female,0,-,Holstein,-,0,-,-,21.10.24,0.8,9.6,292,140,Heifer,0,-,-,-,0,0,0,0,0,0,0,0,0,0,0,0,0,0,Report Heat,-,0,-,-,-,-,-,-,-,0,-,-,-
2310,-,140,130,22.02.28,165,Female,0,-,Holstein,-,0,-,-,21.10.25,0.8,9.6,291,140,Heifer,0,-,-,-,0,0,0,0,0,0,0,0,0,0,0,0,0,0,Report Heat,-,0,-,-,-,-,-,-,-,0,-,-,-
2311,-,140,130,22.02.28,165,Female,0,-,Holstein,-,0,-,-,21.10.25,0.8,9.6,291,140,Heifer,0,-,-,-,0,0,0,0,0,0,0,0,0,0,0,0,0,0,Report Heat,-,0,-,-,-,-,-,-,-,0,-,-,-
2312,-,140,130,22.02.28,165,Female,0,-,Holstein,-,0,-,-,21.10.25,0.8,9.6,291,140,Heifer,0,-,-,-,0,0,0,0,0,0,0,0,0,0,0,0,0,0,Report Heat,-,0,-,-,-,-,-,-,-,0,-,-,-
2313,-,140,130,22.02.28,165,Female,0,-,Holstein,-,0,-,-,21.10.16,0.8,9.9,300,140,Heifer,0,-,-,-,0,0,0,0,0,0,0,0,0,0,0,0,0,0,Report Heat,-,0,-,-,-,-,-,-,-,0,-,-,-
2314,-,140,130,22.02.28,165,Female,0,-,Holstein,-,0,-,-,21.10.26,0.8,9.5,290,140,Heifer,0,-,-,-,0,0,0,0,0,0,0,0,0,0,0,0,0,0,Report Heat,-,0,-,-,-,-,-,-,-,0,-,-,-
2315,-,140,130,22.02.28,165,Female,0,-,Holstein,-,0,-,-,21.10.26,0.8,9.5,290,140,Heifer,0,-,-,-,0,0,0,0,0,0,0,0,0,0,0,0,0,0,Report Heat,-,0,-,-,-,-,-,-,-,0,-,-,-
2316,-,140,130,22.02.28,165,Female,0,-,Holstein,-,0,-,-,21.10.28,0.8,9.5,288,140,Heifer,0,-,-,-,0,0,0,0,0,0,0,0,0,0,0,0,0,0,Report Heat,-,0,-,-,-,-,-,-,-,0,-,-,-
2317,-,140,130,22.02.28,165,Female,0,-,Holstein,-,0,-,-,21.10.28,0.8,9.5,288,140,Heifer,0,-,-,-,0,0,0,0,0,0,0,0,0,0,0,0,0,0,Report Heat,-,0,-,-,-,-,-,-,-,0,-,-,-
2318,-,140,130,22.02.28,165,Female,0,-,Holstein,-,0,-,-,21.10.28,0.8,9.5,288,140,Heifer,0,-,-,-,0,0,0,0,0,0,0,0,0,0,0,0,0,0,Report Heat,-,0,-,-,-,-,-,-,-,0,-,-,-
2319,-,140,130,22.02.28,165,Female,0,-,Holstein,-,0,-,-,21.10.28,0.8,9.5,288,140,Heifer,0,-,-,-,0,0,0,0,0,0,0,0,0,0,0,0,0,0,Report Heat,-,0,-,-,-,-,-,-,-,0,-,-,-
2320,-,140,130,22.02.28,165,Female,0,-,Holstein,-,0,-,-,21.10.21,0.8,9.7,295,140,Heifer,0,-,-,-,0,0,0,0,0,0,0,0,0,0,0,0,0,0,Report Heat,-,0,-,-,-,-,-,-,-,0,-,-,-
2321,-,140,130,22.02.28,165,Female,0,-,Holstein,-,0,-,-,21.10.28,0.8,9.5,288,140,Heifer,0,-,-,-,0,0,0,0,0,0,0,0,0,0,0,0,0,0,Report Heat,-,0,-,-,-,-,-,-,-,0,-,-,-
2322,-,140,130,22.02.28,165,Female,0,-,Holstein,-,0,-,-,21.10.30,0.8,9.4,286,140,Heifer,0,-,-,-,0,0,0,0,0,0,0,0,0,0,0,0,0,0,Report Heat,-,0,-,-,-,-,-,-,-,0,-,-,-
2323,-,140,130,22.02.28,165,Female,0,-,Holstein,-,0,-,-,21.10.30,0.8,9.4,286,140,Heifer,0,-,-,-,0,0,0,0,0,0,0,0,0,0,0,0,0,0,Report Heat,-,0,-,-,-,-,-,-,-,0,-,-,-
2324,-,140,130,22.02.28,165,Female,0,-,Holstein,-,0,-,-,21.10.31,0.8,9.4,285,140,Heifer,0,-,-,-,0,0,0,0,0,0,0,0,0,0,0,0,0,0,Report Heat,-,0,-,-,-,-,-,-,-,0,-,-,-
2325,-,140,130,22.02.28,165,Female,0,-,Holstein,-,0,-,-,21.11.01,0.8,9.3,284,140,Heifer,0,-,-,-,0,0,0,0,0,0,0,0,0,0,0,0,0,0,Report Heat,-,0,-,-,-,-,-,-,-,0,-,-,-
2326,-,140,130,22.02.28,165,Female,0,-,Holstein,-,0,-,-,21.11.01,0.8,9.3,284,140,Heifer,0,-,-,-,0,0,0,0,0,0,0,0,0,0,0,0,0,0,Report Heat,-,0,-,-,-,-,-,-,-,0,-,-,-
2327,-,140,130,22.02.28,165,Female,0,-,Holstein,-,0,-,-,21.11.01,0.8,9.3,284,140,Heifer,0,-,-,-,0,0,0,0,0,0,0,0,0,0,0,0,0,0,Report Heat,-,0,-,-,-,-,-,-,-,0,-,-,-
2328,-,140,130,22.02.28,165,Female,0,-,Holstein,-,0,-,-,21.11.01,0.8,9.3,284,140,Heifer,0,-,-,-,0,0,0,0,0,0,0,0,0,0,0,0,0,0,Report Heat,-,0,-,-,-,-,-,-,-,0,-,-,-
2329,-,140,130,22.02.28,165,Female,0,-,Holstein,-,0,-,-,21.11.01,0.8,9.3,284,140,Heifer,0,-,-,-,0,0,0,0,0,0,0,0,0,0,0,0,0,0,Report Heat,-,0,-,-,-,-,-,-,-,0,-,-,-
2330,-,140,130,22.03.30,135,Female,0,-,Holstein,-,0,-,-,21.11.04,0.8,9.2,281,140,Heifer,0,-,-,-,0,0,0,0,0,0,0,0,0,0,0,0,0,0,Report Heat,-,0,-,-,-,-,-,-,-,0,-,-,-
2331,-,140,130,22.05.07,97,Female,0,-,Holstein,-,0,-,-,21.11.04,0.8,9.2,281,140,Heifer,0,-,-,-,0,0,0,0,0,0,0,0,0,0,0,0,0,0,Report Heat,-,0,-,-,-,-,-,-,-,0,-,-,-
2332,-,140,130,22.05.07,97,Female,0,-,Holstein,-,0,-,-,21.11.04,0.8,9.2,281,140,Heifer,0,-,-,-,0,0,0,0,0,0,0,0,0,0,0,0,0,0,Report Heat,-,0,-,-,-,-,-,-,-,0,-,-,-
2333,-,140,130,22.05.07,97,Female,0,-,Holstein,-,0,-,-,21.11.04,0.8,9.2,281,140,Heifer,0,-,-,-,0,0,0,0,0,0,0,0,0,0,0,0,0,0,Report Heat,-,0,-,-,-,-,-,-,-,0,-,-,-
2334,-,140,130,22.05.07,97,Female,0,-,Holstein,-,0,-,-,21.11.04,0.8,9.2,281,140,Heifer,0,-,-,-,0,0,0,0,0,0,0,0,0,0,0,0,0,0,Report Heat,-,0,-,-,-,-,-,-,-,0,-,-,-
2335,-,140,130,22.05.07,97,Female,0,-,Holstein,-,0,-,-,21.11.04,0.8,9.2,281,140,Heifer,0,-,-,-,0,0,0,0,0,0,0,0,0,0,0,0,0,0,Report Heat,-,0,-,-,-,-,-,-,-,0,-,-,-
2336,-,140,130,22.05.07,97,Female,0,-,Holstein,-,0,-,-,21.11.04,0.8,9.2,281,140,Heifer,0,-,-,-,0,0,0,0,0,0,0,0,0,0,0,0,0,0,Report Heat,-,0,-,-,-,-,-,-,-,0,-,-,-
2337,-,140,130,22.05.07,97,Female,0,-,Holstein,-,0,-,-,21.11.05,0.8,9.2,280,140,Heifer,0,-,-,-,0,0,0,0,0,0,0,0,0,0,0,0,0,0,Report Heat,-,0,-,-,-,-,-,-,-,0,-,-,-
2338,-,140,130,22.05.07,97,Female,0,-,Holstein,-,0,-,-,21.11.06,0.8,9.2,279,140,Heifer,0,-,-,-,0,0,0,0,0,0,0,0,0,0,0,0,0,0,Report Heat,-,0,-,-,-,-,-,-,-,0,-,-,-
2339,-,140,130,22.05.07,97,Female,0,-,Holstein,-,0,-,-,21.11.07,0.8,9.1,278,140,Heifer,0,-,-,-,0,0,0,0,0,0,0,0,0,0,0,0,0,0,Report Heat,-,0,-,-,-,-,-,-,-,0,-,-,-
2340,-,140,130,22.05.07,97,Female,0,-,Holstein,-,0,-,-,21.11.07,0.8,9.1,278,140,Heifer,0,-,-,-,0,0,0,0,0,0,0,0,0,0,0,0,0,0,Report Heat,-,0,-,-,-,-,-,-,-,0,-,-,-
2341,-,140,130,22.03.30,135,Female,0,-,Holstein,-,0,-,-,21.11.07,0.8,9.1,278,140,Heifer,0,-,-,-,0,0,0,0,0,0,0,0,0,0,0,0,0,0,Report Heat,-,0,-,-,-,-,-,-,-,0,-,-,-
2342,-,140,130,22.03.30,135,Female,0,-,Holstein,-,0,-,-,21.11.07,0.8,9.1,278,140,Heifer,0,-,-,-,0,0,0,0,0,0,0,0,0,0,0,0,0,0,Report Heat,-,0,-,-,-,-,-,-,-,0,-,-,-
2343,-,140,130,22.05.07,97,Female,0,-,Holstein,-,0,-,-,21.11.08,0.8,9.1,277,140,Heifer,0,-,-,-,0,0,0,0,0,0,0,0,0,0,0,0,0,0,Report Heat,-,0,-,-,-,-,-,-,-,0,-,-,-
2344,-,140,130,22.03.30,135,Female,0,-,Holstein,-,0,-,-,21.11.08,0.8,9.1,277,140,Heifer,0,-,-,-,0,0,0,0,0,0,0,0,0,0,0,0,0,0,Report Heat,-,0,-,-,-,-,-,-,-,0,-,-,-
2345,-,140,130,22.03.30,135,Female,0,-,Holstein,-,0,-,-,21.11.08,0.8,9.1,277,140,Heifer,0,-,-,-,0,0,0,0,0,0,0,0,0,0,0,0,0,0,Report Heat,-,0,-,-,-,-,-,-,-,0,-,-,-
2346,-,140,130,22.03.30,135,Female,0,-,Holstein,-,0,-,-,21.11.09,0.8,9.1,276,140,Heifer,0,-,-,-,0,0,0,0,0,0,0,0,0,0,0,0,0,0,Report Heat,-,0,-,-,-,-,-,-,-,0,-,-,-
2347,-,140,130,22.03.30,135,Female,0,-,Holstein,-,0,-,-,21.11.11,0.8,9,274,140,Heifer,0,-,-,-,0,0,0,0,0,0,0,0,0,0,0,0,0,0,Report Heat,-,0,-,-,-,-,-,-,-,0,-,-,-
2348,-,140,130,22.03.30,135,Female,0,-,Holstein,-,0,-,-,21.11.11,0.8,9,274,140,Heifer,0,-,-,-,0,0,0,0,0,0,0,0,0,0,0,0,0,0,Report Heat,-,0,-,-,-,-,-,-,-,0,-,-,-
2349,-,140,130,22.03.30,135,Female,0,-,Holstein,-,0,-,-,21.11.11,0.8,9,274,140,Heifer,0,-,-,-,0,0,0,0,0,0,0,0,0,0,0,0,0,0,Report Heat,-,0,-,-,-,-,-,-,-,0,-,-,-
2350,-,140,130,22.03.30,135,Female,0,-,Holstein,-,0,-,-,21.11.10,0.8,9,275,140,Heifer,0,-,-,-,0,0,0,0,0,0,0,0,0,0,0,0,0,0,Report Heat,-,0,-,-,-,-,-,-,-,0,-,-,-
2351,-,140,130,22.03.30,135,Female,0,-,Holstein,-,0,-,-,21.11.12,0.7,9,273,140,Heifer,0,-,-,-,0,0,0,0,0,0,0,0,0,0,0,0,0,0,Report Heat,-,0,-,-,-,-,-,-,-,0,-,-,-
2352,-,140,130,22.03.30,135,Female,0,-,Holstein,-,0,-,-,21.11.13,0.7,8.9,272,140,Heifer,0,-,-,-,0,0,0,0,0,0,0,0,0,0,0,0,0,0,Report Heat,-,0,-,-,-,-,-,-,-,0,-,-,-
2353,-,140,130,22.05.07,97,Female,0,-,Holstein,-,0,-,-,21.11.13,0.7,8.9,272,140,Heifer,0,-,-,-,0,0,0,0,0,0,0,0,0,0,0,0,0,0,Report Heat,-,0,-,-,-,-,-,-,-,0,-,-,-
2354,-,199,190,22.03.01,164,Female,0,-,Holstein,-,0,-,Yes,21.11.13,0.7,8.9,272,199,"Cull, Not Pregnant",0,-,-,-,0,0,0,0,0,0,0,0,0,0,0,0,0,0,Report Heat,-,0,-,-,-,-,-,-,-,0,-,-,-
2355,-,140,130,22.05.07,97,Female,0,-,Holstein,-,0,-,-,21.11.14,0.7,8.9,271,140,Heifer,0,-,-,-,0,0,0,0,0,0,0,0,0,0,0,0,0,0,Report Heat,-,0,-,-,-,-,-,-,-,0,-,-,-
2356,-,140,130,22.05.07,97,Female,0,-,Holstein,-,0,-,-,21.11.14,0.7,8.9,271,140,Heifer,0,-,-,-,0,0,0,0,0,0,0,0,0,0,0,0,0,0,Report Heat,-,0,-,-,-,-,-,-,-,0,-,-,-
2357,-,140,130,22.05.07,97,Female,0,-,Holstein,-,0,-,-,21.11.16,0.7,8.8,269,140,Heifer,0,-,-,-,0,0,0,0,0,0,0,0,0,0,0,0,0,0,Report Heat,-,0,-,-,-,-,-,-,-,0,-,-,-
2358,-,140,130,22.05.07,97,Female,0,-,Holstein,-,0,-,-,21.11.16,0.7,8.8,269,140,Heifer,0,-,-,-,0,0,0,0,0,0,0,0,0,0,0,0,0,0,Report Heat,-,0,-,-,-,-,-,-,-,0,-,-,-
2359,-,140,130,22.05.07,97,Female,0,-,Holstein,-,0,-,-,21.11.17,0.7,8.8,268,140,Heifer,0,-,-,-,0,0,0,0,0,0,0,0,0,0,0,0,0,0,Report Heat,-,0,-,-,-,-,-,-,-,0,-,-,-
2360,-,140,130,22.05.07,97,Female,0,-,Holstein,-,0,-,-,21.11.14,0.7,8.9,271,140,Heifer,0,-,-,-,0,0,0,0,0,0,0,0,0,0,0,0,0,0,Report Heat,-,0,-,-,-,-,-,-,-,0,-,-,-
2361,-,140,130,22.05.07,97,Female,0,-,Holstein,-,0,-,-,21.11.17,0.7,8.8,268,140,Heifer,0,-,-,-,0,0,0,0,0,0,0,0,0,0,0,0,0,0,Report Heat,-,0,-,-,-,-,-,-,-,0,-,-,-
2362,-,140,130,22.05.07,97,Female,0,-,Holstein,-,0,-,-,21.11.17,0.7,8.8,268,140,Heifer,0,-,-,-,0,0,0,0,0,0,0,0,0,0,0,0,0,0,Report Heat,-,0,-,-,-,-,-,-,-,0,-,-,-
2363,-,140,130,22.05.07,97,Female,0,-,Holstein,-,0,-,-,21.11.17,0.7,8.8,268,140,Heifer,0,-,-,-,0,0,0,0,0,0,0,0,0,0,0,0,0,0,Report Heat,-,0,-,-,-,-,-,-,-,0,-,-,-
2364,-,199,190,22.03.31,134,Female,0,-,Holstein,-,0,-,Yes,21.11.17,0.7,8.8,268,199,"Cull, Not Pregnant",0,-,-,-,0,0,0,0,0,0,0,0,0,0,0,0,0,0,Report Heat,-,0,-,-,-,-,-,-,-,0,-,-,-
2365,-,199,190,22.02.01,192,Female,0,-,Holstein,-,0,-,Yes,21.11.17,0.7,8.8,268,199,"Cull, Not Pregnant",0,-,-,-,0,0,0,0,0,0,0,0,0,0,0,0,0,0,Report Heat,-,0,-,-,-,-,-,-,-,0,-,-,-
2366,-,140,130,22.05.07,97,Female,0,-,Holstein,-,0,-,-,21.11.20,0.7,8.7,265,140,Heifer,0,-,-,-,0,0,0,0,0,0,0,0,0,0,0,0,0,0,Report Heat,-,0,-,-,-,-,-,-,-,0,-,-,-
2367,-,140,130,22.05.07,97,Female,0,-,Holstein,-,0,-,-,21.11.20,0.7,8.7,265,140,Heifer,0,-,-,-,0,0,0,0,0,0,0,0,0,0,0,0,0,0,Report Heat,-,0,-,-,-,-,-,-,-,0,-,-,-
2368,-,140,130,22.05.07,97,Female,0,-,Holstein,-,0,-,-,21.11.20,0.7,8.7,265,140,Heifer,0,-,-,-,0,0,0,0,0,0,0,0,0,0,0,0,0,0,Report Heat,-,0,-,-,-,-,-,-,-,0,-,-,-
2369,-,140,130,22.05.07,97,Female,0,-,Holstein,-,0,-,-,21.11.20,0.7,8.7,265,140,Heifer,0,-,-,-,0,0,0,0,0,0,0,0,0,0,0,0,0,0,Report Heat,-,0,-,-,-,-,-,-,-,0,-,-,-
2370,-,140,130,22.05.07,97,Female,0,-,Holstein,-,0,-,-,21.11.20,0.7,8.7,265,140,Heifer,0,-,-,-,0,0,0,0,0,0,0,0,0,0,0,0,0,0,Report Heat,-,0,-,-,-,-,-,-,-,0,-,-,-
2371,-,140,130,22.05.07,97,Female,0,-,Holstein,-,0,-,-,21.11.20,0.7,8.7,265,140,Heifer,0,-,-,-,0,0,0,0,0,0,0,0,0,0,0,0,0,0,Report Heat,-,0,-,-,-,-,-,-,-,0,-,-,-
2372,-,140,130,22.05.07,97,Female,0,-,Holstein,-,0,-,-,21.11.22,0.7,8.6,263,140,Heifer,0,-,-,-,0,0,0,0,0,0,0,0,0,0,0,0,0,0,Report Heat,-,0,-,-,-,-,-,-,-,0,-,-,-
2373,-,140,130,22.05.07,97,Female,0,-,Holstein,-,0,-,-,21.11.22,0.7,8.6,263,140,Heifer,0,-,-,-,0,0,0,0,0,0,0,0,0,0,0,0,0,0,Report Heat,-,0,-,-,-,-,-,-,-,0,-,-,-
2374,-,140,130,22.05.07,97,Female,0,-,Holstein,-,0,-,-,21.11.06,0.8,9.2,279,140,Heifer,0,-,-,-,0,0,0,0,0,0,0,0,0,0,0,0,0,0,Report Heat,-,0,-,-,-,-,-,-,-,0,-,-,-
2375,-,140,130,22.05.07,97,Female,0,-,Holstein,-,0,-,-,21.11.24,0.7,8.6,261,140,Heifer,0,-,-,-,0,0,0,0,0,0,0,0,0,0,0,0,0,0,Report Heat,-,0,-,-,-,-,-,-,-,0,-,-,-
2376,-,140,130,22.05.07,97,Female,0,-,Holstein,-,0,-,-,21.11.24,0.7,8.6,261,140,Heifer,0,-,-,-,0,0,0,0,0,0,0,0,0,0,0,0,0,0,Report Heat,-,0,-,-,-,-,-,-,-,0,-,-,-
2377,-,140,130,22.05.07,97,Female,0,-,Holstein,-,0,-,-,21.11.25,0.7,8.5,260,140,Heifer,0,-,-,-,0,0,0,0,0,0,0,0,0,0,0,0,0,0,Report Heat,-,0,-,-,-,-,-,-,-,0,-,-,-
2378,-,140,130,22.05.07,97,Female,0,-,Holstein,-,0,-,-,21.11.27,0.7,8.5,258,140,Heifer,0,-,-,-,0,0,0,0,0,0,0,0,0,0,0,0,0,0,Report Heat,-,0,-,-,-,-,-,-,-,0,-,-,-
2379,-,140,130,22.05.07,97,Female,0,-,Holstein,-,0,-,-,21.11.27,0.7,8.5,258,140,Heifer,0,-,-,-,0,0,0,0,0,0,0,0,0,0,0,0,0,0,Report Heat,-,0,-,-,-,-,-,-,-,0,-,-,-
2380,-,140,130,22.03.30,135,Female,0,-,Holstein,-,0,-,-,21.11.28,0.7,8.4,257,140,Heifer,0,-,-,-,0,0,0,0,0,0,0,0,0,0,0,0,0,0,Report Heat,-,0,-,-,-,-,-,-,-,0,-,-,-
2381,-,199,190,22.03.31,134,Female,0,-,Holstein,-,0,-,Yes,21.11.28,0.7,8.4,257,199,"Cull, Not Pregnant",0,-,-,-,0,0,0,0,0,0,0,0,0,0,0,0,0,0,Report Heat,-,0,-,-,-,-,-,-,-,0,-,-,-
2382,-,140,130,22.05.07,97,Female,0,-,Holstein,-,0,-,-,21.11.28,0.7,8.4,257,140,Heifer,0,-,-,-,0,0,0,0,0,0,0,0,0,0,0,0,0,0,Report Heat,-,0,-,-,-,-,-,-,-,0,-,-,-
2383,-,140,130,22.03.30,135,Female,0,-,Holstein,-,0,-,-,21.11.29,0.7,8.4,256,140,Heifer,0,-,-,-,0,0,0,0,0,0,0,0,0,0,0,0,0,0,Report Heat,-,0,-,-,-,-,-,-,-,0,-,-,-
2384,-,140,130,22.03.30,135,Female,0,-,Holstein,-,0,-,-,21.11.29,0.7,8.4,256,140,Heifer,0,-,-,-,0,0,0,0,0,0,0,0,0,0,0,0,0,0,Report Heat,-,0,-,-,-,-,-,-,-,0,-,-,-
2385,-,140,130,22.03.30,135,Female,0,-,Holstein,-,0,-,-,21.11.29,0.7,8.4,256,140,Heifer,0,-,-,-,0,0,0,0,0,0,0,0,0,0,0,0,0,0,Report Heat,-,0,-,-,-,-,-,-,-,0,-,-,-
2386,-,140,130,22.03.30,135,Female,0,-,Holstein,-,0,-,-,21.11.29,0.7,8.4,256,140,Heifer,0,-,-,-,0,0,0,0,0,0,0,0,0,0,0,0,0,0,Report Heat,-,0,-,-,-,-,-,-,-,0,-,-,-
2387,-,140,130,22.03.30,135,Female,0,-,Holstein,-,0,-,-,21.11.27,0.7,8.5,258,140,Heifer,0,-,-,-,0,0,0,0,0,0,0,0,0,0,0,0,0,0,Report Heat,-,0,-,-,-,-,-,-,-,0,-,-,-
2388,-,140,130,22.03.30,135,Female,0,-,Holstein,-,0,-,-,21.11.29,0.7,8.4,256,140,Heifer,0,-,-,-,0,0,0,0,0,0,0,0,0,0,0,0,0,0,Report Heat,-,0,-,-,-,-,-,-,-,0,-,-,-
2389,-,140,130,22.03.30,135,Female,0,-,Holstein,-,0,-,-,21.12.01,0.7,8.3,254,140,Heifer,0,-,-,-,0,0,0,0,0,0,0,0,0,0,0,0,0,0,Report Heat,-,0,-,-,-,-,-,-,-,0,-,-,-
2390,-,140,130,22.03.30,135,Female,0,-,Holstein,-,0,-,-,21.12.01,0.7,8.3,254,140,Heifer,0,-,-,-,0,0,0,0,0,0,0,0,0,0,0,0,0,0,Report Heat,-,0,-,-,-,-,-,-,-,0,-,-,-
2391,-,140,130,22.03.30,135,Female,0,-,Holstein,-,0,-,-,21.12.01,0.7,8.3,254,140,Heifer,0,-,-,-,0,0,0,0,0,0,0,0,0,0,0,0,0,0,Report Heat,-,0,-,-,-,-,-,-,-,0,-,-,-
2392,-,140,130,22.03.30,135,Female,0,-,Holstein,-,0,-,-,21.12.01,0.7,8.3,254,140,Heifer,0,-,-,-,0,0,0,0,0,0,0,0,0,0,0,0,0,0,Report Heat,-,0,-,-,-,-,-,-,-,0,-,-,-
2393,-,140,130,22.03.30,135,Female,0,-,Holstein,-,0,-,-,21.12.01,0.7,8.3,254,140,Heifer,0,-,-,-,0,0,0,0,0,0,0,0,0,0,0,0,0,0,Report Heat,-,0,-,-,-,-,-,-,-,0,-,-,-
2394,-,140,130,22.03.30,135,Female,0,-,Holstein,-,0,-,-,21.12.02,0.7,8.3,253,140,Heifer,0,-,-,-,0,0,0,0,0,0,0,0,0,0,0,0,0,0,Report Heat,-,0,-,-,-,-,-,-,-,0,-,-,-
2395,-,140,130,22.03.30,135,Female,0,-,Holstein,-,0,-,-,21.12.02,0.7,8.3,253,140,Heifer,0,-,-,-,0,0,0,0,0,0,0,0,0,0,0,0,0,0,Report Heat,-,0,-,-,-,-,-,-,-,0,-,-,-
2396,-,140,130,22.03.30,135,Female,0,-,Holstein,-,0,-,-,21.12.02,0.7,8.3,253,140,Heifer,0,-,-,-,0,0,0,0,0,0,0,0,0,0,0,0,0,0,Report Heat,-,0,-,-,-,-,-,-,-,0,-,-,-
2397,-,140,130,22.03.30,135,Female,0,-,Holstein,-,0,-,-,21.12.04,0.7,8.2,251,140,Heifer,0,-,-,-,0,0,0,0,0,0,0,0,0,0,0,0,0,0,Report Heat,-,0,-,-,-,-,-,-,-,0,-,-,-
2398,-,140,130,22.03.30,135,Female,0,-,Holstein,-,0,-,-,21.12.04,0.7,8.2,251,140,Heifer,0,-,-,-,0,0,0,0,0,0,0,0,0,0,0,0,0,0,Report Heat,-,0,-,-,-,-,-,-,-,0,-,-,-
2399,-,140,130,22.03.30,135,Female,0,-,Holstein,-,0,-,-,21.12.04,0.7,8.2,251,140,Heifer,0,-,-,-,0,0,0,0,0,0,0,0,0,0,0,0,0,0,Report Heat,-,0,-,-,-,-,-,-,-,0,-,-,-
2400,-,199,190,22.03.31,134,Female,0,-,Holstein,-,0,-,Yes,21.12.04,0.7,8.2,251,199,"Cull, Not Pregnant",0,-,-,-,0,0,0,0,0,0,0,0,0,0,0,0,0,0,Report Heat,-,0,-,-,-,-,-,-,-,0,-,-,-
2401,-,140,130,22.03.30,135,Female,0,-,Holstein,-,0,-,-,21.12.04,0.7,8.2,251,140,Heifer,0,-,-,-,0,0,0,0,0,0,0,0,0,0,0,0,0,0,Report Heat,-,0,-,-,-,-,-,-,-,0,-,-,-
2402,-,199,190,22.03.01,164,Female,0,-,Holstein,-,0,-,Yes,21.12.05,0.7,8.2,250,199,"Cull, Not Pregnant",0,-,-,-,0,0,0,0,0,0,0,0,0,0,0,0,0,0,Report Heat,-,0,-,-,-,-,-,-,-,0,-,-,-
2403,-,199,190,22.03.31,134,Female,0,-,Holstein,-,0,-,Yes,21.12.07,0.7,8.1,248,199,"Cull, Not Pregnant",0,-,-,-,0,0,0,0,0,0,0,0,0,0,0,0,0,0,Report Heat,-,0,-,-,-,-,-,-,-,0,-,-,-
2404,-,140,130,22.03.30,135,Female,0,-,Holstein,-,0,-,-,21.12.07,0.7,8.1,248,140,Heifer,0,-,-,-,0,0,0,0,0,0,0,0,0,0,0,0,0,0,Report Heat,-,0,-,-,-,-,-,-,-,0,-,-,-
2405,-,140,130,22.03.30,135,Female,0,-,Holstein,-,0,-,-,21.12.07,0.7,8.1,248,140,Heifer,0,-,-,-,0,0,0,0,0,0,0,0,0,0,0,0,0,0,Report Heat,-,0,-,-,-,-,-,-,-,0,-,-,-
2406,-,140,130,22.03.30,135,Female,0,-,Holstein,-,0,-,-,21.12.08,0.7,8.1,247,140,Heifer,0,-,-,-,0,0,0,0,0,0,0,0,0,0,0,0,0,0,Report Heat,-,0,-,-,-,-,-,-,-,0,-,-,-
2407,-,140,130,22.03.30,135,Female,0,-,Holstein,-,0,-,-,21.12.08,0.7,8.1,247,140,Heifer,0,-,-,-,0,0,0,0,0,0,0,0,0,0,0,0,0,0,Report Heat,-,0,-,-,-,-,-,-,-,0,-,-,-
2409,-,140,130,22.03.30,135,Female,0,-,Holstein,-,0,-,-,21.12.09,0.7,8.1,246,140,Heifer,0,-,-,-,0,0,0,0,0,0,0,0,0,0,0,0,0,0,Report Heat,-,0,-,-,-,-,-,-,-,0,-,-,-
2410,-,140,130,22.03.30,135,Female,0,-,Holstein,-,0,-,-,21.12.11,0.7,8,244,140,Heifer,0,-,-,-,0,0,0,0,0,0,0,0,0,0,0,0,0,0,Report Heat,-,0,-,-,-,-,-,-,-,0,-,-,-
2411,-,140,130,22.03.30,135,Female,0,-,Holstein,-,0,-,-,21.12.12,0.7,8,243,140,Heifer,0,-,-,-,0,0,0,0,0,0,0,0,0,0,0,0,0,0,Report Heat,-,0,-,-,-,-,-,-,-,0,-,-,-
2412,-,140,130,22.03.30,135,Female,0,-,Holstein,-,0,-,-,21.12.12,0.7,8,243,140,Heifer,0,-,-,-,0,0,0,0,0,0,0,0,0,0,0,0,0,0,Report Heat,-,0,-,-,-,-,-,-,-,0,-,-,-
2413,-,140,130,22.03.30,135,Female,0,-,Holstein,-,0,-,-,21.12.13,0.7,8,242,140,Heifer,0,-,-,-,0,0,0,0,0,0,0,0,0,0,0,0,0,0,Report Heat,-,0,-,-,-,-,-,-,-,0,-,-,-
2414,-,140,130,22.03.30,135,Female,0,-,Holstein,-,0,-,-,21.12.13,0.7,8,242,140,Heifer,0,-,-,-,0,0,0,0,0,0,0,0,0,0,0,0,0,0,Report Heat,-,0,-,-,-,-,-,-,-,0,-,-,-
2415,-,140,130,22.03.30,135,Female,0,-,Holstein,-,0,-,-,21.12.13,0.7,8,242,140,Heifer,0,-,-,-,0,0,0,0,0,0,0,0,0,0,0,0,0,0,Report Heat,-,0,-,-,-,-,-,-,-,0,-,-,-
2416,-,140,130,22.03.30,135,Female,0,-,Holstein,-,0,-,-,21.12.13,0.7,8,242,140,Heifer,0,-,-,-,0,0,0,0,0,0,0,0,0,0,0,0,0,0,Report Heat,-,0,-,-,-,-,-,-,-,0,-,-,-
2417,-,140,130,22.03.30,135,Female,0,-,Holstein,-,0,-,-,21.12.14,0.7,7.9,241,140,Heifer,0,-,-,-,0,0,0,0,0,0,0,0,0,0,0,0,0,0,Report Heat,-,0,-,-,-,-,-,-,-,0,-,-,-
2418,-,140,130,22.03.30,135,Female,0,-,Holstein,-,0,-,-,21.12.14,0.7,7.9,241,140,Heifer,0,-,-,-,0,0,0,0,0,0,0,0,0,0,0,0,0,0,Report Heat,-,0,-,-,-,-,-,-,-,0,-,-,-
2419,-,140,130,22.03.30,135,Female,0,-,Holstein,-,0,-,-,21.12.15,0.7,7.9,240,140,Heifer,0,-,-,-,0,0,0,0,0,0,0,0,0,0,0,0,0,0,Report Heat,-,0,-,-,-,-,-,-,-,0,-,-,-
2420,-,140,130,22.03.30,135,Female,0,-,Holstein,-,0,-,-,21.12.16,0.7,7.9,239,140,Heifer,0,-,-,-,0,0,0,0,0,0,0,0,0,0,0,0,0,0,Report Heat,-,0,-,-,-,-,-,-,-,0,-,-,-
2421,-,140,130,22.03.30,135,Female,0,-,Holstein,-,0,-,-,21.12.16,0.7,7.9,239,140,Heifer,0,-,-,-,0,0,0,0,0,0,0,0,0,0,0,0,0,0,Report Heat,-,0,-,-,-,-,-,-,-,0,-,-,-
2422,-,140,130,22.03.30,135,Female,0,-,Holstein,-,0,-,-,21.12.16,0.7,7.9,239,140,Heifer,0,-,-,-,0,0,0,0,0,0,0,0,0,0,0,0,0,0,Report Heat,-,0,-,-,-,-,-,-,-,0,-,-,-
2423,-,140,130,22.03.30,135,Female,0,-,Holstein,-,0,-,-,21.12.16,0.7,7.9,239,140,Heifer,0,-,-,-,0,0,0,0,0,0,0,0,0,0,0,0,0,0,Report Heat,-,0,-,-,-,-,-,-,-,0,-,-,-
2424,-,140,130,22.03.30,135,Female,0,-,Holstein,-,0,-,-,21.12.18,0.6,7.8,237,140,Heifer,0,-,-,-,0,0,0,0,0,0,0,0,0,0,0,0,0,0,Report Heat,-,0,-,-,-,-,-,-,-,0,-,-,-
2425,-,140,130,22.03.30,135,Female,0,-,Holstein,-,0,-,-,21.12.18,0.6,7.8,237,140,Heifer,0,-,-,-,0,0,0,0,0,0,0,0,0,0,0,0,0,0,Report Heat,-,0,-,-,-,-,-,-,-,0,-,-,-
2426,-,140,130,22.03.30,135,Female,0,-,Holstein,-,0,-,-,21.12.19,0.6,7.8,236,140,Heifer,0,-,-,-,0,0,0,0,0,0,0,0,0,0,0,0,0,0,Report Heat,-,0,-,-,-,-,-,-,-,0,-,-,-
2427,-,140,130,22.03.30,135,Female,0,-,Holstein,-,0,-,-,21.12.19,0.6,7.8,236,140,Heifer,0,-,-,-,0,0,0,0,0,0,0,0,0,0,0,0,0,0,Report Heat,-,0,-,-,-,-,-,-,-,0,-,-,-
2428,-,140,130,22.03.30,135,Female,0,-,Holstein,-,0,-,-,21.12.19,0.6,7.8,236,140,Heifer,0,-,-,-,0,0,0,0,0,0,0,0,0,0,0,0,0,0,Report Heat,-,0,-,-,-,-,-,-,-,0,-,-,-
2429,-,140,130,22.03.30,135,Female,0,-,Holstein,-,0,-,-,21.12.19,0.6,7.8,236,140,Heifer,0,-,-,-,0,0,0,0,0,0,0,0,0,0,0,0,0,0,Report Heat,-,0,-,-,-,-,-,-,-,0,-,-,-
2430,-,199,190,22.06.04,69,Female,0,-,Holstein,-,0,-,Yes,21.12.19,0.6,7.8,236,199,"Cull, Not Pregnant",0,-,-,-,0,0,0,0,0,0,0,0,0,0,0,0,0,0,Report Heat,-,0,-,-,-,-,-,-,-,0,-,-,-
2431,-,140,130,22.03.30,135,Female,0,-,Holstein,-,0,-,-,21.12.20,0.6,7.7,235,140,Heifer,0,-,-,-,0,0,0,0,0,0,0,0,0,0,0,0,0,0,Report Heat,-,0,-,-,-,-,-,-,-,0,-,-,-
2432,-,140,130,22.03.30,135,Female,0,-,Holstein,-,0,-,-,21.12.20,0.6,7.7,235,140,Heifer,0,-,-,-,0,0,0,0,0,0,0,0,0,0,0,0,0,0,Report Heat,-,0,-,-,-,-,-,-,-,0,-,-,-
2433,-,140,130,22.05.07,97,Female,0,-,Holstein,-,0,-,-,21.12.21,0.6,7.7,234,140,Heifer,0,-,-,-,0,0,0,0,0,0,0,0,0,0,0,0,0,0,Report Heat,-,0,-,-,-,-,-,-,-,0,-,-,-
2434,-,140,130,22.03.30,135,Female,0,-,Holstein,-,0,-,-,21.12.21,0.6,7.7,234,140,Heifer,0,-,-,-,0,0,0,0,0,0,0,0,0,0,0,0,0,0,Report Heat,-,0,-,-,-,-,-,-,-,0,-,-,-
2435,-,199,190,22.05.01,103,Female,0,-,Holstein,-,0,-,Yes,21.12.22,0.6,7.7,233,199,"Cull, Not Pregnant",0,-,-,-,0,0,0,0,0,0,0,0,0,0,0,0,0,0,Report Heat,-,0,-,-,-,-,-,-,-,0,-,-,-
2436,-,140,130,22.05.07,97,Female,0,-,Holstein,-,0,-,-,21.12.22,0.6,7.7,233,140,Heifer,0,-,-,-,0,0,0,0,0,0,0,0,0,0,0,0,0,0,Report Heat,-,0,-,-,-,-,-,-,-,0,-,-,-
2437,-,140,130,22.05.07,97,Female,0,-,Holstein,-,0,-,-,21.12.23,0.6,7.6,232,140,Heifer,0,-,-,-,0,0,0,0,0,0,0,0,0,0,0,0,0,0,Report Heat,-,0,-,-,-,-,-,-,-,0,-,-,-
2438,-,140,130,22.05.07,97,Female,0,-,Holstein,-,0,-,-,21.12.23,0.6,7.6,232,140,Heifer,0,-,-,-,0,0,0,0,0,0,0,0,0,0,0,0,0,0,Report Heat,-,0,-,-,-,-,-,-,-,0,-,-,-
2439,-,140,130,22.05.07,97,Female,0,-,Holstein,-,0,-,-,21.12.23,0.6,7.6,232,140,Heifer,0,-,-,-,0,0,0,0,0,0,0,0,0,0,0,0,0,0,Report Heat,-,0,-,-,-,-,-,-,-,0,-,-,-
2440,-,140,130,22.05.07,97,Female,0,-,Holstein,-,0,-,-,21.12.23,0.6,7.6,232,140,Heifer,0,-,-,-,0,0,0,0,0,0,0,0,0,0,0,0,0,0,Report Heat,-,0,-,-,-,-,-,-,-,0,-,-,-
2441,-,140,130,22.05.07,97,Female,0,-,Holstein,-,0,-,-,21.12.23,0.6,7.6,232,140,Heifer,0,-,-,-,0,0,0,0,0,0,0,0,0,0,0,0,0,0,Report Heat,-,0,-,-,-,-,-,-,-,0,-,-,-
2442,-,140,130,22.05.07,97,Female,0,-,Holstein,-,0,-,-,21.12.23,0.6,7.6,232,140,Heifer,0,-,-,-,0,0,0,0,0,0,0,0,0,0,0,0,0,0,Report Heat,-,0,-,-,-,-,-,-,-,0,-,-,-
2443,-,140,130,22.05.07,97,Female,0,-,Holstein,-,0,-,-,21.12.25,0.6,7.6,230,140,Heifer,0,-,-,-,0,0,0,0,0,0,0,0,0,0,0,0,0,0,Report Heat,-,0,-,-,-,-,-,-,-,0,-,-,-
2444,-,140,130,22.05.07,97,Female,0,-,Holstein,-,0,-,-,21.12.25,0.6,7.6,230,140,Heifer,0,-,-,-,0,0,0,0,0,0,0,0,0,0,0,0,0,0,Report Heat,-,0,-,-,-,-,-,-,-,0,-,-,-
2445,-,140,130,22.05.07,97,Female,0,-,Holstein,-,0,-,-,21.12.25,0.6,7.6,230,140,Heifer,0,-,-,-,0,0,0,0,0,0,0,0,0,0,0,0,0,0,Report Heat,-,0,-,-,-,-,-,-,-,0,-,-,-
2446,-,140,130,22.05.07,97,Female,0,-,Holstein,-,0,-,-,21.12.26,0.6,7.5,229,140,Heifer,0,-,-,-,0,0,0,0,0,0,0,0,0,0,0,0,0,0,Report Heat,-,0,-,-,-,-,-,-,-,0,-,-,-
2447,-,140,130,22.05.07,97,Female,0,-,Holstein,-,0,-,-,21.12.26,0.6,7.5,229,140,Heifer,0,-,-,-,0,0,0,0,0,0,0,0,0,0,0,0,0,0,Report Heat,-,0,-,-,-,-,-,-,-,0,-,-,-
2448,-,140,130,22.05.07,97,Female,0,-,Holstein,-,0,-,-,21.12.26,0.6,7.5,229,140,Heifer,0,-,-,-,0,0,0,0,0,0,0,0,0,0,0,0,0,0,Report Heat,-,0,-,-,-,-,-,-,-,0,-,-,-
2449,-,140,130,22.05.07,97,Female,0,-,Holstein,-,0,-,-,21.12.26,0.6,7.5,229,140,Heifer,0,-,-,-,0,0,0,0,0,0,0,0,0,0,0,0,0,0,Report Heat,-,0,-,-,-,-,-,-,-,0,-,-,-
2450,-,140,130,22.05.07,97,Female,0,-,Holstein,-,0,-,-,21.12.27,0.6,7.5,228,140,Heifer,0,-,-,-,0,0,0,0,0,0,0,0,0,0,0,0,0,0,Report Heat,-,0,-,-,-,-,-,-,-,0,-,-,-
2451,-,140,130,22.05.29,75,Female,0,-,Holstein,-,0,-,-,21.12.27,0.6,7.5,228,140,Heifer,0,-,-,-,0,0,0,0,0,0,0,0,0,0,0,0,0,0,Report Heat,-,0,-,-,-,-,-,-,-,0,-,-,-
2452,-,140,130,22.05.07,97,Female,0,-,Holstein,-,0,-,-,21.12.27,0.6,7.5,228,140,Heifer,0,-,-,-,0,0,0,0,0,0,0,0,0,0,0,0,0,0,Report Heat,-,0,-,-,-,-,-,-,-,0,-,-,-
2453,-,140,130,22.05.07,97,Female,0,-,Holstein,-,0,-,-,21.12.27,0.6,7.5,228,140,Heifer,0,-,-,-,0,0,0,0,0,0,0,0,0,0,0,0,0,0,Report Heat,-,0,-,-,-,-,-,-,-,0,-,-,-
2454,-,140,130,22.05.07,97,Female,0,-,Holstein,-,0,-,-,21.12.27,0.6,7.5,228,140,Heifer,0,-,-,-,0,0,0,0,0,0,0,0,0,0,0,0,0,0,Report Heat,-,0,-,-,-,-,-,-,-,0,-,-,-
2455,-,140,130,22.05.07,97,Female,0,-,Holstein,-,0,-,-,21.12.27,0.6,7.5,228,140,Heifer,0,-,-,-,0,0,0,0,0,0,0,0,0,0,0,0,0,0,Report Heat,-,0,-,-,-,-,-,-,-,0,-,-,-
2456,-,140,130,22.05.07,97,Female,0,-,Holstein,-,0,-,-,21.12.27,0.6,7.5,228,140,Heifer,0,-,-,-,0,0,0,0,0,0,0,0,0,0,0,0,0,0,Report Heat,-,0,-,-,-,-,-,-,-,0,-,-,-
2457,-,140,130,22.05.07,97,Female,0,-,Holstein,-,0,-,-,21.12.28,0.6,7.5,227,140,Heifer,0,-,-,-,0,0,0,0,0,0,0,0,0,0,0,0,0,0,Report Heat,-,0,-,-,-,-,-,-,-,0,-,-,-
2458,-,140,130,22.05.07,97,Female,0,-,Holstein,-,0,-,-,21.12.28,0.6,7.5,227,140,Heifer,0,-,-,-,0,0,0,0,0,0,0,0,0,0,0,0,0,0,Report Heat,-,0,-,-,-,-,-,-,-,0,-,-,-
2459,-,140,130,22.05.07,97,Female,0,-,Holstein,-,0,-,-,21.12.28,0.6,7.5,227,140,Heifer,0,-,-,-,0,0,0,0,0,0,0,0,0,0,0,0,0,0,Report Heat,-,0,-,-,-,-,-,-,-,0,-,-,-
2460,-,140,130,22.05.07,97,Female,0,-,Holstein,-,0,-,-,21.12.28,0.6,7.5,227,140,Heifer,0,-,-,-,0,0,0,0,0,0,0,0,0,0,0,0,0,0,Report Heat,-,0,-,-,-,-,-,-,-,0,-,-,-
2461,-,140,130,22.05.07,97,Female,0,-,Holstein,-,0,-,-,21.12.28,0.6,7.5,227,140,Heifer,0,-,-,-,0,0,0,0,0,0,0,0,0,0,0,0,0,0,Report Heat,-,0,-,-,-,-,-,-,-,0,-,-,-
2462,-,140,130,22.05.07,97,Female,0,-,Holstein,-,0,-,-,21.12.28,0.6,7.5,227,140,Heifer,0,-,-,-,0,0,0,0,0,0,0,0,0,0,0,0,0,0,Report Heat,-,0,-,-,-,-,-,-,-,0,-,-,-
2463,-,140,130,22.05.07,97,Female,0,-,Holstein,-,0,-,-,21.12.31,0.6,7.4,224,140,Heifer,0,-,-,-,0,0,0,0,0,0,0,0,0,0,0,0,0,0,Report Heat,-,0,-,-,-,-,-,-,-,0,-,-,-
2464,-,140,130,22.05.07,97,Female,0,-,Holstein,-,0,-,-,21.12.31,0.6,7.4,224,140,Heifer,0,-,-,-,0,0,0,0,0,0,0,0,0,0,0,0,0,0,Report Heat,-,0,-,-,-,-,-,-,-,0,-,-,-
2465,-,140,130,22.05.07,97,Female,0,-,Holstein,-,0,-,-,21.12.31,0.6,7.4,224,140,Heifer,0,-,-,-,0,0,0,0,0,0,0,0,0,0,0,0,0,0,Report Heat,-,0,-,-,-,-,-,-,-,0,-,-,-
2466,-,140,130,22.05.07,97,Female,0,-,Holstein,-,0,-,-,21.12.09,0.7,8.1,246,140,Heifer,0,-,-,-,0,0,0,0,0,0,0,0,0,0,0,0,0,0,Report Heat,-,0,-,-,-,-,-,-,-,0,-,-,-
2467,-,140,130,22.05.07,97,Female,0,-,Holstein,-,0,-,-,21.12.09,0.7,8.1,246,140,Heifer,0,-,-,-,0,0,0,0,0,0,0,0,0,0,0,0,0,0,Report Heat,-,0,-,-,-,-,-,-,-,0,-,-,-
2468,-,140,130,22.05.07,97,Female,0,-,Holstein,-,0,-,-,21.12.21,0.6,7.7,234,140,Heifer,0,-,-,-,0,0,0,0,0,0,0,0,0,0,0,0,0,0,Report Heat,-,0,-,-,-,-,-,-,-,0,-,-,-
2469,-,140,130,22.05.07,97,Female,0,-,Holstein,-,0,-,-,22.01.01,0.6,7.3,223,140,Heifer,0,-,-,-,0,0,0,0,0,0,0,0,0,0,0,0,0,0,Report Heat,-,0,-,-,-,-,-,-,-,0,-,-,-
2470,-,140,130,22.05.07,97,Female,0,-,Holstein,-,0,-,-,22.01.01,0.6,7.3,223,140,Heifer,0,-,-,-,0,0,0,0,0,0,0,0,0,0,0,0,0,0,Report Heat,-,0,-,-,-,-,-,-,-,0,-,-,-
2471,-,140,130,22.05.07,97,Female,0,-,Holstein,-,0,-,-,22.01.02,0.6,7.3,222,140,Heifer,0,-,-,-,0,0,0,0,0,0,0,0,0,0,0,0,0,0,Report Heat,-,0,-,-,-,-,-,-,-,0,-,-,-
2472,-,140,130,22.05.07,97,Female,0,-,Holstein,-,0,-,-,22.01.02,0.6,7.3,222,140,Heifer,0,-,-,-,0,0,0,0,0,0,0,0,0,0,0,0,0,0,Report Heat,-,0,-,-,-,-,-,-,-,0,-,-,-
2473,-,140,130,22.05.29,75,Female,0,-,Holstein,-,0,-,-,22.01.03,0.6,7.3,221,140,Heifer,0,-,-,-,0,0,0,0,0,0,0,0,0,0,0,0,0,0,Report Heat,-,0,-,-,-,-,-,-,-,0,-,-,-
2474,-,140,130,22.05.07,97,Female,0,-,Holstein,-,0,-,-,22.01.03,0.6,7.3,221,140,Heifer,0,-,-,-,0,0,0,0,0,0,0,0,0,0,0,0,0,0,Report Heat,-,0,-,-,-,-,-,-,-,0,-,-,-
2475,-,140,130,22.05.07,97,Female,0,-,Holstein,-,0,-,-,22.01.04,0.6,7.2,220,140,Heifer,0,-,-,-,0,0,0,0,0,0,0,0,0,0,0,0,0,0,Report Heat,-,0,-,-,-,-,-,-,-,0,-,-,-
2476,-,140,130,22.05.07,97,Female,0,-,Holstein,-,0,-,-,22.01.04,0.6,7.2,220,140,Heifer,0,-,-,-,0,0,0,0,0,0,0,0,0,0,0,0,0,0,Report Heat,-,0,-,-,-,-,-,-,-,0,-,-,-
2477,-,140,130,22.05.07,97,Female,0,-,Holstein,-,0,-,-,22.01.05,0.6,7.2,219,140,Heifer,0,-,-,-,0,0,0,0,0,0,0,0,0,0,0,0,0,0,Report Heat,-,0,-,-,-,-,-,-,-,0,-,-,-
2478,-,140,130,22.05.07,97,Female,0,-,Holstein,-,0,-,-,22.01.05,0.6,7.2,219,140,Heifer,0,-,-,-,0,0,0,0,0,0,0,0,0,0,0,0,0,0,Report Heat,-,0,-,-,-,-,-,-,-,0,-,-,-
2479,-,140,130,22.05.07,97,Female,0,-,Holstein,-,0,-,-,22.01.05,0.6,7.2,219,140,Heifer,0,-,-,-,0,0,0,0,0,0,0,0,0,0,0,0,0,0,Report Heat,-,0,-,-,-,-,-,-,-,0,-,-,-
2480,-,140,130,22.05.07,97,Female,0,-,Holstein,-,0,-,-,22.01.05,0.6,7.2,219,140,Heifer,0,-,-,-,0,0,0,0,0,0,0,0,0,0,0,0,0,0,Report Heat,-,0,-,-,-,-,-,-,-,0,-,-,-
2481,-,140,130,22.05.07,97,Female,0,-,Holstein,-,0,-,-,22.01.05,0.6,7.2,219,140,Heifer,0,-,-,-,0,0,0,0,0,0,0,0,0,0,0,0,0,0,Report Heat,-,0,-,-,-,-,-,-,-,0,-,-,-
2482,-,140,130,22.05.07,97,Female,0,-,Holstein,-,0,-,-,22.01.06,0.6,7.2,218,140,Heifer,0,-,-,-,0,0,0,0,0,0,0,0,0,0,0,0,0,0,Report Heat,-,0,-,-,-,-,-,-,-,0,-,-,-
2483,-,140,130,22.05.07,97,Female,0,-,Holstein,-,0,-,-,22.01.06,0.6,7.2,218,140,Heifer,0,-,-,-,0,0,0,0,0,0,0,0,0,0,0,0,0,0,Report Heat,-,0,-,-,-,-,-,-,-,0,-,-,-
2484,-,140,130,22.05.07,97,Female,0,-,Holstein,-,0,-,-,22.01.06,0.6,7.2,218,140,Heifer,0,-,-,-,0,0,0,0,0,0,0,0,0,0,0,0,0,0,Report Heat,-,0,-,-,-,-,-,-,-,0,-,-,-
2485,-,140,130,22.05.29,75,Female,0,-,Holstein,-,0,-,-,22.01.08,0.6,7.1,216,140,Heifer,0,-,-,-,0,0,0,0,0,0,0,0,0,0,0,0,0,0,Report Heat,-,0,-,-,-,-,-,-,-,0,-,-,-
2486,-,140,130,22.05.29,75,Female,0,-,Holstein,-,0,-,-,22.01.08,0.6,7.1,216,140,Heifer,0,-,-,-,0,0,0,0,0,0,0,0,0,0,0,0,0,0,Report Heat,-,0,-,-,-,-,-,-,-,0,-,-,-
2487,-,140,130,22.05.29,75,Female,0,-,Holstein,-,0,-,-,22.01.08,0.6,7.1,216,140,Heifer,0,-,-,-,0,0,0,0,0,0,0,0,0,0,0,0,0,0,Report Heat,-,0,-,-,-,-,-,-,-,0,-,-,-
2488,-,140,130,22.05.29,75,Female,0,-,Holstein,-,0,-,-,22.01.09,0.6,7.1,215,140,Heifer,0,-,-,-,0,0,0,0,0,0,0,0,0,0,0,0,0,0,Report Heat,-,0,-,-,-,-,-,-,-,0,-,-,-
2489,-,140,130,22.05.29,75,Female,0,-,Holstein,-,0,-,-,22.01.09,0.6,7.1,215,140,Heifer,0,-,-,-,0,0,0,0,0,0,0,0,0,0,0,0,0,0,Report Heat,-,0,-,-,-,-,-,-,-,0,-,-,-
2490,-,140,130,22.05.29,75,Female,0,-,Holstein,-,0,-,-,22.01.09,0.6,7.1,215,140,Heifer,0,-,-,-,0,0,0,0,0,0,0,0,0,0,0,0,0,0,Report Heat,-,0,-,-,-,-,-,-,-,0,-,-,-
2491,-,140,130,22.05.29,75,Female,0,-,Holstein,-,0,-,-,22.01.09,0.6,7.1,215,140,Heifer,0,-,-,-,0,0,0,0,0,0,0,0,0,0,0,0,0,0,Report Heat,-,0,-,-,-,-,-,-,-,0,-,-,-
2492,-,140,130,22.05.29,75,Female,0,-,Holstein,-,0,-,-,22.01.09,0.6,7.1,215,140,Heifer,0,-,-,-,0,0,0,0,0,0,0,0,0,0,0,0,0,0,Report Heat,-,0,-,-,-,-,-,-,-,0,-,-,-
2493,-,140,130,22.05.29,75,Female,0,-,Holstein,-,0,-,-,22.01.09,0.6,7.1,215,140,Heifer,0,-,-,-,0,0,0,0,0,0,0,0,0,0,0,0,0,0,Report Heat,-,0,-,-,-,-,-,-,-,0,-,-,-
2494,-,140,130,22.05.29,75,Female,0,-,Holstein,-,0,-,-,22.01.09,0.6,7.1,215,140,Heifer,0,-,-,-,0,0,0,0,0,0,0,0,0,0,0,0,0,0,Report Heat,-,0,-,-,-,-,-,-,-,0,-,-,-
2495,-,140,130,22.05.29,75,Female,0,-,Holstein,-,0,-,-,22.01.11,0.6,7,213,140,Heifer,0,-,-,-,0,0,0,0,0,0,0,0,0,0,0,0,0,0,Report Heat,-,0,-,-,-,-,-,-,-,0,-,-,-
2496,-,140,130,22.05.29,75,Female,0,-,Holstein,-,0,-,-,22.01.11,0.6,7,213,140,Heifer,0,-,-,-,0,0,0,0,0,0,0,0,0,0,0,0,0,0,Report Heat,-,0,-,-,-,-,-,-,-,0,-,-,-
2497,-,140,130,22.05.29,75,Female,0,-,Holstein,-,0,-,-,22.01.11,0.6,7,213,140,Heifer,0,-,-,-,0,0,0,0,0,0,0,0,0,0,0,0,0,0,Report Heat,-,0,-,-,-,-,-,-,-,0,-,-,-
2498,-,140,130,22.05.29,75,Female,0,-,Holstein,-,0,-,-,22.01.11,0.6,7,213,140,Heifer,0,-,-,-,0,0,0,0,0,0,0,0,0,0,0,0,0,0,Report Heat,-,0,-,-,-,-,-,-,-,0,-,-,-
2499,-,140,130,22.05.29,75,Female,0,-,Holstein,-,0,-,-,22.01.12,0.6,7,212,140,Heifer,0,-,-,-,0,0,0,0,0,0,0,0,0,0,0,0,0,0,Report Heat,-,0,-,-,-,-,-,-,-,0,-,-,-
2500,-,140,130,22.05.29,75,Female,0,-,Holstein,-,0,-,-,22.01.12,0.6,7,212,140,Heifer,0,-,-,-,0,0,0,0,0,0,0,0,0,0,0,0,0,0,Report Heat,-,0,-,-,-,-,-,-,-,0,-,-,-
2501,-,140,130,22.05.29,75,Female,0,-,Holstein,-,0,-,-,22.01.12,0.6,7,212,140,Heifer,0,-,-,-,0,0,0,0,0,0,0,0,0,0,0,0,0,0,Report Heat,-,0,-,-,-,-,-,-,-,0,-,-,-
2502,-,140,130,22.05.29,75,Female,0,-,Holstein,-,0,-,-,22.01.12,0.6,7,212,140,Heifer,0,-,-,-,0,0,0,0,0,0,0,0,0,0,0,0,0,0,Report Heat,-,0,-,-,-,-,-,-,-,0,-,-,-
2503,-,140,130,22.05.29,75,Female,0,-,Holstein,-,0,-,-,22.01.12,0.6,7,212,140,Heifer,0,-,-,-,0,0,0,0,0,0,0,0,0,0,0,0,0,0,Report Heat,-,0,-,-,-,-,-,-,-,0,-,-,-
2504,-,140,130,22.05.29,75,Female,0,-,Holstein,-,0,-,-,22.01.13,0.6,6.9,211,140,Heifer,0,-,-,-,0,0,0,0,0,0,0,0,0,0,0,0,0,0,Report Heat,-,0,-,-,-,-,-,-,-,0,-,-,-
2505,-,140,130,22.05.29,75,Female,0,-,Holstein,-,0,-,-,22.01.13,0.6,6.9,211,140,Heifer,0,-,-,-,0,0,0,0,0,0,0,0,0,0,0,0,0,0,Report Heat,-,0,-,-,-,-,-,-,-,0,-,-,-
2506,-,140,130,22.05.29,75,Female,0,-,Holstein,-,0,-,-,22.01.13,0.6,6.9,211,140,Heifer,0,-,-,-,0,0,0,0,0,0,0,0,0,0,0,0,0,0,Report Heat,-,0,-,-,-,-,-,-,-,0,-,-,-
2507,-,140,130,22.05.29,75,Female,0,-,Holstein,-,0,-,-,22.01.13,0.6,6.9,211,140,Heifer,0,-,-,-,0,0,0,0,0,0,0,0,0,0,0,0,0,0,Report Heat,-,0,-,-,-,-,-,-,-,0,-,-,-
2508,-,140,130,22.05.29,75,Female,0,-,Holstein,-,0,-,-,22.01.13,0.6,6.9,211,140,Heifer,0,-,-,-,0,0,0,0,0,0,0,0,0,0,0,0,0,0,Report Heat,-,0,-,-,-,-,-,-,-,0,-,-,-
2509,-,140,130,22.05.29,75,Female,0,-,Holstein,-,0,-,-,22.01.15,0.6,6.9,209,140,Heifer,0,-,-,-,0,0,0,0,0,0,0,0,0,0,0,0,0,0,Report Heat,-,0,-,-,-,-,-,-,-,0,-,-,-
2510,-,140,130,22.05.29,75,Female,0,-,Holstein,-,0,-,-,22.01.15,0.6,6.9,209,140,Heifer,0,-,-,-,0,0,0,0,0,0,0,0,0,0,0,0,0,0,Report Heat,-,0,-,-,-,-,-,-,-,0,-,-,-
2511,-,140,130,22.05.29,75,Female,0,-,Holstein,-,0,-,-,22.01.15,0.6,6.9,209,140,Heifer,0,-,-,-,0,0,0,0,0,0,0,0,0,0,0,0,0,0,Report Heat,-,0,-,-,-,-,-,-,-,0,-,-,-
2512,-,140,130,22.05.29,75,Female,0,-,Holstein,-,0,-,-,22.01.15,0.6,6.9,209,140,Heifer,0,-,-,-,0,0,0,0,0,0,0,0,0,0,0,0,0,0,Report Heat,-,0,-,-,-,-,-,-,-,0,-,-,-
2513,-,140,130,22.05.29,75,Female,0,-,Holstein,-,0,-,-,22.01.15,0.6,6.9,209,140,Heifer,0,-,-,-,0,0,0,0,0,0,0,0,0,0,0,0,0,0,Report Heat,-,0,-,-,-,-,-,-,-,0,-,-,-
2514,-,140,130,22.05.29,75,Female,0,-,Holstein,-,0,-,-,22.01.15,0.6,6.9,209,140,Heifer,0,-,-,-,0,0,0,0,0,0,0,0,0,0,0,0,0,0,Report Heat,-,0,-,-,-,-,-,-,-,0,-,-,-
2515,-,140,130,22.05.29,75,Female,0,-,Holstein,-,0,-,-,22.01.15,0.6,6.9,209,140,Heifer,0,-,-,-,0,0,0,0,0,0,0,0,0,0,0,0,0,0,Report Heat,-,0,-,-,-,-,-,-,-,0,-,-,-
2516,-,140,130,22.05.29,75,Female,0,-,Holstein,-,0,-,-,22.01.15,0.6,6.9,209,140,Heifer,0,-,-,-,0,0,0,0,0,0,0,0,0,0,0,0,0,0,Report Heat,-,0,-,-,-,-,-,-,-,0,-,-,-
2517,-,140,130,22.05.29,75,Female,0,-,Holstein,-,0,-,-,22.01.15,0.6,6.9,209,140,Heifer,0,-,-,-,0,0,0,0,0,0,0,0,0,0,0,0,0,0,Report Heat,-,0,-,-,-,-,-,-,-,0,-,-,-
2518,-,140,130,22.05.29,75,Female,0,-,Holstein,-,0,-,-,22.01.16,0.6,6.8,208,140,Heifer,0,-,-,-,0,0,0,0,0,0,0,0,0,0,0,0,0,0,Report Heat,-,0,-,-,-,-,-,-,-,0,-,-,-
2519,-,140,130,22.05.29,75,Female,0,-,Holstein,-,0,-,-,22.01.16,0.6,6.8,208,140,Heifer,0,-,-,-,0,0,0,0,0,0,0,0,0,0,0,0,0,0,Report Heat,-,0,-,-,-,-,-,-,-,0,-,-,-
2520,-,140,130,22.05.29,75,Female,0,-,Holstein,-,0,-,-,22.01.16,0.6,6.8,208,140,Heifer,0,-,-,-,0,0,0,0,0,0,0,0,0,0,0,0,0,0,Report Heat,-,0,-,-,-,-,-,-,-,0,-,-,-
2521,-,140,130,22.05.29,75,Female,0,-,Holstein,-,0,-,-,22.01.17,0.6,6.8,207,140,Heifer,0,-,-,-,0,0,0,0,0,0,0,0,0,0,0,0,0,0,Report Heat,-,0,-,-,-,-,-,-,-,0,-,-,-
2522,-,140,130,22.05.29,75,Female,0,-,Holstein,-,0,-,-,22.01.17,0.6,6.8,207,140,Heifer,0,-,-,-,0,0,0,0,0,0,0,0,0,0,0,0,0,0,Report Heat,-,0,-,-,-,-,-,-,-,0,-,-,-
2523,-,140,130,22.05.29,75,Female,0,-,Holstein,-,0,-,-,22.01.17,0.6,6.8,207,140,Heifer,0,-,-,-,0,0,0,0,0,0,0,0,0,0,0,0,0,0,Report Heat,-,0,-,-,-,-,-,-,-,0,-,-,-
2524,-,140,130,22.05.29,75,Female,0,-,Holstein,-,0,-,-,22.01.17,0.6,6.8,207,140,Heifer,0,-,-,-,0,0,0,0,0,0,0,0,0,0,0,0,0,0,Report Heat,-,0,-,-,-,-,-,-,-,0,-,-,-
2525,-,140,130,22.05.29,75,Female,0,-,Holstein,-,0,-,-,22.01.17,0.6,6.8,207,140,Heifer,0,-,-,-,0,0,0,0,0,0,0,0,0,0,0,0,0,0,Report Heat,-,0,-,-,-,-,-,-,-,0,-,-,-
2526,-,140,130,22.05.29,75,Female,0,-,Holstein,-,0,-,-,22.01.18,0.6,6.8,206,140,Heifer,0,-,-,-,0,0,0,0,0,0,0,0,0,0,0,0,0,0,Report Heat,-,0,-,-,-,-,-,-,-,0,-,-,-
2527,-,140,130,22.05.29,75,Female,0,-,Holstein,-,0,-,-,22.01.19,0.6,6.7,205,140,Heifer,0,-,-,-,0,0,0,0,0,0,0,0,0,0,0,0,0,0,Report Heat,-,0,-,-,-,-,-,-,-,0,-,-,-
2528,-,140,130,22.05.29,75,Female,0,-,Holstein,-,0,-,-,22.01.19,0.6,6.7,205,140,Heifer,0,-,-,-,0,0,0,0,0,0,0,0,0,0,0,0,0,0,Report Heat,-,0,-,-,-,-,-,-,-,0,-,-,-
2529,-,140,130,22.05.29,75,Female,0,-,Holstein,-,0,-,-,22.01.19,0.6,6.7,205,140,Heifer,0,-,-,-,0,0,0,0,0,0,0,0,0,0,0,0,0,0,Report Heat,-,0,-,-,-,-,-,-,-,0,-,-,-
2530,-,140,130,22.05.29,75,Female,0,-,Holstein,-,0,-,-,22.01.19,0.6,6.7,205,140,Heifer,0,-,-,-,0,0,0,0,0,0,0,0,0,0,0,0,0,0,Report Heat,-,0,-,-,-,-,-,-,-,0,-,-,-
2531,-,140,130,22.05.29,75,Female,0,-,Holstein,-,0,-,-,22.01.20,0.6,6.7,204,140,Heifer,0,-,-,-,0,0,0,0,0,0,0,0,0,0,0,0,0,0,Report Heat,-,0,-,-,-,-,-,-,-,0,-,-,-
2532,-,140,130,22.05.29,75,Female,0,-,Holstein,-,0,-,-,22.01.20,0.6,6.7,204,140,Heifer,0,-,-,-,0,0,0,0,0,0,0,0,0,0,0,0,0,0,Report Heat,-,0,-,-,-,-,-,-,-,0,-,-,-
2533,-,140,130,22.05.29,75,Female,0,-,Holstein,-,0,-,-,22.01.20,0.6,6.7,204,140,Heifer,0,-,-,-,0,0,0,0,0,0,0,0,0,0,0,0,0,0,Report Heat,-,0,-,-,-,-,-,-,-,0,-,-,-
2534,-,140,130,22.05.29,75,Female,0,-,Holstein,-,0,-,-,22.01.22,0.6,6.6,202,140,Heifer,0,-,-,-,0,0,0,0,0,0,0,0,0,0,0,0,0,0,Report Heat,-,0,-,-,-,-,-,-,-,0,-,-,-
2535,-,140,130,22.05.29,75,Female,0,-,Holstein,-,0,-,-,22.01.22,0.6,6.6,202,140,Heifer,0,-,-,-,0,0,0,0,0,0,0,0,0,0,0,0,0,0,Report Heat,-,0,-,-,-,-,-,-,-,0,-,-,-
2536,-,140,130,22.05.29,75,Female,0,-,Holstein,-,0,-,-,22.01.22,0.6,6.6,202,140,Heifer,0,-,-,-,0,0,0,0,0,0,0,0,0,0,0,0,0,0,Report Heat,-,0,-,-,-,-,-,-,-,0,-,-,-
2537,-,140,130,22.05.29,75,Female,0,-,Holstein,-,0,-,-,22.01.22,0.6,6.6,202,140,Heifer,0,-,-,-,0,0,0,0,0,0,0,0,0,0,0,0,0,0,Report Heat,-,0,-,-,-,-,-,-,-,0,-,-,-
2538,-,140,130,22.05.29,75,Female,0,-,Holstein,-,0,-,-,22.01.22,0.6,6.6,202,140,Heifer,0,-,-,-,0,0,0,0,0,0,0,0,0,0,0,0,0,0,Report Heat,-,0,-,-,-,-,-,-,-,0,-,-,-
2539,-,140,130,22.05.29,75,Female,0,-,Holstein,-,0,-,-,22.01.22,0.6,6.6,202,140,Heifer,0,-,-,-,0,0,0,0,0,0,0,0,0,0,0,0,0,0,Report Heat,-,0,-,-,-,-,-,-,-,0,-,-,-
2540,-,140,130,22.05.29,75,Female,0,-,Holstein,-,0,-,-,22.01.22,0.6,6.6,202,140,Heifer,0,-,-,-,0,0,0,0,0,0,0,0,0,0,0,0,0,0,Report Heat,-,0,-,-,-,-,-,-,-,0,-,-,-
2541,-,140,130,22.05.29,75,Female,0,-,Holstein,-,0,-,-,22.01.24,0.5,6.6,200,140,Heifer,0,-,-,-,0,0,0,0,0,0,0,0,0,0,0,0,0,0,Report Heat,-,0,-,-,-,-,-,-,-,0,-,-,-
2542,-,140,130,22.05.29,75,Female,0,-,Holstein,-,0,-,-,22.01.24,0.5,6.6,200,140,Heifer,0,-,-,-,0,0,0,0,0,0,0,0,0,0,0,0,0,0,Report Heat,-,0,-,-,-,-,-,-,-,0,-,-,-
2543,-,140,130,22.05.29,75,Female,0,-,Holstein,-,0,-,-,22.01.24,0.5,6.6,200,140,Heifer,0,-,-,-,0,0,0,0,0,0,0,0,0,0,0,0,0,0,Report Heat,-,0,-,-,-,-,-,-,-,0,-,-,-
2544,-,140,130,22.05.29,75,Female,0,-,Holstein,-,0,-,-,22.01.26,0.5,6.5,198,140,Heifer,0,-,-,-,0,0,0,0,0,0,0,0,0,0,0,0,0,0,Report Heat,-,0,-,-,-,-,-,-,-,0,-,-,-
2545,-,140,130,22.05.29,75,Female,0,-,Holstein,-,0,-,-,22.01.27,0.5,6.5,197,140,Heifer,0,-,-,-,0,0,0,0,0,0,0,0,0,0,0,0,0,0,Report Heat,-,0,-,-,-,-,-,-,-,0,-,-,-
2546,-,140,130,22.05.29,75,Female,0,-,Holstein,-,0,-,-,22.01.27,0.5,6.5,197,140,Heifer,0,-,-,-,0,0,0,0,0,0,0,0,0,0,0,0,0,0,Report Heat,-,0,-,-,-,-,-,-,-,0,-,-,-
2547,-,140,130,22.05.29,75,Female,0,-,Holstein,-,0,-,-,22.01.27,0.5,6.5,197,140,Heifer,0,-,-,-,0,0,0,0,0,0,0,0,0,0,0,0,0,0,Report Heat,-,0,-,-,-,-,-,-,-,0,-,-,-
2548,-,140,130,22.05.29,75,Female,0,-,Holstein,-,0,-,-,22.01.27,0.5,6.5,197,140,Heifer,0,-,-,-,0,0,0,0,0,0,0,0,0,0,0,0,0,0,Report Heat,-,0,-,-,-,-,-,-,-,0,-,-,-
2549,-,140,130,22.05.29,75,Female,0,-,Holstein,-,0,-,-,22.01.27,0.5,6.5,197,140,Heifer,0,-,-,-,0,0,0,0,0,0,0,0,0,0,0,0,0,0,Report Heat,-,0,-,-,-,-,-,-,-,0,-,-,-
2550,-,140,130,22.05.29,75,Female,0,-,Holstein,-,0,-,-,22.01.27,0.5,6.5,197,140,Heifer,0,-,-,-,0,0,0,0,0,0,0,0,0,0,0,0,0,0,Report Heat,-,0,-,-,-,-,-,-,-,0,-,-,-
2551,-,140,130,22.05.29,75,Female,0,-,Holstein,-,0,-,-,22.01.29,0.5,6.4,195,140,Heifer,0,-,-,-,0,0,0,0,0,0,0,0,0,0,0,0,0,0,Report Heat,-,0,-,-,-,-,-,-,-,0,-,-,-
2552,-,140,130,22.05.29,75,Female,0,-,Holstein,-,0,-,-,22.01.29,0.5,6.4,195,140,Heifer,0,-,-,-,0,0,0,0,0,0,0,0,0,0,0,0,0,0,Report Heat,-,0,-,-,-,-,-,-,-,0,-,-,-
2553,-,140,130,22.05.29,75,Female,0,-,Holstein,-,0,-,-,22.01.29,0.5,6.4,195,140,Heifer,0,-,-,-,0,0,0,0,0,0,0,0,0,0,0,0,0,0,Report Heat,-,0,-,-,-,-,-,-,-,0,-,-,-
2554,-,140,130,22.05.29,75,Female,0,-,Holstein,-,0,-,-,22.01.29,0.5,6.4,195,140,Heifer,0,-,-,-,0,0,0,0,0,0,0,0,0,0,0,0,0,0,Report Heat,-,0,-,-,-,-,-,-,-,0,-,-,-
2555,-,140,130,22.05.29,75,Female,0,-,Holstein,-,0,-,-,22.01.29,0.5,6.4,195,140,Heifer,0,-,-,-,0,0,0,0,0,0,0,0,0,0,0,0,0,0,Report Heat,-,0,-,-,-,-,-,-,-,0,-,-,-
2556,-,140,130,22.05.29,75,Female,0,-,Holstein,-,0,-,-,22.01.30,0.5,6.4,194,140,Heifer,0,-,-,-,0,0,0,0,0,0,0,0,0,0,0,0,0,0,Report Heat,-,0,-,-,-,-,-,-,-,0,-,-,-
2557,-,140,130,22.05.29,75,Female,0,-,Holstein,-,0,-,-,22.01.30,0.5,6.4,194,140,Heifer,0,-,-,-,0,0,0,0,0,0,0,0,0,0,0,0,0,0,Report Heat,-,0,-,-,-,-,-,-,-,0,-,-,-
2558,-,140,130,22.05.29,75,Female,0,-,Holstein,-,0,-,-,22.01.30,0.5,6.4,194,140,Heifer,0,-,-,-,0,0,0,0,0,0,0,0,0,0,0,0,0,0,Report Heat,-,0,-,-,-,-,-,-,-,0,-,-,-
2559,-,140,130,22.05.29,75,Female,0,-,Holstein,-,0,-,-,22.01.05,0.6,7.2,219,140,Heifer,0,-,-,-,0,0,0,0,0,0,0,0,0,0,0,0,0,0,Report Heat,-,0,-,-,-,-,-,-,-,0,-,-,-
2560,-,140,130,22.05.29,75,Female,0,-,Holstein,-,0,-,-,22.01.07,0.6,7.1,217,140,Heifer,0,-,-,-,0,0,0,0,0,0,0,0,0,0,0,0,0,0,Report Heat,-,0,-,-,-,-,-,-,-,0,-,-,-
2561,-,140,130,22.05.29,75,Female,0,-,Holstein,-,0,-,-,22.01.09,0.6,7.1,215,140,Heifer,0,-,-,-,0,0,0,0,0,0,0,0,0,0,0,0,0,0,Report Heat,-,0,-,-,-,-,-,-,-,0,-,-,-
2562,-,140,130,22.05.29,75,Female,0,-,Holstein,-,0,-,-,22.01.21,0.6,6.7,203,140,Heifer,0,-,-,-,0,0,0,0,0,0,0,0,0,0,0,0,0,0,Report Heat,-,0,-,-,-,-,-,-,-,0,-,-,-
2563,-,140,130,22.05.29,75,Female,0,-,Holstein,-,0,-,-,22.01.26,0.5,6.5,198,140,Heifer,0,-,-,-,0,0,0,0,0,0,0,0,0,0,0,0,0,0,Report Heat,-,0,-,-,-,-,-,-,-,0,-,-,-
2564,-,140,130,22.05.29,75,Female,0,-,Holstein,-,0,-,-,22.01.29,0.5,6.4,195,140,Heifer,0,-,-,-,0,0,0,0,0,0,0,0,0,0,0,0,0,0,Report Heat,-,0,-,-,-,-,-,-,-,0,-,-,-
2565,-,140,130,22.05.29,75,Female,0,-,Holstein,-,0,-,-,22.01.31,0.5,6.3,193,140,Heifer,0,-,-,-,0,0,0,0,0,0,0,0,0,0,0,0,0,0,Report Heat,-,0,-,-,-,-,-,-,-,0,-,-,-
2566,-,140,130,22.05.29,75,Female,0,-,Holstein,-,0,-,-,22.01.31,0.5,6.3,193,140,Heifer,0,-,-,-,0,0,0,0,0,0,0,0,0,0,0,0,0,0,Report Heat,-,0,-,-,-,-,-,-,-,0,-,-,-
2567,-,140,130,22.05.29,75,Female,0,-,Holstein,-,0,-,-,22.02.01,0.5,6.3,192,140,Heifer,0,-,-,-,0,0,0,0,0,0,0,0,0,0,0,0,0,0,Report Heat,-,0,-,-,-,-,-,-,-,0,-,-,-
2568,-,140,130,22.05.29,75,Female,0,-,Holstein,-,0,-,-,22.02.01,0.5,6.3,192,140,Heifer,0,-,-,-,0,0,0,0,0,0,0,0,0,0,0,0,0,0,Report Heat,-,0,-,-,-,-,-,-,-,0,-,-,-
2569,-,140,130,22.05.29,75,Female,0,-,Holstein,-,0,-,-,22.02.03,0.5,6.2,190,140,Heifer,0,-,-,-,0,0,0,0,0,0,0,0,0,0,0,0,0,0,Report Heat,-,0,-,-,-,-,-,-,-,0,-,-,-
2570,-,140,130,22.05.29,75,Female,0,-,Holstein,-,0,-,-,22.02.03,0.5,6.2,190,140,Heifer,0,-,-,-,0,0,0,0,0,0,0,0,0,0,0,0,0,0,Report Heat,-,0,-,-,-,-,-,-,-,0,-,-,-
2571,-,140,130,22.05.29,75,Female,0,-,Holstein,-,0,-,-,22.02.03,0.5,6.2,190,140,Heifer,0,-,-,-,0,0,0,0,0,0,0,0,0,0,0,0,0,0,Report Heat,-,0,-,-,-,-,-,-,-,0,-,-,-
2572,-,140,130,22.05.29,75,Female,0,-,Holstein,-,0,-,-,22.02.03,0.5,6.2,190,140,Heifer,0,-,-,-,0,0,0,0,0,0,0,0,0,0,0,0,0,0,Report Heat,-,0,-,-,-,-,-,-,-,0,-,-,-
2573,-,140,130,22.05.29,75,Female,0,-,Holstein,-,0,-,-,22.02.03,0.5,6.2,190,140,Heifer,0,-,-,-,0,0,0,0,0,0,0,0,0,0,0,0,0,0,Report Heat,-,0,-,-,-,-,-,-,-,0,-,-,-
2574,-,140,130,22.05.29,75,Female,0,-,Holstein,-,0,-,-,22.02.03,0.5,6.2,190,140,Heifer,0,-,-,-,0,0,0,0,0,0,0,0,0,0,0,0,0,0,Report Heat,-,0,-,-,-,-,-,-,-,0,-,-,-
2575,-,140,130,22.05.29,75,Female,0,-,Holstein,-,0,-,-,22.02.03,0.5,6.2,190,140,Heifer,0,-,-,-,0,0,0,0,0,0,0,0,0,0,0,0,0,0,Report Heat,-,0,-,-,-,-,-,-,-,0,-,-,-
2576,-,140,130,22.05.29,75,Female,0,-,Holstein,-,0,-,-,22.02.05,0.5,6.2,188,140,Heifer,0,-,-,-,0,0,0,0,0,0,0,0,0,0,0,0,0,0,Report Heat,-,0,-,-,-,-,-,-,-,0,-,-,-
2577,-,140,130,22.05.29,75,Female,0,-,Holstein,-,0,-,-,22.02.05,0.5,6.2,188,140,Heifer,0,-,-,-,0,0,0,0,0,0,0,0,0,0,0,0,0,0,Report Heat,-,0,-,-,-,-,-,-,-,0,-,-,-
2578,-,140,130,22.05.29,75,Female,0,-,Holstein,-,0,-,-,22.02.05,0.5,6.2,188,140,Heifer,0,-,-,-,0,0,0,0,0,0,0,0,0,0,0,0,0,0,Report Heat,-,0,-,-,-,-,-,-,-,0,-,-,-
2579,-,140,130,22.05.29,75,Female,0,-,Holstein,-,0,-,-,22.02.05,0.5,6.2,188,140,Heifer,0,-,-,-,0,0,0,0,0,0,0,0,0,0,0,0,0,0,Report Heat,-,0,-,-,-,-,-,-,-,0,-,-,-
2580,-,140,130,22.05.29,75,Female,0,-,Holstein,-,0,-,-,22.02.05,0.5,6.2,188,140,Heifer,0,-,-,-,0,0,0,0,0,0,0,0,0,0,0,0,0,0,Report Heat,-,0,-,-,-,-,-,-,-,0,-,-,-
2581,-,140,130,22.05.29,75,Female,0,-,Holstein,-,0,-,-,22.02.05,0.5,6.2,188,140,Heifer,0,-,-,-,0,0,0,0,0,0,0,0,0,0,0,0,0,0,Report Heat,-,0,-,-,-,-,-,-,-,0,-,-,-
2582,-,140,130,22.05.29,75,Female,0,-,Holstein,-,0,-,-,22.02.05,0.5,6.2,188,140,Heifer,0,-,-,-,0,0,0,0,0,0,0,0,0,0,0,0,0,0,Report Heat,-,0,-,-,-,-,-,-,-,0,-,-,-
2583,-,140,130,22.05.29,75,Female,0,-,Holstein,-,0,-,-,22.02.05,0.5,6.2,188,140,Heifer,0,-,-,-,0,0,0,0,0,0,0,0,0,0,0,0,0,0,Report Heat,-,0,-,-,-,-,-,-,-,0,-,-,-
2584,-,140,130,22.05.29,75,Female,0,-,Holstein,-,0,-,-,22.02.05,0.5,6.2,188,140,Heifer,0,-,-,-,0,0,0,0,0,0,0,0,0,0,0,0,0,0,Report Heat,-,0,-,-,-,-,-,-,-,0,-,-,-
2585,-,140,130,22.05.29,75,Female,0,-,Holstein,-,0,-,-,22.02.05,0.5,6.2,188,140,Heifer,0,-,-,-,0,0,0,0,0,0,0,0,0,0,0,0,0,0,Report Heat,-,0,-,-,-,-,-,-,-,0,-,-,-
2586,-,140,130,22.05.29,75,Female,0,-,Holstein,-,0,-,-,22.02.06,0.5,6.1,187,140,Heifer,0,-,-,-,0,0,0,0,0,0,0,0,0,0,0,0,0,0,Report Heat,-,0,-,-,-,-,-,-,-,0,-,-,-
2587,-,140,130,22.05.29,75,Female,0,-,Holstein,-,0,-,-,22.02.06,0.5,6.1,187,140,Heifer,0,-,-,-,0,0,0,0,0,0,0,0,0,0,0,0,0,0,Report Heat,-,0,-,-,-,-,-,-,-,0,-,-,-
2588,-,140,130,22.05.29,75,Female,0,-,Holstein,-,0,-,-,22.02.06,0.5,6.1,187,140,Heifer,0,-,-,-,0,0,0,0,0,0,0,0,0,0,0,0,0,0,Report Heat,-,0,-,-,-,-,-,-,-,0,-,-,-
2589,-,140,130,22.05.29,75,Female,0,-,Holstein,-,0,-,-,22.02.07,0.5,6.1,186,140,Heifer,0,-,-,-,0,0,0,0,0,0,0,0,0,0,0,0,0,0,Report Heat,-,0,-,-,-,-,-,-,-,0,-,-,-
2590,-,140,130,22.05.29,75,Female,0,-,Holstein,-,0,-,-,22.02.09,0.5,6,184,140,Heifer,0,-,-,-,0,0,0,0,0,0,0,0,0,0,0,0,0,0,Report Heat,-,0,-,-,-,-,-,-,-,0,-,-,-
2591,-,140,130,22.05.29,75,Female,0,-,Holstein,-,0,-,-,22.02.09,0.5,6,184,140,Heifer,0,-,-,-,0,0,0,0,0,0,0,0,0,0,0,0,0,0,Report Heat,-,0,-,-,-,-,-,-,-,0,-,-,-
2592,-,140,130,22.05.29,75,Female,0,-,Holstein,-,0,-,-,22.02.09,0.5,6,184,140,Heifer,0,-,-,-,0,0,0,0,0,0,0,0,0,0,0,0,0,0,Report Heat,-,0,-,-,-,-,-,-,-,0,-,-,-
2593,-,140,130,22.05.29,75,Female,0,-,Holstein,-,0,-,-,22.02.10,0.5,6,183,140,Heifer,0,-,-,-,0,0,0,0,0,0,0,0,0,0,0,0,0,0,Report Heat,-,0,-,-,-,-,-,-,-,0,-,-,-
2594,-,140,130,22.05.29,75,Female,0,-,Holstein,-,0,-,-,22.02.10,0.5,6,183,140,Heifer,0,-,-,-,0,0,0,0,0,0,0,0,0,0,0,0,0,0,Report Heat,-,0,-,-,-,-,-,-,-,0,-,-,-
2595,-,140,130,22.05.29,75,Female,0,-,Holstein,-,0,-,-,22.02.10,0.5,6,183,140,Heifer,0,-,-,-,0,0,0,0,0,0,0,0,0,0,0,0,0,0,Report Heat,-,0,-,-,-,-,-,-,-,0,-,-,-
2596,-,140,130,22.05.29,75,Female,0,-,Holstein,-,0,-,-,22.02.10,0.5,6,183,140,Heifer,0,-,-,-,0,0,0,0,0,0,0,0,0,0,0,0,0,0,Report Heat,-,0,-,-,-,-,-,-,-,0,-,-,-
2597,-,140,130,22.05.29,75,Female,0,-,Holstein,-,0,-,-,22.02.10,0.5,6,183,140,Heifer,0,-,-,-,0,0,0,0,0,0,0,0,0,0,0,0,0,0,Report Heat,-,0,-,-,-,-,-,-,-,0,-,-,-
2598,-,140,130,22.05.29,75,Female,0,-,Holstein,-,0,-,-,22.02.12,0.5,5.9,181,140,Heifer,0,-,-,-,0,0,0,0,0,0,0,0,0,0,0,0,0,0,Report Heat,-,0,-,-,-,-,-,-,-,0,-,-,-
2599,-,140,130,22.05.29,75,Female,0,-,Holstein,-,0,-,-,22.02.12,0.5,5.9,181,140,Heifer,0,-,-,-,0,0,0,0,0,0,0,0,0,0,0,0,0,0,Report Heat,-,0,-,-,-,-,-,-,-,0,-,-,-
2600,-,140,130,22.05.29,75,Female,0,-,Holstein,-,0,-,-,22.02.12,0.5,5.9,181,140,Heifer,0,-,-,-,0,0,0,0,0,0,0,0,0,0,0,0,0,0,Report Heat,-,0,-,-,-,-,-,-,-,0,-,-,-
2601,-,140,130,22.05.29,75,Female,0,-,Holstein,-,0,-,-,22.02.13,0.5,5.9,180,140,Heifer,0,-,-,-,0,0,0,0,0,0,0,0,0,0,0,0,0,0,Report Heat,-,0,-,-,-,-,-,-,-,0,-,-,-
2602,-,140,130,22.05.29,75,Female,0,-,Holstein,-,0,-,-,22.02.13,0.5,5.9,180,140,Heifer,0,-,-,-,0,0,0,0,0,0,0,0,0,0,0,0,0,0,Report Heat,-,0,-,-,-,-,-,-,-,0,-,-,-
2603,-,140,130,22.05.29,75,Female,0,-,Holstein,-,0,-,-,22.02.14,0.5,5.9,179,140,Heifer,0,-,-,-,0,0,0,0,0,0,0,0,0,0,0,0,0,0,Report Heat,-,0,-,-,-,-,-,-,-,0,-,-,-
2604,-,140,130,22.06.29,44,Female,0,-,Holstein,-,0,-,-,22.02.14,0.5,5.9,179,140,Heifer,0,-,-,-,0,0,0,0,0,0,0,0,0,0,0,0,0,0,Report Heat,-,0,-,-,-,-,-,-,-,0,-,-,-
2605,-,140,130,22.06.29,44,Female,0,-,Holstein,-,0,-,-,22.02.15,0.5,5.8,178,140,Heifer,0,-,-,-,0,0,0,0,0,0,0,0,0,0,0,0,0,0,Report Heat,-,0,-,-,-,-,-,-,-,0,-,-,-
2606,-,140,130,22.06.29,44,Female,0,-,Holstein,-,0,-,-,22.02.15,0.5,5.8,178,140,Heifer,0,-,-,-,0,0,0,0,0,0,0,0,0,0,0,0,0,0,Report Heat,-,0,-,-,-,-,-,-,-,0,-,-,-
2607,-,140,130,22.06.29,44,Female,0,-,Holstein,-,0,-,-,22.02.17,0.5,5.8,176,140,Heifer,0,-,-,-,0,0,0,0,0,0,0,0,0,0,0,0,0,0,Report Heat,-,0,-,-,-,-,-,-,-,0,-,-,-
2608,-,140,130,22.06.29,44,Female,0,-,Holstein,-,0,-,-,22.02.17,0.5,5.8,176,140,Heifer,0,-,-,-,0,0,0,0,0,0,0,0,0,0,0,0,0,0,Report Heat,-,0,-,-,-,-,-,-,-,0,-,-,-
2609,-,140,130,22.06.29,44,Female,0,-,Holstein,-,0,-,-,22.02.17,0.5,5.8,176,140,Heifer,0,-,-,-,0,0,0,0,0,0,0,0,0,0,0,0,0,0,Report Heat,-,0,-,-,-,-,-,-,-,0,-,-,-
2610,-,140,130,22.06.29,44,Female,0,-,Holstein,-,0,-,-,22.02.18,0.5,5.7,175,140,Heifer,0,-,-,-,0,0,0,0,0,0,0,0,0,0,0,0,0,0,Report Heat,-,0,-,-,-,-,-,-,-,0,-,-,-
2611,-,140,130,22.06.29,44,Female,0,-,Holstein,-,0,-,-,22.02.19,0.5,5.7,174,140,Heifer,0,-,-,-,0,0,0,0,0,0,0,0,0,0,0,0,0,0,Report Heat,-,0,-,-,-,-,-,-,-,0,-,-,-
2612,-,140,130,22.06.29,44,Female,0,-,Holstein,-,0,-,-,22.02.19,0.5,5.7,174,140,Heifer,0,-,-,-,0,0,0,0,0,0,0,0,0,0,0,0,0,0,Report Heat,-,0,-,-,-,-,-,-,-,0,-,-,-
2613,-,140,130,22.06.29,44,Female,0,-,Holstein,-,0,-,-,22.02.19,0.5,5.7,174,140,Heifer,0,-,-,-,0,0,0,0,0,0,0,0,0,0,0,0,0,0,Report Heat,-,0,-,-,-,-,-,-,-,0,-,-,-
2614,-,140,130,22.06.29,44,Female,0,-,Holstein,-,0,-,-,22.02.19,0.5,5.7,174,140,Heifer,0,-,-,-,0,0,0,0,0,0,0,0,0,0,0,0,0,0,Report Heat,-,0,-,-,-,-,-,-,-,0,-,-,-
2615,-,140,190,22.07.23,20,Female,0,-,Holstein,-,0,-,-,22.02.20,0.5,5.7,173,140,Heifer,0,-,-,-,0,0,0,0,0,0,0,0,0,0,0,0,0,0,Report Heat,-,0,-,-,-,-,-,-,-,0,-,-,-
2616,-,140,130,22.06.29,44,Female,0,-,Holstein,-,0,-,-,22.02.21,0.5,5.7,172,140,Heifer,0,-,-,-,0,0,0,0,0,0,0,0,0,0,0,0,0,0,Report Heat,-,0,-,-,-,-,-,-,-,0,-,-,-
2617,-,140,130,22.06.29,44,Female,0,-,Holstein,-,0,-,-,22.02.21,0.5,5.7,172,140,Heifer,0,-,-,-,0,0,0,0,0,0,0,0,0,0,0,0,0,0,Report Heat,-,0,-,-,-,-,-,-,-,0,-,-,-
2618,-,140,130,22.06.29,44,Female,0,-,Holstein,-,0,-,-,22.02.21,0.5,5.7,172,140,Heifer,0,-,-,-,0,0,0,0,0,0,0,0,0,0,0,0,0,0,Report Heat,-,0,-,-,-,-,-,-,-,0,-,-,-
2619,-,140,130,22.06.29,44,Female,0,-,Holstein,-,0,-,-,22.02.21,0.5,5.7,172,140,Heifer,0,-,-,-,0,0,0,0,0,0,0,0,0,0,0,0,0,0,Report Heat,-,0,-,-,-,-,-,-,-,0,-,-,-
2620,-,140,130,22.06.29,44,Female,0,-,Holstein,-,0,-,-,22.02.22,0.5,5.6,171,140,Heifer,0,-,-,-,0,0,0,0,0,0,0,0,0,0,0,0,0,0,Report Heat,-,0,-,-,-,-,-,-,-,0,-,-,-
2621,-,140,130,22.06.29,44,Female,0,-,Holstein,-,0,-,-,22.02.22,0.5,5.6,171,140,Heifer,0,-,-,-,0,0,0,0,0,0,0,0,0,0,0,0,0,0,Report Heat,-,0,-,-,-,-,-,-,-,0,-,-,-
2622,-,140,130,22.06.29,44,Female,0,-,Holstein,-,0,-,-,22.02.22,0.5,5.6,171,140,Heifer,0,-,-,-,0,0,0,0,0,0,0,0,0,0,0,0,0,0,Report Heat,-,0,-,-,-,-,-,-,-,0,-,-,-
2623,-,140,130,22.06.29,44,Female,0,-,Holstein,-,0,-,-,22.02.22,0.5,5.6,171,140,Heifer,0,-,-,-,0,0,0,0,0,0,0,0,0,0,0,0,0,0,Report Heat,-,0,-,-,-,-,-,-,-,0,-,-,-
2624,-,140,130,22.06.29,44,Female,0,-,Holstein,-,0,-,-,22.02.22,0.5,5.6,171,140,Heifer,0,-,-,-,0,0,0,0,0,0,0,0,0,0,0,0,0,0,Report Heat,-,0,-,-,-,-,-,-,-,0,-,-,-
2625,-,140,130,22.06.29,44,Female,0,-,Holstein,-,0,-,-,22.02.22,0.5,5.6,171,140,Heifer,0,-,-,-,0,0,0,0,0,0,0,0,0,0,0,0,0,0,Report Heat,-,0,-,-,-,-,-,-,-,0,-,-,-
2626,-,140,130,22.06.29,44,Female,0,-,Holstein,-,0,-,-,22.02.22,0.5,5.6,171,140,Heifer,0,-,-,-,0,0,0,0,0,0,0,0,0,0,0,0,0,0,Report Heat,-,0,-,-,-,-,-,-,-,0,-,-,-
2627,-,140,130,22.06.29,44,Female,0,-,Holstein,-,0,-,-,22.02.24,0.5,5.6,169,140,Heifer,0,-,-,-,0,0,0,0,0,0,0,0,0,0,0,0,0,0,Report Heat,-,0,-,-,-,-,-,-,-,0,-,-,-
2628,-,140,130,22.06.29,44,Female,0,-,Holstein,-,0,-,-,22.02.02,0.5,6.3,191,140,Heifer,0,-,-,-,0,0,0,0,0,0,0,0,0,0,0,0,0,0,Report Heat,-,0,-,-,-,-,-,-,-,0,-,-,-
2629,-,140,130,22.06.29,44,Female,0,-,Holstein,-,0,-,-,22.02.26,0.5,5.5,167,140,Heifer,0,-,-,-,0,0,0,0,0,0,0,0,0,0,0,0,0,0,Report Heat,-,0,-,-,-,-,-,-,-,0,-,-,-
2630,-,140,130,22.06.29,44,Female,0,-,Holstein,-,0,-,-,22.02.26,0.5,5.5,167,140,Heifer,0,-,-,-,0,0,0,0,0,0,0,0,0,0,0,0,0,0,Report Heat,-,0,-,-,-,-,-,-,-,0,-,-,-
2631,-,140,130,22.06.29,44,Female,0,-,Holstein,-,0,-,-,22.02.26,0.5,5.5,167,140,Heifer,0,-,-,-,0,0,0,0,0,0,0,0,0,0,0,0,0,0,Report Heat,-,0,-,-,-,-,-,-,-,0,-,-,-
2632,-,140,130,22.06.29,44,Female,0,-,Holstein,-,0,-,-,22.02.27,0.5,5.5,166,140,Heifer,0,-,-,-,0,0,0,0,0,0,0,0,0,0,0,0,0,0,Report Heat,-,0,-,-,-,-,-,-,-,0,-,-,-
2633,-,140,130,22.06.29,44,Female,0,-,Holstein,-,0,-,-,22.02.11,0.5,6,182,140,Heifer,0,-,-,-,0,0,0,0,0,0,0,0,0,0,0,0,0,0,Report Heat,-,0,-,-,-,-,-,-,-,0,-,-,-
2634,-,140,130,22.06.29,44,Female,0,-,Holstein,-,0,-,-,22.02.15,0.5,5.8,178,140,Heifer,0,-,-,-,0,0,0,0,0,0,0,0,0,0,0,0,0,0,Report Heat,-,0,-,-,-,-,-,-,-,0,-,-,-
2635,-,140,130,22.06.29,44,Female,0,-,Holstein,-,0,-,-,22.03.01,0.4,5.4,164,140,Heifer,0,-,-,-,0,0,0,0,0,0,0,0,0,0,0,0,0,0,Report Heat,-,0,-,-,-,-,-,-,-,0,-,-,-
2636,-,140,130,22.06.29,44,Female,0,-,Holstein,-,0,-,-,22.03.01,0.4,5.4,164,140,Heifer,0,-,-,-,0,0,0,0,0,0,0,0,0,0,0,0,0,0,Report Heat,-,0,-,-,-,-,-,-,-,0,-,-,-
2637,-,140,130,22.06.29,44,Female,0,-,Holstein,-,0,-,-,22.03.01,0.4,5.4,164,140,Heifer,0,-,-,-,0,0,0,0,0,0,0,0,0,0,0,0,0,0,Report Heat,-,0,-,-,-,-,-,-,-,0,-,-,-
2638,-,140,130,22.06.29,44,Female,0,-,Holstein,-,0,-,-,22.03.01,0.4,5.4,164,140,Heifer,0,-,-,-,0,0,0,0,0,0,0,0,0,0,0,0,0,0,Report Heat,-,0,-,-,-,-,-,-,-,0,-,-,-
2639,-,140,130,22.06.29,44,Female,0,-,Holstein,-,0,-,-,22.03.02,0.4,5.4,163,140,Heifer,0,-,-,-,0,0,0,0,0,0,0,0,0,0,0,0,0,0,Report Heat,-,0,-,-,-,-,-,-,-,0,-,-,-
2640,-,140,130,22.06.29,44,Female,0,-,Holstein,-,0,-,-,22.03.02,0.4,5.4,163,140,Heifer,0,-,-,-,0,0,0,0,0,0,0,0,0,0,0,0,0,0,Report Heat,-,0,-,-,-,-,-,-,-,0,-,-,-
2641,-,140,130,22.06.29,44,Female,0,-,Holstein,-,0,-,-,22.03.02,0.4,5.4,163,140,Heifer,0,-,-,-,0,0,0,0,0,0,0,0,0,0,0,0,0,0,Report Heat,-,0,-,-,-,-,-,-,-,0,-,-,-
2642,-,140,130,22.06.29,44,Female,0,-,Holstein,-,0,-,-,22.03.03,0.4,5.3,162,140,Heifer,0,-,-,-,0,0,0,0,0,0,0,0,0,0,0,0,0,0,Report Heat,-,0,-,-,-,-,-,-,-,0,-,-,-
2643,-,140,130,22.06.29,44,Female,0,-,Holstein,-,0,-,-,22.03.03,0.4,5.3,162,140,Heifer,0,-,-,-,0,0,0,0,0,0,0,0,0,0,0,0,0,0,Report Heat,-,0,-,-,-,-,-,-,-,0,-,-,-
2644,-,140,130,22.06.29,44,Female,0,-,Holstein,-,0,-,-,22.03.05,0.4,5.3,160,140,Heifer,0,-,-,-,0,0,0,0,0,0,0,0,0,0,0,0,0,0,Report Heat,-,0,-,-,-,-,-,-,-,0,-,-,-
2645,-,140,130,22.06.29,44,Female,0,-,Holstein,-,0,-,-,22.03.06,0.4,5.2,159,140,Heifer,0,-,-,-,0,0,0,0,0,0,0,0,0,0,0,0,0,0,Report Heat,-,0,-,-,-,-,-,-,-,0,-,-,-
2646,-,140,130,22.06.29,44,Female,0,-,Holstein,-,0,-,-,22.03.07,0.4,5.2,158,140,Heifer,0,-,-,-,0,0,0,0,0,0,0,0,0,0,0,0,0,0,Report Heat,-,0,-,-,-,-,-,-,-,0,-,-,-
2647,-,140,130,22.06.29,44,Female,0,-,Holstein,-,0,-,-,22.03.07,0.4,5.2,158,140,Heifer,0,-,-,-,0,0,0,0,0,0,0,0,0,0,0,0,0,0,Report Heat,-,0,-,-,-,-,-,-,-,0,-,-,-
2648,-,130,103,22.08.10,2,Female,0,-,Holstein,-,0,-,-,22.06.17,0.2,1.8,56,130,Heifer,0,-,-,-,0,0,0,0,0,0,0,0,0,0,0,0,0,0,Report Heat,-,0,-,-,-,-,-,-,-,0,-,-,-
2649,-,199,190,22.07.02,41,Female,0,-,Holstein,-,0,-,Yes,22.03.08,0.4,5.2,157,199,"Cull, Not Pregnant",0,-,-,-,0,0,0,0,0,0,0,0,0,0,0,0,0,0,Report Heat,-,0,-,-,-,-,-,-,-,0,-,-,-
2650,-,140,130,22.06.29,44,Female,0,-,Holstein,-,0,-,-,22.03.09,0.4,5.1,156,140,Heifer,0,-,-,-,0,0,0,0,0,0,0,0,0,0,0,0,0,0,Report Heat,-,0,-,-,-,-,-,-,-,0,-,-,-
2651,-,130,140,22.06.29,44,Female,0,-,Holstein,-,0,-,-,22.03.09,0.4,5.1,156,130,Heifer,0,-,-,-,0,0,0,0,0,0,0,0,0,0,0,0,0,0,Report Heat,-,0,-,-,-,-,-,-,-,0,-,-,-
2652,-,130,140,22.06.29,44,Female,0,-,Holstein,-,0,-,-,22.03.09,0.4,5.1,156,130,Heifer,0,-,-,-,0,0,0,0,0,0,0,0,0,0,0,0,0,0,Report Heat,-,0,-,-,-,-,-,-,-,0,-,-,-
2653,-,130,140,22.06.29,44,Female,0,-,Holstein,-,0,-,-,22.03.10,0.4,5.1,155,130,Heifer,0,-,-,-,0,0,0,0,0,0,0,0,0,0,0,0,0,0,Report Heat,-,0,-,-,-,-,-,-,-,0,-,-,-
2654,-,130,140,22.06.29,44,Female,0,-,Holstein,-,0,-,-,22.03.10,0.4,5.1,155,130,Heifer,0,-,-,-,0,0,0,0,0,0,0,0,0,0,0,0,0,0,Report Heat,-,0,-,-,-,-,-,-,-,0,-,-,-
2655,-,130,140,22.06.29,44,Female,0,-,Holstein,-,0,-,-,22.03.10,0.4,5.1,155,130,Heifer,0,-,-,-,0,0,0,0,0,0,0,0,0,0,0,0,0,0,Report Heat,-,0,-,-,-,-,-,-,-,0,-,-,-
2656,-,130,140,22.06.29,44,Female,0,-,Holstein,-,0,-,-,22.03.12,0.4,5,153,130,Heifer,0,-,-,-,0,0,0,0,0,0,0,0,0,0,0,0,0,0,Report Heat,-,0,-,-,-,-,-,-,-,0,-,-,-
2657,-,130,140,22.06.29,44,Female,0,-,Holstein,-,0,-,-,22.03.12,0.4,5,153,130,Heifer,0,-,-,-,0,0,0,0,0,0,0,0,0,0,0,0,0,0,Report Heat,-,0,-,-,-,-,-,-,-,0,-,-,-
2658,-,130,140,22.06.29,44,Female,0,-,Holstein,-,0,-,-,22.03.12,0.4,5,153,130,Heifer,0,-,-,-,0,0,0,0,0,0,0,0,0,0,0,0,0,0,Report Heat,-,0,-,-,-,-,-,-,-,0,-,-,-
2659,-,130,140,22.06.29,44,Female,0,-,Holstein,-,0,-,-,22.03.13,0.4,5,152,130,Heifer,0,-,-,-,0,0,0,0,0,0,0,0,0,0,0,0,0,0,Report Heat,-,0,-,-,-,-,-,-,-,0,-,-,-
2660,-,130,140,22.06.29,44,Female,0,-,Holstein,-,0,-,-,22.03.13,0.4,5,152,130,Heifer,0,-,-,-,0,0,0,0,0,0,0,0,0,0,0,0,0,0,Report Heat,-,0,-,-,-,-,-,-,-,0,-,-,-
2661,-,130,103,22.05.26,78,Female,0,-,Holstein,-,0,-,-,22.03.15,0.4,4.9,150,130,Heifer,0,-,-,-,0,0,0,0,0,0,0,0,0,0,0,0,0,0,Report Heat,-,0,-,-,-,-,-,-,-,0,-,-,-
2662,-,130,103,22.05.26,78,Female,0,-,Holstein,-,0,-,-,22.03.15,0.4,4.9,150,130,Heifer,0,-,-,-,0,0,0,0,0,0,0,0,0,0,0,0,0,0,Report Heat,-,0,-,-,-,-,-,-,-,0,-,-,-
2663,-,199,190,22.05.01,103,Female,0,-,Holstein,-,0,-,Yes,22.03.15,0.4,4.9,150,199,"Cull, Not Pregnant",0,-,-,-,0,0,0,0,0,0,0,0,0,0,0,0,0,0,Report Heat,-,0,-,-,-,-,-,-,-,0,-,-,-
2664,-,130,103,22.05.26,78,Female,0,-,Holstein,-,0,-,-,22.03.15,0.4,4.9,150,130,Heifer,0,-,-,-,0,0,0,0,0,0,0,0,0,0,0,0,0,0,Report Heat,-,0,-,-,-,-,-,-,-,0,-,-,-
2665,-,130,103,22.06.29,44,Female,0,-,Holstein,-,0,-,-,22.03.15,0.4,4.9,150,130,Heifer,0,-,-,-,0,0,0,0,0,0,0,0,0,0,0,0,0,0,Report Heat,-,0,-,-,-,-,-,-,-,0,-,-,-
2666,-,130,103,22.05.26,78,Female,0,-,Holstein,-,0,-,-,22.03.15,0.4,4.9,150,130,Heifer,0,-,-,-,0,0,0,0,0,0,0,0,0,0,0,0,0,0,Report Heat,-,0,-,-,-,-,-,-,-,0,-,-,-
2667,-,130,103,22.05.26,78,Female,0,-,Holstein,-,0,-,-,22.03.13,0.4,5,152,130,Heifer,0,-,-,-,0,0,0,0,0,0,0,0,0,0,0,0,0,0,Report Heat,-,0,-,-,-,-,-,-,-,0,-,-,-
2668,-,130,103,22.05.26,78,Female,0,-,Holstein,-,0,-,-,22.03.17,0.4,4.9,148,130,Heifer,0,-,-,-,0,0,0,0,0,0,0,0,0,0,0,0,0,0,Report Heat,-,0,-,-,-,-,-,-,-,0,-,-,-
2669,-,130,103,22.05.26,78,Female,0,-,Holstein,-,0,-,-,22.03.17,0.4,4.9,148,130,Heifer,0,-,-,-,0,0,0,0,0,0,0,0,0,0,0,0,0,0,Report Heat,-,0,-,-,-,-,-,-,-,0,-,-,-
2670,-,130,103,22.06.07,66,Female,0,-,Holstein,-,0,-,-,22.03.17,0.4,4.9,148,130,Heifer,0,-,-,-,0,0,0,0,0,0,0,0,0,0,0,0,0,0,Report Heat,-,0,-,-,-,-,-,-,-,0,-,-,-
2671,-,130,103,22.05.26,78,Female,0,-,Holstein,-,0,-,-,22.03.19,0.4,4.8,146,130,Heifer,0,-,-,-,0,0,0,0,0,0,0,0,0,0,0,0,0,0,Report Heat,-,0,-,-,-,-,-,-,-,0,-,-,-
2672,-,130,103,22.05.26,78,Female,0,-,Holstein,-,0,-,-,22.03.19,0.4,4.8,146,130,Heifer,0,-,-,-,0,0,0,0,0,0,0,0,0,0,0,0,0,0,Report Heat,-,0,-,-,-,-,-,-,-,0,-,-,-
2673,-,130,103,22.05.26,78,Female,0,-,Holstein,-,0,-,-,22.03.19,0.4,4.8,146,130,Heifer,0,-,-,-,0,0,0,0,0,0,0,0,0,0,0,0,0,0,Report Heat,-,0,-,-,-,-,-,-,-,0,-,-,-
2674,-,130,103,22.05.26,78,Female,0,-,Holstein,-,0,-,-,22.03.20,0.4,4.8,145,130,Heifer,0,-,-,-,0,0,0,0,0,0,0,0,0,0,0,0,0,0,Report Heat,-,0,-,-,-,-,-,-,-,0,-,-,-
2675,-,130,103,22.05.26,78,Female,0,-,Holstein,-,0,-,-,22.03.20,0.4,4.8,145,130,Heifer,0,-,-,-,0,0,0,0,0,0,0,0,0,0,0,0,0,0,Report Heat,-,0,-,-,-,-,-,-,-,0,-,-,-
2676,-,130,103,22.05.26,78,Female,0,-,Holstein,-,0,-,-,22.03.20,0.4,4.8,145,130,Heifer,0,-,-,-,0,0,0,0,0,0,0,0,0,0,0,0,0,0,Report Heat,-,0,-,-,-,-,-,-,-,0,-,-,-
2677,-,130,103,22.05.26,78,Female,0,-,Holstein,-,0,-,-,22.03.20,0.4,4.8,145,130,Heifer,0,-,-,-,0,0,0,0,0,0,0,0,0,0,0,0,0,0,Report Heat,-,0,-,-,-,-,-,-,-,0,-,-,-
2678,-,130,103,22.05.26,78,Female,0,-,Holstein,-,0,-,-,22.03.20,0.4,4.8,145,130,Heifer,0,-,-,-,0,0,0,0,0,0,0,0,0,0,0,0,0,0,Report Heat,-,0,-,-,-,-,-,-,-,0,-,-,-
2679,-,130,103,22.05.26,78,Female,0,-,Holstein,-,0,-,-,22.03.20,0.4,4.8,145,130,Heifer,0,-,-,-,0,0,0,0,0,0,0,0,0,0,0,0,0,0,Report Heat,-,0,-,-,-,-,-,-,-,0,-,-,-
2680,-,130,103,22.05.26,78,Female,0,-,Holstein,-,0,-,-,22.03.20,0.4,4.8,145,130,Heifer,0,-,-,-,0,0,0,0,0,0,0,0,0,0,0,0,0,0,Report Heat,-,0,-,-,-,-,-,-,-,0,-,-,-
2681,-,130,103,22.05.26,78,Female,0,-,Holstein,-,0,-,-,22.03.22,0.4,4.7,143,130,Heifer,0,-,-,-,0,0,0,0,0,0,0,0,0,0,0,0,0,0,Report Heat,-,0,-,-,-,-,-,-,-,0,-,-,-
2682,-,130,103,22.05.26,78,Female,0,-,Holstein,-,0,-,-,22.03.22,0.4,4.7,143,130,Heifer,0,-,-,-,0,0,0,0,0,0,0,0,0,0,0,0,0,0,Report Heat,-,0,-,-,-,-,-,-,-,0,-,-,-
2683,-,130,103,22.05.26,78,Female,0,-,Holstein,-,0,-,-,22.03.23,0.4,4.7,142,130,Heifer,0,-,-,-,0,0,0,0,0,0,0,0,0,0,0,0,0,0,Report Heat,-,0,-,-,-,-,-,-,-,0,-,-,-
2684,-,130,103,22.06.07,66,Female,0,-,Holstein,-,0,-,-,22.03.23,0.4,4.7,142,130,Heifer,0,-,-,-,0,0,0,0,0,0,0,0,0,0,0,0,0,0,Report Heat,-,0,-,-,-,-,-,-,-,0,-,-,-
2685,-,130,103,22.05.26,78,Female,0,-,Holstein,-,0,-,-,22.03.23,0.4,4.7,142,130,Heifer,0,-,-,-,0,0,0,0,0,0,0,0,0,0,0,0,0,0,Report Heat,-,0,-,-,-,-,-,-,-,0,-,-,-
2686,-,130,103,22.05.26,78,Female,0,-,Holstein,-,0,-,-,22.03.24,0.4,4.6,141,130,Heifer,0,-,-,-,0,0,0,0,0,0,0,0,0,0,0,0,0,0,Report Heat,-,0,-,-,-,-,-,-,-,0,-,-,-
2687,-,130,103,22.05.26,78,Female,0,-,Holstein,-,0,-,-,22.03.24,0.4,4.6,141,130,Heifer,0,-,-,-,0,0,0,0,0,0,0,0,0,0,0,0,0,0,Report Heat,-,0,-,-,-,-,-,-,-,0,-,-,-
2688,-,130,103,22.05.26,78,Female,0,-,Holstein,-,0,-,-,22.03.26,0.4,4.6,139,130,Heifer,0,-,-,-,0,0,0,0,0,0,0,0,0,0,0,0,0,0,Report Heat,-,0,-,-,-,-,-,-,-,0,-,-,-
2689,-,130,103,22.05.26,78,Female,0,-,Holstein,-,0,-,-,22.03.26,0.4,4.6,139,130,Heifer,0,-,-,-,0,0,0,0,0,0,0,0,0,0,0,0,0,0,Report Heat,-,0,-,-,-,-,-,-,-,0,-,-,-
2690,-,130,103,22.05.26,78,Female,0,-,Holstein,1230,0,-,-,22.03.26,0.4,4.6,139,130,Heifer,0,-,-,-,0,0,0,0,0,0,0,0,0,0,0,0,0,0,Report Heat,-,0,-,-,-,-,-,-,-,0,-,-,-
2691,-,130,103,22.05.26,78,Female,0,-,Holstein,-,0,-,-,22.03.26,0.4,4.6,139,130,Heifer,0,-,-,-,0,0,0,0,0,0,0,0,0,0,0,0,0,0,Report Heat,-,0,-,-,-,-,-,-,-,0,-,-,-
2692,-,130,103,22.05.26,78,Female,0,-,Holstein,-,0,-,-,22.03.26,0.4,4.6,139,130,Heifer,0,-,-,-,0,0,0,0,0,0,0,0,0,0,0,0,0,0,Report Heat,-,0,-,-,-,-,-,-,-,0,-,-,-
2693,-,130,103,22.05.26,78,Female,0,-,Holstein,-,0,-,-,22.03.28,0.4,4.5,137,130,Heifer,0,-,-,-,0,0,0,0,0,0,0,0,0,0,0,0,0,0,Report Heat,-,0,-,-,-,-,-,-,-,0,-,-,-
2694,-,130,103,22.05.26,78,Female,0,-,Holstein,-,0,-,-,22.03.28,0.4,4.5,137,130,Heifer,0,-,-,-,0,0,0,0,0,0,0,0,0,0,0,0,0,0,Report Heat,-,0,-,-,-,-,-,-,-,0,-,-,-
2695,-,130,103,22.05.26,78,Female,0,-,Holstein,-,0,-,-,22.03.28,0.4,4.5,137,130,Heifer,0,-,-,-,0,0,0,0,0,0,0,0,0,0,0,0,0,0,Report Heat,-,0,-,-,-,-,-,-,-,0,-,-,-
2696,-,130,103,22.05.26,78,Female,0,-,Holstein,-,0,-,-,22.03.31,0.4,4.4,134,130,Heifer,0,-,-,-,0,0,0,0,0,0,0,0,0,0,0,0,0,0,Report Heat,-,0,-,-,-,-,-,-,-,0,-,-,-
2697,-,130,103,22.05.26,78,Female,0,-,Holstein,-,0,-,-,22.03.31,0.4,4.4,134,130,Heifer,0,-,-,-,0,0,0,0,0,0,0,0,0,0,0,0,0,0,Report Heat,-,0,-,-,-,-,-,-,-,0,-,-,-
2698,-,130,103,22.05.26,78,Female,0,-,Holstein,-,0,-,-,22.03.24,0.4,4.6,141,130,Heifer,0,-,-,-,0,0,0,0,0,0,0,0,0,0,0,0,0,0,Report Heat,-,0,-,-,-,-,-,-,-,0,-,-,-
2699,-,130,103,22.05.26,78,Female,0,-,Holstein,-,0,-,-,22.04.01,0.4,4.4,133,130,Heifer,0,-,-,-,0,0,0,0,0,0,0,0,0,0,0,0,0,0,Report Heat,-,0,-,-,-,-,-,-,-,0,-,-,-
2700,-,130,103,22.05.26,78,Female,0,-,Holstein,-,0,-,-,22.04.01,0.4,4.4,133,130,Heifer,0,-,-,-,0,0,0,0,0,0,0,0,0,0,0,0,0,0,Report Heat,-,0,-,-,-,-,-,-,-,0,-,-,-
2701,-,130,103,22.05.26,78,Female,0,-,Holstein,-,0,-,-,22.04.02,0.4,4.3,132,130,Heifer,0,-,-,-,0,0,0,0,0,0,0,0,0,0,0,0,0,0,Report Heat,-,0,-,-,-,-,-,-,-,0,-,-,-
2702,-,130,103,22.05.26,78,Female,0,-,Holstein,-,0,-,-,22.04.02,0.4,4.3,132,130,Heifer,0,-,-,-,0,0,0,0,0,0,0,0,0,0,0,0,0,0,Report Heat,-,0,-,-,-,-,-,-,-,0,-,-,-
2703,-,130,103,22.06.07,66,Female,0,-,Holstein,-,0,-,-,22.04.02,0.4,4.3,132,130,Heifer,0,-,-,-,0,0,0,0,0,0,0,0,0,0,0,0,0,0,Report Heat,-,0,-,-,-,-,-,-,-,0,-,-,-
2704,-,130,103,22.06.07,66,Female,0,-,Holstein,-,0,-,-,22.04.02,0.4,4.3,132,130,Heifer,0,-,-,-,0,0,0,0,0,0,0,0,0,0,0,0,0,0,Report Heat,-,0,-,-,-,-,-,-,-,0,-,-,-
2705,-,130,103,22.06.07,66,Female,0,-,Holstein,-,0,-,-,22.04.02,0.4,4.3,132,130,Heifer,0,-,-,-,0,0,0,0,0,0,0,0,0,0,0,0,0,0,Report Heat,-,0,-,-,-,-,-,-,-,0,-,-,-
2706,-,130,103,22.06.07,66,Female,0,-,Holstein,-,0,-,-,22.04.02,0.4,4.3,132,130,Heifer,0,-,-,-,0,0,0,0,0,0,0,0,0,0,0,0,0,0,Report Heat,-,0,-,-,-,-,-,-,-,0,-,-,-
2707,-,130,103,22.06.07,66,Female,0,-,Holstein,-,0,-,-,22.04.02,0.4,4.3,132,130,Heifer,0,-,-,-,0,0,0,0,0,0,0,0,0,0,0,0,0,0,Report Heat,-,0,-,-,-,-,-,-,-,0,-,-,-
2708,-,130,103,22.06.07,66,Female,0,-,Holstein,-,0,-,-,22.04.04,0.4,4.3,130,130,Heifer,0,-,-,-,0,0,0,0,0,0,0,0,0,0,0,0,0,0,Report Heat,-,0,-,-,-,-,-,-,-,0,-,-,-
2709,-,130,103,22.06.07,66,Female,0,-,Holstein,-,0,-,-,22.04.04,0.4,4.3,130,130,Heifer,0,-,-,-,0,0,0,0,0,0,0,0,0,0,0,0,0,0,Report Heat,-,0,-,-,-,-,-,-,-,0,-,-,-
2710,-,130,103,22.06.07,66,Female,0,-,Holstein,-,0,-,-,22.04.04,0.4,4.3,130,130,Heifer,0,-,-,-,0,0,0,0,0,0,0,0,0,0,0,0,0,0,Report Heat,-,0,-,-,-,-,-,-,-,0,-,-,-
2711,-,130,103,22.06.07,66,Female,0,-,Holstein,-,0,-,-,22.04.04,0.4,4.3,130,130,Heifer,0,-,-,-,0,0,0,0,0,0,0,0,0,0,0,0,0,0,Report Heat,-,0,-,-,-,-,-,-,-,0,-,-,-
2712,-,130,103,22.07.01,42,Female,0,-,Holstein,-,0,-,-,22.04.05,0.4,4.2,129,130,Heifer,0,-,-,-,0,0,0,0,0,0,0,0,0,0,0,0,0,0,Report Heat,-,0,-,-,-,-,-,-,-,0,-,-,-
2713,-,130,103,22.06.07,66,Female,0,-,Holstein,-,0,-,-,22.04.05,0.4,4.2,129,130,Heifer,0,-,-,-,0,0,0,0,0,0,0,0,0,0,0,0,0,0,Report Heat,-,0,-,-,-,-,-,-,-,0,-,-,-
2714,-,130,103,22.06.07,66,Female,0,-,Holstein,-,0,-,-,22.04.05,0.4,4.2,129,130,Heifer,0,-,-,-,0,0,0,0,0,0,0,0,0,0,0,0,0,0,Report Heat,-,0,-,-,-,-,-,-,-,0,-,-,-
2715,-,130,103,22.06.07,66,Female,0,-,Holstein,-,0,-,-,22.04.06,0.4,4.2,128,130,Heifer,0,-,-,-,0,0,0,0,0,0,0,0,0,0,0,0,0,0,Report Heat,-,0,-,-,-,-,-,-,-,0,-,-,-
2716,-,130,103,22.06.07,66,Female,0,-,Holstein,-,0,-,-,22.04.07,0.3,4.2,127,130,Heifer,0,-,-,-,0,0,0,0,0,0,0,0,0,0,0,0,0,0,Report Heat,-,0,-,-,-,-,-,-,-,0,-,-,-
2717,-,130,103,22.06.07,66,Female,0,-,Holstein,-,0,-,-,22.04.07,0.3,4.2,127,130,Heifer,0,-,-,-,0,0,0,0,0,0,0,0,0,0,0,0,0,0,Report Heat,-,0,-,-,-,-,-,-,-,0,-,-,-
2718,-,130,103,22.06.07,66,Female,0,-,Holstein,-,0,-,-,22.04.07,0.3,4.2,127,130,Heifer,0,-,-,-,0,0,0,0,0,0,0,0,0,0,0,0,0,0,Report Heat,-,0,-,-,-,-,-,-,-,0,-,-,-
2719,-,130,103,22.06.07,66,Female,0,-,Holstein,-,0,-,-,22.04.09,0.3,4.1,125,130,Heifer,0,-,-,-,0,0,0,0,0,0,0,0,0,0,0,0,0,0,Report Heat,-,0,-,-,-,-,-,-,-,0,-,-,-
2720,-,130,103,22.06.07,66,Female,0,-,Holstein,-,0,-,-,22.04.09,0.3,4.1,125,130,Heifer,0,-,-,-,0,0,0,0,0,0,0,0,0,0,0,0,0,0,Report Heat,-,0,-,-,-,-,-,-,-,0,-,-,-
2721,-,130,103,22.06.07,66,Female,0,-,Holstein,-,0,-,-,22.04.09,0.3,4.1,125,130,Heifer,0,-,-,-,0,0,0,0,0,0,0,0,0,0,0,0,0,0,Report Heat,-,0,-,-,-,-,-,-,-,0,-,-,-
2722,-,130,103,22.06.07,66,Female,0,-,Holstein,-,0,-,-,22.04.09,0.3,4.1,125,130,Heifer,0,-,-,-,0,0,0,0,0,0,0,0,0,0,0,0,0,0,Report Heat,-,0,-,-,-,-,-,-,-,0,-,-,-
2723,-,130,103,22.06.07,66,Female,0,-,Holstein,-,0,-,-,22.04.11,0.3,4,123,130,Heifer,0,-,-,-,0,0,0,0,0,0,0,0,0,0,0,0,0,0,Report Heat,-,0,-,-,-,-,-,-,-,0,-,-,-
2724,-,130,103,22.06.07,66,Female,0,-,Holstein,-,0,-,-,22.04.11,0.3,4,123,130,Heifer,0,-,-,-,0,0,0,0,0,0,0,0,0,0,0,0,0,0,Report Heat,-,0,-,-,-,-,-,-,-,0,-,-,-
2725,-,130,103,22.06.13,60,Female,0,-,Holstein,-,0,-,-,22.04.11,0.3,4,123,130,Heifer,0,-,-,-,0,0,0,0,0,0,0,0,0,0,0,0,0,0,Report Heat,-,0,-,-,-,-,-,-,-,0,-,-,-
2726,-,130,103,22.06.13,60,Female,0,-,Holstein,-,0,-,-,22.04.11,0.3,4,123,130,Heifer,0,-,-,-,0,0,0,0,0,0,0,0,0,0,0,0,0,0,Report Heat,-,0,-,-,-,-,-,-,-,0,-,-,-
2727,-,130,103,22.06.13,60,Female,0,-,Holstein,-,0,-,-,22.04.11,0.3,4,123,130,Heifer,0,-,-,-,0,0,0,0,0,0,0,0,0,0,0,0,0,0,Report Heat,-,0,-,-,-,-,-,-,-,0,-,-,-
2728,-,130,103,22.06.13,60,Female,0,-,Holstein,-,0,-,-,22.04.11,0.3,4,123,130,Heifer,0,-,-,-,0,0,0,0,0,0,0,0,0,0,0,0,0,0,Report Heat,-,0,-,-,-,-,-,-,-,0,-,-,-
2729,-,130,103,22.06.13,60,Female,0,-,Holstein,-,0,-,-,22.04.11,0.3,4,123,130,Heifer,0,-,-,-,0,0,0,0,0,0,0,0,0,0,0,0,0,0,Report Heat,-,0,-,-,-,-,-,-,-,0,-,-,-
2730,-,130,103,22.06.13,60,Female,0,-,Holstein,-,0,-,-,22.04.12,0.3,4,122,130,Heifer,0,-,-,-,0,0,0,0,0,0,0,0,0,0,0,0,0,0,Report Heat,-,0,-,-,-,-,-,-,-,0,-,-,-
2731,-,130,103,22.06.13,60,Female,0,-,Holstein,-,0,-,-,22.04.12,0.3,4,122,130,Heifer,0,-,-,-,0,0,0,0,0,0,0,0,0,0,0,0,0,0,Report Heat,-,0,-,-,-,-,-,-,-,0,-,-,-
2732,-,130,103,22.06.13,60,Female,0,-,Holstein,-,0,-,-,22.04.12,0.3,4,122,130,Heifer,0,-,-,-,0,0,0,0,0,0,0,0,0,0,0,0,0,0,Report Heat,-,0,-,-,-,-,-,-,-,0,-,-,-
2733,-,130,103,22.06.13,60,Female,0,-,Holstein,-,0,-,-,22.04.13,0.3,4,121,130,Heifer,0,-,-,-,0,0,0,0,0,0,0,0,0,0,0,0,0,0,Report Heat,-,0,-,-,-,-,-,-,-,0,-,-,-
2734,-,130,103,22.07.01,42,Female,0,-,Holstein,-,0,-,-,22.04.13,0.3,4,121,130,Heifer,0,-,-,-,0,0,0,0,0,0,0,0,0,0,0,0,0,0,Report Heat,-,0,-,-,-,-,-,-,-,0,-,-,-
2735,-,130,103,22.06.13,60,Female,0,-,Holstein,-,0,-,-,22.04.13,0.3,4,121,130,Heifer,0,-,-,-,0,0,0,0,0,0,0,0,0,0,0,0,0,0,Report Heat,-,0,-,-,-,-,-,-,-,0,-,-,-
2736,-,130,103,22.06.13,60,Female,0,-,Holstein,-,0,-,-,22.04.13,0.3,4,121,130,Heifer,0,-,-,-,0,0,0,0,0,0,0,0,0,0,0,0,0,0,Report Heat,-,0,-,-,-,-,-,-,-,0,-,-,-
2737,-,130,103,22.06.13,60,Female,0,-,Holstein,-,0,-,-,22.04.13,0.3,4,121,130,Heifer,0,-,-,-,0,0,0,0,0,0,0,0,0,0,0,0,0,0,Report Heat,-,0,-,-,-,-,-,-,-,0,-,-,-
2738,-,130,103,22.06.13,60,Female,0,-,Holstein,-,0,-,-,22.04.14,0.3,3.9,120,130,Heifer,0,-,-,-,0,0,0,0,0,0,0,0,0,0,0,0,0,0,Report Heat,-,0,-,-,-,-,-,-,-,0,-,-,-
2739,-,130,103,22.06.13,60,Female,0,-,Holstein,-,0,-,-,22.04.16,0.3,3.9,118,130,Heifer,0,-,-,-,0,0,0,0,0,0,0,0,0,0,0,0,0,0,Report Heat,-,0,-,-,-,-,-,-,-,0,-,-,-
2740,-,130,103,22.06.13,60,Female,0,-,Holstein,-,0,-,-,22.04.16,0.3,3.9,118,130,Heifer,0,-,-,-,0,0,0,0,0,0,0,0,0,0,0,0,0,0,Report Heat,-,0,-,-,-,-,-,-,-,0,-,-,-
2741,-,130,103,22.06.13,60,Female,0,-,Holstein,-,0,-,-,22.04.17,0.3,3.8,117,130,Heifer,0,-,-,-,0,0,0,0,0,0,0,0,0,0,0,0,0,0,Report Heat,-,0,-,-,-,-,-,-,-,0,-,-,-
2742,-,130,103,22.06.13,60,Female,0,-,Holstein,-,0,-,-,22.04.17,0.3,3.8,117,130,Heifer,0,-,-,-,0,0,0,0,0,0,0,0,0,0,0,0,0,0,Report Heat,-,0,-,-,-,-,-,-,-,0,-,-,-
2743,-,130,103,22.06.13,60,Female,0,-,Holstein,-,0,-,-,22.04.18,0.3,3.8,116,130,Heifer,0,-,-,-,0,0,0,0,0,0,0,0,0,0,0,0,0,0,Report Heat,-,0,-,-,-,-,-,-,-,0,-,-,-
2744,-,130,103,22.06.13,60,Female,0,-,Holstein,-,0,-,-,22.04.18,0.3,3.8,116,130,Heifer,0,-,-,-,0,0,0,0,0,0,0,0,0,0,0,0,0,0,Report Heat,-,0,-,-,-,-,-,-,-,0,-,-,-
2745,-,130,103,22.06.13,60,Female,0,-,Holstein,-,0,-,-,22.04.18,0.3,3.8,116,130,Heifer,0,-,-,-,0,0,0,0,0,0,0,0,0,0,0,0,0,0,Report Heat,-,0,-,-,-,-,-,-,-,0,-,-,-
2746,-,130,103,22.06.13,60,Female,0,-,Holstein,-,0,-,-,22.04.18,0.3,3.8,116,130,Heifer,0,-,-,-,0,0,0,0,0,0,0,0,0,0,0,0,0,0,Report Heat,-,0,-,-,-,-,-,-,-,0,-,-,-
2747,-,130,103,22.06.17,56,Female,0,-,Holstein,-,0,-,-,22.04.18,0.3,3.8,116,130,Heifer,0,-,-,-,0,0,0,0,0,0,0,0,0,0,0,0,0,0,Report Heat,-,0,-,-,-,-,-,-,-,0,-,-,-
2748,-,130,103,22.06.17,56,Female,0,-,Holstein,-,0,-,-,22.04.19,0.3,3.8,115,130,Heifer,0,-,-,-,0,0,0,0,0,0,0,0,0,0,0,0,0,0,Report Heat,-,0,-,-,-,-,-,-,-,0,-,-,-
2749,-,130,103,22.06.17,56,Female,0,-,Holstein,-,0,-,-,22.04.19,0.3,3.8,115,130,Heifer,0,-,-,-,0,0,0,0,0,0,0,0,0,0,0,0,0,0,Report Heat,-,0,-,-,-,-,-,-,-,0,-,-,-
2750,-,130,103,22.06.17,56,Female,0,-,Holstein,-,0,-,-,22.04.19,0.3,3.8,115,130,Heifer,0,-,-,-,0,0,0,0,0,0,0,0,0,0,0,0,0,0,Report Heat,-,0,-,-,-,-,-,-,-,0,-,-,-
2751,-,130,103,22.06.17,56,Female,0,-,Holstein,-,0,-,-,22.04.19,0.3,3.8,115,130,Heifer,0,-,-,-,0,0,0,0,0,0,0,0,0,0,0,0,0,0,Report Heat,-,0,-,-,-,-,-,-,-,0,-,-,-
2752,-,130,103,22.06.17,56,Female,0,-,Holstein,-,0,-,-,22.04.19,0.3,3.8,115,130,Heifer,0,-,-,-,0,0,0,0,0,0,0,0,0,0,0,0,0,0,Report Heat,-,0,-,-,-,-,-,-,-,0,-,-,-
2753,-,130,103,22.06.17,56,Female,0,-,Holstein,-,0,-,-,22.04.19,0.3,3.8,115,130,Heifer,0,-,-,-,0,0,0,0,0,0,0,0,0,0,0,0,0,0,Report Heat,-,0,-,-,-,-,-,-,-,0,-,-,-
2754,-,130,103,22.06.17,56,Female,0,-,Holstein,-,0,-,-,22.04.19,0.3,3.8,115,130,Heifer,0,-,-,-,0,0,0,0,0,0,0,0,0,0,0,0,0,0,Report Heat,-,0,-,-,-,-,-,-,-,0,-,-,-
2755,-,130,103,22.06.17,56,Female,0,-,Holstein,-,0,-,-,22.04.19,0.3,3.8,115,130,Heifer,0,-,-,-,0,0,0,0,0,0,0,0,0,0,0,0,0,0,Report Heat,-,0,-,-,-,-,-,-,-,0,-,-,-
2756,-,130,103,22.06.17,56,Female,0,-,Holstein,-,0,-,-,22.04.21,0.3,3.7,113,130,Heifer,0,-,-,-,0,0,0,0,0,0,0,0,0,0,0,0,0,0,Report Heat,-,0,-,-,-,-,-,-,-,0,-,-,-
2757,-,130,103,22.06.17,56,Female,0,-,Holstein,-,0,-,-,22.04.21,0.3,3.7,113,130,Heifer,0,-,-,-,0,0,0,0,0,0,0,0,0,0,0,0,0,0,Report Heat,-,0,-,-,-,-,-,-,-,0,-,-,-
2758,-,199,190,22.08.02,10,Female,0,-,Holstein,-,0,-,Yes,22.04.21,0.3,3.7,113,199,"Cull, Not Pregnant",0,-,-,-,0,0,0,0,0,0,0,0,0,0,0,0,0,0,Report Heat,-,0,-,-,-,-,-,-,-,0,-,-,-
2759,-,130,103,22.07.16,27,Female,0,-,Holstein,-,0,-,-,22.04.23,0.3,3.6,111,130,Heifer,0,-,-,-,0,0,0,0,0,0,0,0,0,0,0,0,0,0,Report Heat,-,0,-,-,-,-,-,-,-,0,-,-,-
2760,-,130,103,22.06.17,56,Female,0,-,Holstein,-,0,-,-,22.04.23,0.3,3.6,111,130,Heifer,0,-,-,-,0,0,0,0,0,0,0,0,0,0,0,0,0,0,Report Heat,-,0,-,-,-,-,-,-,-,0,-,-,-
2761,-,130,103,22.06.17,56,Female,0,-,Holstein,-,0,-,-,22.04.23,0.3,3.6,111,130,Heifer,0,-,-,-,0,0,0,0,0,0,0,0,0,0,0,0,0,0,Report Heat,-,0,-,-,-,-,-,-,-,0,-,-,-
2762,-,130,103,22.06.17,56,Female,0,-,Holstein,-,0,-,-,22.04.23,0.3,3.6,111,130,Heifer,0,-,-,-,0,0,0,0,0,0,0,0,0,0,0,0,0,0,Report Heat,-,0,-,-,-,-,-,-,-,0,-,-,-
2763,-,130,103,22.06.17,56,Female,0,-,Holstein,-,0,-,-,22.04.23,0.3,3.6,111,130,Heifer,0,-,-,-,0,0,0,0,0,0,0,0,0,0,0,0,0,0,Report Heat,-,0,-,-,-,-,-,-,-,0,-,-,-
2764,-,130,103,22.06.17,56,Female,0,-,Holstein,-,0,-,-,22.04.23,0.3,3.6,111,130,Heifer,0,-,-,-,0,0,0,0,0,0,0,0,0,0,0,0,0,0,Report Heat,-,0,-,-,-,-,-,-,-,0,-,-,-
2765,-,130,103,22.06.17,56,Female,0,-,Holstein,-,0,-,-,22.04.23,0.3,3.6,111,130,Heifer,0,-,-,-,0,0,0,0,0,0,0,0,0,0,0,0,0,0,Report Heat,-,0,-,-,-,-,-,-,-,0,-,-,-
2766,-,130,103,22.07.01,42,Female,0,-,Holstein,-,0,-,-,22.04.23,0.3,3.6,111,130,Heifer,0,-,-,-,0,0,0,0,0,0,0,0,0,0,0,0,0,0,Report Heat,-,0,-,-,-,-,-,-,-,0,-,-,-
2767,-,130,103,22.07.01,42,Female,0,-,Holstein,-,0,-,-,22.04.23,0.3,3.6,111,130,Heifer,0,-,-,-,0,0,0,0,0,0,0,0,0,0,0,0,0,0,Report Heat,-,0,-,-,-,-,-,-,-,0,-,-,-
2768,-,130,103,22.07.01,42,Female,0,-,Holstein,-,0,-,-,22.04.23,0.3,3.6,111,130,Heifer,0,-,-,-,0,0,0,0,0,0,0,0,0,0,0,0,0,0,Report Heat,-,0,-,-,-,-,-,-,-,0,-,-,-
2769,-,130,103,22.07.01,42,Female,0,-,Holstein,-,0,-,-,22.04.25,0.3,3.6,109,130,Heifer,0,-,-,-,0,0,0,0,0,0,0,0,0,0,0,0,0,0,Report Heat,-,0,-,-,-,-,-,-,-,0,-,-,-
2770,-,130,103,22.07.01,42,Female,0,-,Holstein,-,0,-,-,22.04.25,0.3,3.6,109,130,Heifer,0,-,-,-,0,0,0,0,0,0,0,0,0,0,0,0,0,0,Report Heat,-,0,-,-,-,-,-,-,-,0,-,-,-
2771,-,130,103,22.07.01,42,Female,0,-,Holstein,-,0,-,-,22.04.25,0.3,3.6,109,130,Heifer,0,-,-,-,0,0,0,0,0,0,0,0,0,0,0,0,0,0,Report Heat,-,0,-,-,-,-,-,-,-,0,-,-,-
2772,-,130,103,22.07.16,27,Female,0,-,Holstein,-,0,-,-,22.04.25,0.3,3.6,109,130,Heifer,0,-,-,-,0,0,0,0,0,0,0,0,0,0,0,0,0,0,Report Heat,-,0,-,-,-,-,-,-,-,0,-,-,-
2773,-,130,103,22.07.01,42,Female,0,-,Holstein,-,0,-,-,22.04.26,0.3,3.5,108,130,Heifer,0,-,-,-,0,0,0,0,0,0,0,0,0,0,0,0,0,0,Report Heat,-,0,-,-,-,-,-,-,-,0,-,-,-
2774,-,130,103,22.07.01,42,Female,0,-,Holstein,-,0,-,-,22.04.27,0.3,3.5,107,130,Heifer,0,-,-,-,0,0,0,0,0,0,0,0,0,0,0,0,0,0,Report Heat,-,0,-,-,-,-,-,-,-,0,-,-,-
2775,-,130,103,22.07.25,18,Female,0,-,Holstein,-,0,-,-,22.04.27,0.3,3.5,107,130,Heifer,0,-,-,-,0,0,0,0,0,0,0,0,0,0,0,0,0,0,Report Heat,-,0,-,-,-,-,-,-,-,0,-,-,-
2776,-,130,103,22.07.01,42,Female,0,-,Holstein,-,0,-,-,22.04.27,0.3,3.5,107,130,Heifer,0,-,-,-,0,0,0,0,0,0,0,0,0,0,0,0,0,0,Report Heat,-,0,-,-,-,-,-,-,-,0,-,-,-
2777,-,130,103,22.07.25,18,Female,0,-,Holstein,-,0,-,-,22.04.27,0.3,3.5,107,130,Heifer,0,-,-,-,0,0,0,0,0,0,0,0,0,0,0,0,0,0,Report Heat,-,0,-,-,-,-,-,-,-,0,-,-,-
2778,-,130,103,22.07.01,42,Female,0,-,Holstein,-,0,-,-,22.04.28,0.3,3.5,106,130,Heifer,0,-,-,-,0,0,0,0,0,0,0,0,0,0,0,0,0,0,Report Heat,-,0,-,-,-,-,-,-,-,0,-,-,-
2779,-,130,103,22.07.25,18,Female,0,-,Holstein,-,0,-,-,22.04.28,0.3,3.5,106,130,Heifer,0,-,-,-,0,0,0,0,0,0,0,0,0,0,0,0,0,0,Report Heat,-,0,-,-,-,-,-,-,-,0,-,-,-
2780,-,130,103,22.07.01,42,Female,0,-,Holstein,-,0,-,-,22.04.28,0.3,3.5,106,130,Heifer,0,-,-,-,0,0,0,0,0,0,0,0,0,0,0,0,0,0,Report Heat,-,0,-,-,-,-,-,-,-,0,-,-,-
2781,-,130,103,22.07.01,42,Female,0,-,Holstein,-,0,-,-,22.04.28,0.3,3.5,106,130,Heifer,0,-,-,-,0,0,0,0,0,0,0,0,0,0,0,0,0,0,Report Heat,-,0,-,-,-,-,-,-,-,0,-,-,-
2782,-,130,103,22.07.01,42,Female,0,-,Holstein,-,0,-,-,22.04.28,0.3,3.5,106,130,Heifer,0,-,-,-,0,0,0,0,0,0,0,0,0,0,0,0,0,0,Report Heat,-,0,-,-,-,-,-,-,-,0,-,-,-
2783,-,130,103,22.07.01,42,Female,0,-,Holstein,-,0,-,-,22.04.28,0.3,3.5,106,130,Heifer,0,-,-,-,0,0,0,0,0,0,0,0,0,0,0,0,0,0,Report Heat,-,0,-,-,-,-,-,-,-,0,-,-,-
2784,-,130,103,22.07.01,42,Female,0,-,Holstein,-,0,-,-,22.04.30,0.3,3.4,104,130,Heifer,0,-,-,-,0,0,0,0,0,0,0,0,0,0,0,0,0,0,Report Heat,-,0,-,-,-,-,-,-,-,0,-,-,-
2785,-,130,103,22.07.01,42,Female,0,-,Holstein,-,0,-,-,22.04.30,0.3,3.4,104,130,Heifer,0,-,-,-,0,0,0,0,0,0,0,0,0,0,0,0,0,0,Report Heat,-,0,-,-,-,-,-,-,-,0,-,-,-
2786,-,130,103,22.07.01,42,Female,0,-,Holstein,-,0,-,-,22.04.30,0.3,3.4,104,130,Heifer,0,-,-,-,0,0,0,0,0,0,0,0,0,0,0,0,0,0,Report Heat,-,0,-,-,-,-,-,-,-,0,-,-,-
2787,-,130,103,22.07.01,42,Female,0,-,Holstein,-,0,-,-,22.05.01,0.3,3.4,103,130,Heifer,0,-,-,-,0,0,0,0,0,0,0,0,0,0,0,0,0,0,Report Heat,-,0,-,-,-,-,-,-,-,0,-,-,-
2788,-,130,103,22.07.16,27,Female,0,-,Holstein,-,0,-,-,22.05.02,0.3,3.4,102,130,Heifer,0,-,-,-,0,0,0,0,0,0,0,0,0,0,0,0,0,0,Report Heat,-,0,-,-,-,-,-,-,-,0,-,-,-
2789,-,130,103,22.07.16,27,Female,0,-,Holstein,-,0,-,-,22.05.03,0.3,3.3,101,130,Heifer,0,-,-,-,0,0,0,0,0,0,0,0,0,0,0,0,0,0,Report Heat,-,0,-,-,-,-,-,-,-,0,-,-,-
2790,-,130,103,22.07.16,27,Female,0,-,Holstein,-,0,-,-,22.05.03,0.3,3.3,101,130,Heifer,0,-,-,-,0,0,0,0,0,0,0,0,0,0,0,0,0,0,Report Heat,-,0,-,-,-,-,-,-,-,0,-,-,-
2791,-,130,103,22.07.16,27,Female,0,-,Holstein,-,0,-,-,22.05.03,0.3,3.3,101,130,Heifer,0,-,-,-,0,0,0,0,0,0,0,0,0,0,0,0,0,0,Report Heat,-,0,-,-,-,-,-,-,-,0,-,-,-
2792,-,130,103,22.07.16,27,Female,0,-,Holstein,-,0,-,-,22.05.03,0.3,3.3,101,130,Heifer,0,-,-,-,0,0,0,0,0,0,0,0,0,0,0,0,0,0,Report Heat,-,0,-,-,-,-,-,-,-,0,-,-,-
2793,-,130,103,22.07.16,27,Female,0,-,Holstein,-,0,-,-,22.05.04,0.3,3.3,100,130,Heifer,0,-,-,-,0,0,0,0,0,0,0,0,0,0,0,0,0,0,Report Heat,-,0,-,-,-,-,-,-,-,0,-,-,-
2794,-,130,103,22.07.16,27,Female,0,-,Holstein,-,0,-,-,22.05.04,0.3,3.3,100,130,Heifer,0,-,-,-,0,0,0,0,0,0,0,0,0,0,0,0,0,0,Report Heat,-,0,-,-,-,-,-,-,-,0,-,-,-
2795,-,130,103,22.07.16,27,Female,0,-,Holstein,-,0,-,-,22.05.07,0.3,3.2,97,130,Heifer,0,-,-,-,0,0,0,0,0,0,0,0,0,0,0,0,0,0,Report Heat,-,0,-,-,-,-,-,-,-,0,-,-,-
2796,-,130,103,22.07.29,14,Female,0,-,Holstein,-,0,-,-,22.05.08,0.3,3.2,96,130,Heifer,0,-,-,-,0,0,0,0,0,0,0,0,0,0,0,0,0,0,Report Heat,-,0,-,-,-,-,-,-,-,0,-,-,-
2797,-,130,103,22.07.16,27,Female,0,-,Holstein,-,0,-,-,22.05.09,0.3,3.1,95,130,Heifer,0,-,-,-,0,0,0,0,0,0,0,0,0,0,0,0,0,0,Report Heat,-,0,-,-,-,-,-,-,-,0,-,-,-
2798,-,130,103,22.07.29,14,Female,0,-,Holstein,-,0,-,-,22.05.09,0.3,3.1,95,130,Heifer,0,-,-,-,0,0,0,0,0,0,0,0,0,0,0,0,0,0,Report Heat,-,0,-,-,-,-,-,-,-,0,-,-,-
2799,-,130,103,22.07.16,27,Female,0,-,Holstein,-,0,-,-,22.05.11,0.3,3.1,93,130,Heifer,0,-,-,-,0,0,0,0,0,0,0,0,0,0,0,0,0,0,Report Heat,-,0,-,-,-,-,-,-,-,0,-,-,-
2800,-,130,103,22.07.16,27,Female,0,-,Holstein,-,0,-,-,22.05.11,0.3,3.1,93,130,Heifer,0,-,-,-,0,0,0,0,0,0,0,0,0,0,0,0,0,0,Report Heat,-,0,-,-,-,-,-,-,-,0,-,-,-
2801,-,130,103,22.07.16,27,Female,0,-,Holstein,-,0,-,-,22.05.11,0.3,3.1,93,130,Heifer,0,-,-,-,0,0,0,0,0,0,0,0,0,0,0,0,0,0,Report Heat,-,0,-,-,-,-,-,-,-,0,-,-,-
2802,-,130,103,22.07.16,27,Female,0,-,Holstein,-,0,-,-,22.05.12,0.3,3,92,130,Heifer,0,-,-,-,0,0,0,0,0,0,0,0,0,0,0,0,0,0,Report Heat,-,0,-,-,-,-,-,-,-,0,-,-,-
2803,-,130,103,22.07.16,27,Female,0,-,Holstein,-,0,-,-,22.05.14,0.2,3,90,130,Heifer,0,-,-,-,0,0,0,0,0,0,0,0,0,0,0,0,0,0,Report Heat,-,0,-,-,-,-,-,-,-,0,-,-,-
2804,-,130,103,22.07.16,27,Female,0,-,Holstein,-,0,-,-,22.05.14,0.2,3,90,130,Heifer,0,-,-,-,0,0,0,0,0,0,0,0,0,0,0,0,0,0,Report Heat,-,0,-,-,-,-,-,-,-,0,-,-,-
2805,-,130,103,22.07.16,27,Female,0,-,Holstein,-,0,-,-,22.05.14,0.2,3,90,130,Heifer,0,-,-,-,0,0,0,0,0,0,0,0,0,0,0,0,0,0,Report Heat,-,0,-,-,-,-,-,-,-,0,-,-,-
2806,-,130,103,22.07.16,27,Female,0,-,Holstein,-,0,-,-,22.05.14,0.2,3,90,130,Heifer,0,-,-,-,0,0,0,0,0,0,0,0,0,0,0,0,0,0,Report Heat,-,0,-,-,-,-,-,-,-,0,-,-,-
2807,-,130,103,22.07.16,27,Female,0,-,Holstein,-,0,-,-,22.05.14,0.2,3,90,130,Heifer,0,-,-,-,0,0,0,0,0,0,0,0,0,0,0,0,0,0,Report Heat,-,0,-,-,-,-,-,-,-,0,-,-,-
2808,-,130,103,22.07.16,27,Female,0,-,Holstein,-,0,-,-,22.05.16,0.2,2.9,88,130,Heifer,0,-,-,-,0,0,0,0,0,0,0,0,0,0,0,0,0,0,Report Heat,-,0,-,-,-,-,-,-,-,0,-,-,-
2809,-,130,103,22.07.16,27,Female,0,-,Holstein,-,0,-,-,22.05.16,0.2,2.9,88,130,Heifer,0,-,-,-,0,0,0,0,0,0,0,0,0,0,0,0,0,0,Report Heat,-,0,-,-,-,-,-,-,-,0,-,-,-
2810,-,199,190,22.08.02,10,Female,0,-,Holstein,-,0,-,Yes,22.05.18,0.2,2.8,86,199,"Cull, Not Pregnant",0,-,-,-,0,0,0,0,0,0,0,0,0,0,0,0,0,0,Report Heat,-,0,-,-,-,-,-,-,-,0,-,-,-
2811,-,130,103,22.07.25,18,Female,0,-,Holstein,-,0,-,-,22.05.18,0.2,2.8,86,130,Heifer,0,-,-,-,0,0,0,0,0,0,0,0,0,0,0,0,0,0,Report Heat,-,0,-,-,-,-,-,-,-,0,-,-,-
2812,-,130,103,22.07.25,18,Female,0,-,Holstein,-,0,-,-,22.05.18,0.2,2.8,86,130,Heifer,0,-,-,-,0,0,0,0,0,0,0,0,0,0,0,0,0,0,Report Heat,-,0,-,-,-,-,-,-,-,0,-,-,-
2813,-,130,103,22.07.25,18,Female,0,-,Holstein,-,0,-,-,22.05.18,0.2,2.8,86,130,Heifer,0,-,-,-,0,0,0,0,0,0,0,0,0,0,0,0,0,0,Report Heat,-,0,-,-,-,-,-,-,-,0,-,-,-
2814,-,130,103,22.07.25,18,Female,0,-,Holstein,-,0,-,-,22.05.18,0.2,2.8,86,130,Heifer,0,-,-,-,0,0,0,0,0,0,0,0,0,0,0,0,0,0,Report Heat,-,0,-,-,-,-,-,-,-,0,-,-,-
2815,-,130,103,22.07.25,18,Female,0,-,Holstein,-,0,-,-,22.05.18,0.2,2.8,86,130,Heifer,0,-,-,-,0,0,0,0,0,0,0,0,0,0,0,0,0,0,Report Heat,-,0,-,-,-,-,-,-,-,0,-,-,-
2816,-,130,103,22.07.25,18,Female,0,-,Holstein,-,0,-,-,22.05.18,0.2,2.8,86,130,Heifer,0,-,-,-,0,0,0,0,0,0,0,0,0,0,0,0,0,0,Report Heat,-,0,-,-,-,-,-,-,-,0,-,-,-
2817,-,130,103,22.07.25,18,Female,0,-,Holstein,-,0,-,-,22.05.18,0.2,2.8,86,130,Heifer,0,-,-,-,0,0,0,0,0,0,0,0,0,0,0,0,0,0,Report Heat,-,0,-,-,-,-,-,-,-,0,-,-,-
2818,-,130,103,22.07.29,14,Female,0,-,Holstein,-,0,-,-,22.05.19,0.2,2.8,85,130,Heifer,0,-,-,-,0,0,0,0,0,0,0,0,0,0,0,0,0,0,Report Heat,-,0,-,-,-,-,-,-,-,0,-,-,-
2819,-,130,103,22.08.10,2,Female,0,-,Holstein,-,0,-,-,22.05.19,0.2,2.8,85,130,Heifer,0,-,-,-,0,0,0,0,0,0,0,0,0,0,0,0,0,0,Report Heat,-,0,-,-,-,-,-,-,-,0,-,-,-
2820,-,130,103,22.07.29,14,Female,0,-,Holstein,-,0,-,-,22.05.21,0.2,2.7,83,130,Heifer,0,-,-,-,0,0,0,0,0,0,0,0,0,0,0,0,0,0,Report Heat,-,0,-,-,-,-,-,-,-,0,-,-,-
2821,-,130,103,22.07.29,14,Female,0,-,Holstein,-,0,-,-,22.05.21,0.2,2.7,83,130,Heifer,0,-,-,-,0,0,0,0,0,0,0,0,0,0,0,0,0,0,Report Heat,-,0,-,-,-,-,-,-,-,0,-,-,-
2822,-,130,103,22.07.29,14,Female,0,-,Holstein,-,0,-,-,22.05.21,0.2,2.7,83,130,Heifer,0,-,-,-,0,0,0,0,0,0,0,0,0,0,0,0,0,0,Report Heat,-,0,-,-,-,-,-,-,-,0,-,-,-
2823,-,130,103,22.07.16,27,Female,0,-,Holstein,-,0,-,-,22.05.21,0.2,2.7,83,130,Heifer,0,-,-,-,0,0,0,0,0,0,0,0,0,0,0,0,0,0,Report Heat,-,0,-,-,-,-,-,-,-,0,-,-,-
2824,-,130,103,22.07.29,14,Female,0,-,Holstein,-,0,-,-,22.05.22,0.2,2.7,82,130,Heifer,0,-,-,-,0,0,0,0,0,0,0,0,0,0,0,0,0,0,Report Heat,-,0,-,-,-,-,-,-,-,0,-,-,-
2825,-,130,103,22.08.10,2,Female,0,-,Holstein,-,0,-,-,22.05.23,0.2,2.7,81,130,Heifer,0,-,-,-,0,0,0,0,0,0,0,0,0,0,0,0,0,0,Report Heat,-,0,-,-,-,-,-,-,-,0,-,-,-
2826,-,130,103,22.07.29,14,Female,0,-,Holstein,-,0,-,-,22.05.23,0.2,2.7,81,130,Heifer,0,-,-,-,0,0,0,0,0,0,0,0,0,0,0,0,0,0,Report Heat,-,0,-,-,-,-,-,-,-,0,-,-,-
2827,-,130,103,22.07.29,14,Female,0,-,Holstein,-,0,-,-,22.05.23,0.2,2.7,81,130,Heifer,0,-,-,-,0,0,0,0,0,0,0,0,0,0,0,0,0,0,Report Heat,-,0,-,-,-,-,-,-,-,0,-,-,-
2828,-,130,103,22.07.16,27,Female,0,-,Holstein,-,0,-,-,22.05.25,0.2,2.6,79,130,Heifer,0,-,-,-,0,0,0,0,0,0,0,0,0,0,0,0,0,0,Report Heat,-,0,-,-,-,-,-,-,-,0,-,-,-
2829,-,130,103,22.07.29,14,Female,0,-,Holstein,-,0,-,-,22.05.26,0.2,2.6,78,130,Heifer,0,-,-,-,0,0,0,0,0,0,0,0,0,0,0,0,0,0,Report Heat,-,0,-,-,-,-,-,-,-,0,-,-,-
2830,-,130,103,22.07.29,14,Female,0,-,Holstein,-,0,-,-,22.05.26,0.2,2.6,78,130,Heifer,0,-,-,-,0,0,0,0,0,0,0,0,0,0,0,0,0,0,Report Heat,-,0,-,-,-,-,-,-,-,0,-,-,-
2831,-,130,103,22.07.29,14,Female,0,-,Holstein,-,0,-,-,22.05.28,0.2,2.5,76,130,Heifer,0,-,-,-,0,0,0,0,0,0,0,0,0,0,0,0,0,0,Report Heat,-,0,-,-,-,-,-,-,-,0,-,-,-
2832,-,130,103,22.07.29,14,Female,0,-,Holstein,-,0,-,-,22.05.28,0.2,2.5,76,130,Heifer,0,-,-,-,0,0,0,0,0,0,0,0,0,0,0,0,0,0,Report Heat,-,0,-,-,-,-,-,-,-,0,-,-,-
2833,-,130,103,22.07.29,14,Female,0,-,Holstein,-,0,-,-,22.05.28,0.2,2.5,76,130,Heifer,0,-,-,-,0,0,0,0,0,0,0,0,0,0,0,0,0,0,Report Heat,-,0,-,-,-,-,-,-,-,0,-,-,-
2834,-,130,103,22.07.29,14,Female,0,-,Holstein,-,0,-,-,22.05.29,0.2,2.5,75,130,Heifer,0,-,-,-,0,0,0,0,0,0,0,0,0,0,0,0,0,0,Report Heat,-,0,-,-,-,-,-,-,-,0,-,-,-
2835,-,130,103,22.07.29,14,Female,0,-,Holstein,-,0,-,-,22.05.31,0.2,2.4,73,130,Heifer,0,-,-,-,0,0,0,0,0,0,0,0,0,0,0,0,0,0,Report Heat,-,0,-,-,-,-,-,-,-,0,-,-,-
2836,-,130,103,22.08.10,2,Female,0,-,Holstein,-,0,-,-,22.05.31,0.2,2.4,73,130,Heifer,0,-,-,-,0,0,0,0,0,0,0,0,0,0,0,0,0,0,Report Heat,-,0,-,-,-,-,-,-,-,0,-,-,-
2837,-,130,103,22.08.10,2,Female,0,-,Holstein,-,0,-,-,22.06.01,0.2,2.4,72,130,Heifer,0,-,-,-,0,0,0,0,0,0,0,0,0,0,0,0,0,0,Report Heat,-,0,-,-,-,-,-,-,-,0,-,-,-
2838,-,130,103,22.08.10,2,Female,0,-,Holstein,-,0,-,-,22.06.01,0.2,2.4,72,130,Heifer,0,-,-,-,0,0,0,0,0,0,0,0,0,0,0,0,0,0,Report Heat,-,0,-,-,-,-,-,-,-,0,-,-,-
2839,-,130,103,22.08.10,2,Female,0,-,Holstein,-,0,-,-,22.06.01,0.2,2.4,72,130,Heifer,0,-,-,-,0,0,0,0,0,0,0,0,0,0,0,0,0,0,Report Heat,-,0,-,-,-,-,-,-,-,0,-,-,-
2840,-,130,103,22.08.10,2,Female,0,-,Holstein,-,0,-,-,22.06.02,0.2,2.3,71,130,Heifer,0,-,-,-,0,0,0,0,0,0,0,0,0,0,0,0,0,0,Report Heat,-,0,-,-,-,-,-,-,-,0,-,-,-
2841,-,130,103,22.08.10,2,Female,0,-,Holstein,-,0,-,-,22.06.02,0.2,2.3,71,130,Heifer,0,-,-,-,0,0,0,0,0,0,0,0,0,0,0,0,0,0,Report Heat,-,0,-,-,-,-,-,-,-,0,-,-,-
2842,-,130,103,22.08.10,2,Female,0,-,Holstein,-,0,-,-,22.06.04,0.2,2.3,69,130,Heifer,0,-,-,-,0,0,0,0,0,0,0,0,0,0,0,0,0,0,Report Heat,-,0,-,-,-,-,-,-,-,0,-,-,-
2843,-,130,103,22.08.10,2,Female,0,-,Holstein,-,0,-,-,22.06.04,0.2,2.3,69,130,Heifer,0,-,-,-,0,0,0,0,0,0,0,0,0,0,0,0,0,0,Report Heat,-,0,-,-,-,-,-,-,-,0,-,-,-
2844,-,130,103,22.08.10,2,Female,0,-,Holstein,-,0,-,-,22.06.04,0.2,2.3,69,130,Heifer,0,-,-,-,0,0,0,0,0,0,0,0,0,0,0,0,0,0,Report Heat,-,0,-,-,-,-,-,-,-,0,-,-,-
2845,-,130,103,22.08.10,2,Female,0,-,Holstein,-,0,-,-,22.06.04,0.2,2.3,69,130,Heifer,0,-,-,-,0,0,0,0,0,0,0,0,0,0,0,0,0,0,Report Heat,-,0,-,-,-,-,-,-,-,0,-,-,-
2846,-,130,103,22.08.10,2,Female,0,-,Holstein,-,0,-,-,22.06.04,0.2,2.3,69,130,Heifer,0,-,-,-,0,0,0,0,0,0,0,0,0,0,0,0,0,0,Report Heat,-,0,-,-,-,-,-,-,-,0,-,-,-
2847,-,130,103,22.08.10,2,Female,0,-,Holstein,-,0,-,-,22.06.05,0.2,2.2,68,130,Heifer,0,-,-,-,0,0,0,0,0,0,0,0,0,0,0,0,0,0,Report Heat,-,0,-,-,-,-,-,-,-,0,-,-,-
2848,-,130,103,22.08.10,2,Female,0,-,Holstein,-,0,-,-,22.06.05,0.2,2.2,68,130,Heifer,0,-,-,-,0,0,0,0,0,0,0,0,0,0,0,0,0,0,Report Heat,-,0,-,-,-,-,-,-,-,0,-,-,-
2849,-,130,103,22.08.10,2,Female,0,-,Holstein,-,0,-,-,22.06.05,0.2,2.2,68,130,Heifer,0,-,-,-,0,0,0,0,0,0,0,0,0,0,0,0,0,0,Report Heat,-,0,-,-,-,-,-,-,-,0,-,-,-
2850,-,130,103,22.08.10,2,Female,0,-,Holstein,-,0,-,-,22.06.06,0.2,2.2,67,130,Heifer,0,-,-,-,0,0,0,0,0,0,0,0,0,0,0,0,0,0,Report Heat,-,0,-,-,-,-,-,-,-,0,-,-,-
2851,-,130,103,22.08.10,2,Female,0,-,Holstein,-,0,-,-,22.06.06,0.2,2.2,67,130,Heifer,0,-,-,-,0,0,0,0,0,0,0,0,0,0,0,0,0,0,Report Heat,-,0,-,-,-,-,-,-,-,0,-,-,-
2852,-,130,103,22.08.10,2,Female,0,-,Holstein,-,0,-,-,22.06.08,0.2,2.1,65,130,Heifer,0,-,-,-,0,0,0,0,0,0,0,0,0,0,0,0,0,0,Report Heat,-,0,-,-,-,-,-,-,-,0,-,-,-
2853,-,130,103,22.08.10,2,Female,0,-,Holstein,-,0,-,-,22.06.08,0.2,2.1,65,130,Heifer,0,-,-,-,0,0,0,0,0,0,0,0,0,0,0,0,0,0,Report Heat,-,0,-,-,-,-,-,-,-,0,-,-,-
2854,-,130,103,22.08.10,2,Female,0,-,Holstein,-,0,-,-,22.06.09,0.2,2.1,64,130,Heifer,0,-,-,-,0,0,0,0,0,0,0,0,0,0,0,0,0,0,Report Heat,-,0,-,-,-,-,-,-,-,0,-,-,-
2855,-,130,103,22.08.10,2,Female,0,-,Holstein,-,0,-,-,22.06.09,0.2,2.1,64,130,Heifer,0,-,-,-,0,0,0,0,0,0,0,0,0,0,0,0,0,0,Report Heat,-,0,-,-,-,-,-,-,-,0,-,-,-
2856,-,130,103,22.08.10,2,Female,0,-,Holstein,-,0,-,-,22.06.11,0.2,2,62,130,Heifer,0,-,-,-,0,0,0,0,0,0,0,0,0,0,0,0,0,0,Report Heat,-,0,-,-,-,-,-,-,-,0,-,-,-
2857,-,103,1,-,0,Female,0,-,Holstein,-,0,-,-,22.06.11,0.2,2,62,103,Heifer,0,-,-,-,0,0,0,0,0,0,0,0,0,0,0,0,0,0,Report Heat,-,0,-,-,-,-,-,-,-,0,-,-,-
2858,-,103,1,-,0,Female,0,-,Holstein,-,0,-,-,22.06.11,0.2,2,62,103,Heifer,0,-,-,-,0,0,0,0,0,0,0,0,0,0,0,0,0,0,Report Heat,-,0,-,-,-,-,-,-,-,0,-,-,-
2859,-,103,1,-,0,Female,0,-,Holstein,-,0,-,-,22.06.11,0.2,2,62,103,Heifer,0,-,-,-,0,0,0,0,0,0,0,0,0,0,0,0,0,0,Report Heat,-,0,-,-,-,-,-,-,-,0,-,-,-
2860,-,103,1,-,0,Female,0,-,Holstein,-,0,-,-,22.06.11,0.2,2,62,103,Heifer,0,-,-,-,0,0,0,0,0,0,0,0,0,0,0,0,0,0,Report Heat,-,0,-,-,-,-,-,-,-,0,-,-,-
2861,-,103,1,-,0,Female,0,-,Holstein,-,0,-,-,22.06.12,0.2,2,61,103,Heifer,0,-,-,-,0,0,0,0,0,0,0,0,0,0,0,0,0,0,Report Heat,-,0,-,-,-,-,-,-,-,0,-,-,-
2862,-,103,1,-,0,Female,0,-,Holstein,-,0,-,-,22.06.12,0.2,2,61,103,Heifer,0,-,-,-,0,0,0,0,0,0,0,0,0,0,0,0,0,0,Report Heat,-,0,-,-,-,-,-,-,-,0,-,-,-
2863,-,103,1,-,0,Female,0,-,Holstein,-,0,-,-,22.06.12,0.2,2,61,103,Heifer,0,-,-,-,0,0,0,0,0,0,0,0,0,0,0,0,0,0,Report Heat,-,0,-,-,-,-,-,-,-,0,-,-,-
2864,-,103,1,-,0,Female,0,-,Holstein,-,0,-,-,22.06.13,0.2,2,60,103,Heifer,0,-,-,-,0,0,0,0,0,0,0,0,0,0,0,0,0,0,Report Heat,-,0,-,-,-,-,-,-,-,0,-,-,-
2865,-,103,1,-,0,Female,0,-,Holstein,-,0,-,-,22.06.13,0.2,2,60,103,Heifer,0,-,-,-,0,0,0,0,0,0,0,0,0,0,0,0,0,0,Report Heat,-,0,-,-,-,-,-,-,-,0,-,-,-
2866,-,103,1,-,0,Female,0,-,Holstein,-,0,-,-,22.06.13,0.2,2,60,103,Heifer,0,-,-,-,0,0,0,0,0,0,0,0,0,0,0,0,0,0,Report Heat,-,0,-,-,-,-,-,-,-,0,-,-,-
2867,-,103,1,-,0,Female,0,-,Holstein,-,0,-,-,22.06.13,0.2,2,60,103,Heifer,0,-,-,-,0,0,0,0,0,0,0,0,0,0,0,0,0,0,Report Heat,-,0,-,-,-,-,-,-,-,0,-,-,-
2868,-,103,1,-,0,Female,0,-,Holstein,-,0,-,-,22.06.13,0.2,2,60,103,Heifer,0,-,-,-,0,0,0,0,0,0,0,0,0,0,0,0,0,0,Report Heat,-,0,-,-,-,-,-,-,-,0,-,-,-
2869,-,103,1,-,0,Female,0,-,Holstein,-,0,-,-,22.06.14,0.2,1.9,59,103,Heifer,0,-,-,-,0,0,0,0,0,0,0,0,0,0,0,0,0,0,Report Heat,-,0,-,-,-,-,-,-,-,0,-,-,-
2870,-,103,1,-,0,Female,0,-,Holstein,-,0,-,-,22.06.14,0.2,1.9,59,103,Heifer,0,-,-,-,0,0,0,0,0,0,0,0,0,0,0,0,0,0,Report Heat,-,0,-,-,-,-,-,-,-,0,-,-,-
2871,-,103,1,-,0,Female,0,-,Holstein,-,0,-,-,22.06.14,0.2,1.9,59,103,Heifer,0,-,-,-,0,0,0,0,0,0,0,0,0,0,0,0,0,0,Report Heat,-,0,-,-,-,-,-,-,-,0,-,-,-
2872,-,103,1,-,0,Female,0,-,Holstein,-,0,-,-,22.06.15,0.2,1.9,58,103,Heifer,0,-,-,-,0,0,0,0,0,0,0,0,0,0,0,0,0,0,Report Heat,-,0,-,-,-,-,-,-,-,0,-,-,-
2873,-,103,1,-,0,Female,0,-,Holstein,-,0,-,-,22.06.15,0.2,1.9,58,103,Heifer,0,-,-,-,0,0,0,0,0,0,0,0,0,0,0,0,0,0,Report Heat,-,0,-,-,-,-,-,-,-,0,-,-,-
2874,-,103,1,-,0,Female,0,-,Holstein,-,0,-,-,22.06.16,0.2,1.9,57,103,Heifer,0,-,-,-,0,0,0,0,0,0,0,0,0,0,0,0,0,0,Report Heat,-,0,-,-,-,-,-,-,-,0,-,-,-
2875,-,103,1,-,0,Female,0,-,Holstein,-,0,-,-,22.06.16,0.2,1.9,57,103,Heifer,0,-,-,-,0,0,0,0,0,0,0,0,0,0,0,0,0,0,Report Heat,-,0,-,-,-,-,-,-,-,0,-,-,-
2876,-,103,1,-,0,Female,0,-,Holstein,-,0,-,-,22.06.18,0.2,1.8,55,103,Heifer,0,-,-,-,0,0,0,0,0,0,0,0,0,0,0,0,0,0,Report Heat,-,0,-,-,-,-,-,-,-,0,-,-,-
2877,-,103,1,-,0,Female,0,-,Holstein,-,0,-,-,22.06.18,0.2,1.8,55,103,Heifer,0,-,-,-,0,0,0,0,0,0,0,0,0,0,0,0,0,0,Report Heat,-,0,-,-,-,-,-,-,-,0,-,-,-
2878,-,103,1,-,0,Female,0,-,Holstein,-,0,-,-,22.06.18,0.2,1.8,55,103,Heifer,0,-,-,-,0,0,0,0,0,0,0,0,0,0,0,0,0,0,Report Heat,-,0,-,-,-,-,-,-,-,0,-,-,-
2879,-,103,1,-,0,Female,0,-,Holstein,-,0,-,-,22.06.18,0.2,1.8,55,103,Heifer,0,-,-,-,0,0,0,0,0,0,0,0,0,0,0,0,0,0,Report Heat,-,0,-,-,-,-,-,-,-,0,-,-,-
2880,-,103,1,-,0,Female,0,-,Holstein,-,0,-,-,22.06.18,0.2,1.8,55,103,Heifer,0,-,-,-,0,0,0,0,0,0,0,0,0,0,0,0,0,0,Report Heat,-,0,-,-,-,-,-,-,-,0,-,-,-
2881,-,103,1,-,0,Female,0,-,Holstein,-,0,-,-,22.06.18,0.2,1.8,55,103,Heifer,0,-,-,-,0,0,0,0,0,0,0,0,0,0,0,0,0,0,Report Heat,-,0,-,-,-,-,-,-,-,0,-,-,-
2882,-,103,1,-,0,Female,0,-,Holstein,-,0,-,-,22.06.18,0.2,1.8,55,103,Heifer,0,-,-,-,0,0,0,0,0,0,0,0,0,0,0,0,0,0,Report Heat,-,0,-,-,-,-,-,-,-,0,-,-,-
2883,-,103,1,-,0,Female,0,-,Holstein,-,0,-,-,22.06.20,0.1,1.7,53,103,Heifer,0,-,-,-,0,0,0,0,0,0,0,0,0,0,0,0,0,0,Report Heat,-,0,-,-,-,-,-,-,-,0,-,-,-
2884,-,103,1,-,0,Female,0,-,Holstein,-,0,-,-,22.06.20,0.1,1.7,53,103,Heifer,0,-,-,-,0,0,0,0,0,0,0,0,0,0,0,0,0,0,Report Heat,-,0,-,-,-,-,-,-,-,0,-,-,-
2885,-,103,1,-,0,Female,0,-,Holstein,-,0,-,-,22.06.20,0.1,1.7,53,103,Heifer,0,-,-,-,0,0,0,0,0,0,0,0,0,0,0,0,0,0,Report Heat,-,0,-,-,-,-,-,-,-,0,-,-,-
2886,-,103,1,-,0,Female,0,-,Holstein,-,0,-,-,22.06.21,0.1,1.7,52,103,Heifer,0,-,-,-,0,0,0,0,0,0,0,0,0,0,0,0,0,0,Report Heat,-,0,-,-,-,-,-,-,-,0,-,-,-
2887,-,103,1,-,0,Female,0,-,Holstein,-,0,-,-,22.06.21,0.1,1.7,52,103,Heifer,0,-,-,-,0,0,0,0,0,0,0,0,0,0,0,0,0,0,Report Heat,-,0,-,-,-,-,-,-,-,0,-,-,-
2888,-,103,1,-,0,Female,0,-,Holstein,-,0,-,-,22.06.22,0.1,1.7,51,103,Heifer,0,-,-,-,0,0,0,0,0,0,0,0,0,0,0,0,0,0,Report Heat,-,0,-,-,-,-,-,-,-,0,-,-,-
2889,-,103,1,-,0,Female,0,-,Holstein,-,0,-,-,22.06.22,0.1,1.7,51,103,Heifer,0,-,-,-,0,0,0,0,0,0,0,0,0,0,0,0,0,0,Report Heat,-,0,-,-,-,-,-,-,-,0,-,-,-
2890,-,103,1,-,0,Female,0,-,Holstein,-,0,-,-,22.06.21,0.1,1.7,52,103,Heifer,0,-,-,-,0,0,0,0,0,0,0,0,0,0,0,0,0,0,Report Heat,-,0,-,-,-,-,-,-,-,0,-,-,-
2891,-,103,1,-,0,Female,0,-,Holstein,-,0,-,-,22.06.23,0.1,1.6,50,103,Heifer,0,-,-,-,0,0,0,0,0,0,0,0,0,0,0,0,0,0,Report Heat,-,0,-,-,-,-,-,-,-,0,-,-,-
2892,-,103,1,-,0,Female,0,-,Holstein,-,0,-,-,22.06.23,0.1,1.6,50,103,Heifer,0,-,-,-,0,0,0,0,0,0,0,0,0,0,0,0,0,0,Report Heat,-,0,-,-,-,-,-,-,-,0,-,-,-
2893,-,103,1,-,0,Female,0,-,Holstein,-,0,-,-,22.06.23,0.1,1.6,50,103,Heifer,0,-,-,-,0,0,0,0,0,0,0,0,0,0,0,0,0,0,Report Heat,-,0,-,-,-,-,-,-,-,0,-,-,-
2894,-,103,1,-,0,Female,0,-,Holstein,-,0,-,-,22.06.23,0.1,1.6,50,103,Heifer,0,-,-,-,0,0,0,0,0,0,0,0,0,0,0,0,0,0,Report Heat,-,0,-,-,-,-,-,-,-,0,-,-,-
2895,-,103,1,-,0,Female,0,-,Holstein,-,0,-,-,22.06.23,0.1,1.6,50,103,Heifer,0,-,-,-,0,0,0,0,0,0,0,0,0,0,0,0,0,0,Report Heat,-,0,-,-,-,-,-,-,-,0,-,-,-
2896,-,103,1,-,0,Female,0,-,Holstein,-,0,-,-,22.06.25,0.1,1.6,48,103,Heifer,0,-,-,-,0,0,0,0,0,0,0,0,0,0,0,0,0,0,Report Heat,-,0,-,-,-,-,-,-,-,0,-,-,-
2897,-,103,1,-,0,Female,0,-,Holstein,-,0,-,-,22.06.26,0.1,1.5,47,103,Heifer,0,-,-,-,0,0,0,0,0,0,0,0,0,0,0,0,0,0,Report Heat,-,0,-,-,-,-,-,-,-,0,-,-,-
2898,-,103,1,-,0,Female,0,-,Holstein,-,0,-,-,22.06.26,0.1,1.5,47,103,Heifer,0,-,-,-,0,0,0,0,0,0,0,0,0,0,0,0,0,0,Report Heat,-,0,-,-,-,-,-,-,-,0,-,-,-
2899,-,103,1,-,0,Female,0,-,Holstein,-,0,-,-,22.06.26,0.1,1.5,47,103,Heifer,0,-,-,-,0,0,0,0,0,0,0,0,0,0,0,0,0,0,Report Heat,-,0,-,-,-,-,-,-,-,0,-,-,-
2900,-,103,1,-,0,Female,0,-,Holstein,-,0,-,-,22.06.26,0.1,1.5,47,103,Heifer,0,-,-,-,0,0,0,0,0,0,0,0,0,0,0,0,0,0,Report Heat,-,0,-,-,-,-,-,-,-,0,-,-,-
2901,-,103,1,-,0,Female,0,-,Holstein,-,0,-,-,22.06.26,0.1,1.5,47,103,Heifer,0,-,-,-,0,0,0,0,0,0,0,0,0,0,0,0,0,0,Report Heat,-,0,-,-,-,-,-,-,-,0,-,-,-
2902,-,103,1,-,0,Female,0,-,Holstein,-,0,-,-,22.06.26,0.1,1.5,47,103,Heifer,0,-,-,-,0,0,0,0,0,0,0,0,0,0,0,0,0,0,Report Heat,-,0,-,-,-,-,-,-,-,0,-,-,-
2903,-,103,1,-,0,Female,0,-,Holstein,-,0,-,-,22.06.28,0.1,1.5,45,103,Heifer,0,-,-,-,0,0,0,0,0,0,0,0,0,0,0,0,0,0,Report Heat,-,0,-,-,-,-,-,-,-,0,-,-,-
2904,-,103,1,-,0,Female,0,-,Holstein,-,0,-,-,22.06.28,0.1,1.5,45,103,Heifer,0,-,-,-,0,0,0,0,0,0,0,0,0,0,0,0,0,0,Report Heat,-,0,-,-,-,-,-,-,-,0,-,-,-
2905,-,103,1,-,0,Female,0,-,Holstein,-,0,-,-,22.06.29,0.1,1.4,44,103,Heifer,0,-,-,-,0,0,0,0,0,0,0,0,0,0,0,0,0,0,Report Heat,-,0,-,-,-,-,-,-,-,0,-,-,-
2906,-,103,1,-,0,Female,0,-,Holstein,-,0,-,-,22.06.29,0.1,1.4,44,103,Heifer,0,-,-,-,0,0,0,0,0,0,0,0,0,0,0,0,0,0,Report Heat,-,0,-,-,-,-,-,-,-,0,-,-,-
2907,-,103,1,-,0,Female,0,-,Holstein,-,0,-,-,22.06.29,0.1,1.4,44,103,Heifer,0,-,-,-,0,0,0,0,0,0,0,0,0,0,0,0,0,0,Report Heat,-,0,-,-,-,-,-,-,-,0,-,-,-
2908,-,103,1,-,0,Female,0,-,Holstein,-,0,-,-,22.06.30,0.1,1.4,43,103,Heifer,0,-,-,-,0,0,0,0,0,0,0,0,0,0,0,0,0,0,Report Heat,-,0,-,-,-,-,-,-,-,0,-,-,-
2909,-,103,1,-,0,Female,0,-,Holstein,-,0,-,-,22.06.30,0.1,1.4,43,103,Heifer,0,-,-,-,0,0,0,0,0,0,0,0,0,0,0,0,0,0,Report Heat,-,0,-,-,-,-,-,-,-,0,-,-,-
2910,-,103,1,-,0,Female,0,-,Holstein,-,0,-,-,22.07.02,0.1,1.3,41,103,Heifer,0,-,-,-,0,0,0,0,0,0,0,0,0,0,0,0,0,0,Report Heat,-,0,-,-,-,-,-,-,-,0,-,-,-
2911,-,103,1,-,0,Female,0,-,Holstein,-,0,-,-,22.07.02,0.1,1.3,41,103,Heifer,0,-,-,-,0,0,0,0,0,0,0,0,0,0,0,0,0,0,Report Heat,-,0,-,-,-,-,-,-,-,0,-,-,-
2912,-,103,1,-,0,Female,0,-,Holstein,-,0,-,-,22.07.02,0.1,1.3,41,103,Heifer,0,-,-,-,0,0,0,0,0,0,0,0,0,0,0,0,0,0,Report Heat,-,0,-,-,-,-,-,-,-,0,-,-,-
2913,-,103,1,-,0,Female,0,-,Holstein,-,0,-,-,22.07.02,0.1,1.3,41,103,Heifer,0,-,-,-,0,0,0,0,0,0,0,0,0,0,0,0,0,0,Report Heat,-,0,-,-,-,-,-,-,-,0,-,-,-
2914,-,103,1,-,0,Female,0,-,Holstein,-,0,-,-,22.07.03,0.1,1.3,40,103,Heifer,0,-,-,-,0,0,0,0,0,0,0,0,0,0,0,0,0,0,Report Heat,-,0,-,-,-,-,-,-,-,0,-,-,-
2915,-,103,1,-,0,Female,0,-,Holstein,-,0,-,-,22.07.05,0.1,1.2,38,103,Heifer,0,-,-,-,0,0,0,0,0,0,0,0,0,0,0,0,0,0,Report Heat,-,0,-,-,-,-,-,-,-,0,-,-,-
2916,-,103,1,-,0,Female,0,-,Holstein,-,0,-,-,22.07.05,0.1,1.2,38,103,Heifer,0,-,-,-,0,0,0,0,0,0,0,0,0,0,0,0,0,0,Report Heat,-,0,-,-,-,-,-,-,-,0,-,-,-
2917,-,103,1,-,0,Female,0,-,Holstein,-,0,-,-,22.07.05,0.1,1.2,38,103,Heifer,0,-,-,-,0,0,0,0,0,0,0,0,0,0,0,0,0,0,Report Heat,-,0,-,-,-,-,-,-,-,0,-,-,-
2918,-,103,1,-,0,Female,0,-,Holstein,-,0,-,-,22.07.05,0.1,1.2,38,103,Heifer,0,-,-,-,0,0,0,0,0,0,0,0,0,0,0,0,0,0,Report Heat,-,0,-,-,-,-,-,-,-,0,-,-,-
2919,-,103,1,-,0,Female,0,-,Holstein,-,0,-,-,22.07.07,0.1,1.2,36,103,Heifer,0,-,-,-,0,0,0,0,0,0,0,0,0,0,0,0,0,0,Report Heat,-,0,-,-,-,-,-,-,-,0,-,-,-
2920,-,103,1,-,0,Female,0,-,Holstein,-,0,-,-,22.07.07,0.1,1.2,36,103,Heifer,0,-,-,-,0,0,0,0,0,0,0,0,0,0,0,0,0,0,Report Heat,-,0,-,-,-,-,-,-,-,0,-,-,-
2921,-,103,1,-,0,Female,0,-,Holstein,-,0,-,-,22.07.07,0.1,1.2,36,103,Heifer,0,-,-,-,0,0,0,0,0,0,0,0,0,0,0,0,0,0,Report Heat,-,0,-,-,-,-,-,-,-,0,-,-,-
2922,-,103,1,-,0,Female,0,-,Holstein,-,0,-,-,22.07.07,0.1,1.2,36,103,Heifer,0,-,-,-,0,0,0,0,0,0,0,0,0,0,0,0,0,0,Report Heat,-,0,-,-,-,-,-,-,-,0,-,-,-
2923,-,103,1,-,0,Female,0,-,Holstein,-,0,-,-,22.07.07,0.1,1.2,36,103,Heifer,0,-,-,-,0,0,0,0,0,0,0,0,0,0,0,0,0,0,Report Heat,-,0,-,-,-,-,-,-,-,0,-,-,-
2924,-,103,1,-,0,Female,0,-,Holstein,-,0,-,-,22.07.07,0.1,1.2,36,103,Heifer,0,-,-,-,0,0,0,0,0,0,0,0,0,0,0,0,0,0,Report Heat,-,0,-,-,-,-,-,-,-,0,-,-,-
2925,-,103,1,-,0,Female,0,-,Holstein,-,0,-,-,22.07.07,0.1,1.2,36,103,Heifer,0,-,-,-,0,0,0,0,0,0,0,0,0,0,0,0,0,0,Report Heat,-,0,-,-,-,-,-,-,-,0,-,-,-
2926,-,103,1,-,0,Female,0,-,Holstein,-,0,-,-,22.07.09,0.1,1.1,34,103,Heifer,0,-,-,-,0,0,0,0,0,0,0,0,0,0,0,0,0,0,Report Heat,-,0,-,-,-,-,-,-,-,0,-,-,-
2927,-,103,1,-,0,Female,0,-,Holstein,-,0,-,-,22.07.10,0.1,1.1,33,103,Heifer,0,-,-,-,0,0,0,0,0,0,0,0,0,0,0,0,0,0,Report Heat,-,0,-,-,-,-,-,-,-,0,-,-,-
2928,-,103,1,-,0,Female,0,-,Holstein,-,0,-,-,22.07.10,0.1,1.1,33,103,Heifer,0,-,-,-,0,0,0,0,0,0,0,0,0,0,0,0,0,0,Report Heat,-,0,-,-,-,-,-,-,-,0,-,-,-
2929,-,103,1,-,0,Female,0,-,Holstein,-,0,-,-,22.07.10,0.1,1.1,33,103,Heifer,0,-,-,-,0,0,0,0,0,0,0,0,0,0,0,0,0,0,Report Heat,-,0,-,-,-,-,-,-,-,0,-,-,-
2930,-,103,1,-,0,Female,0,-,Holstein,-,0,-,-,22.07.10,0.1,1.1,33,103,Heifer,0,-,-,-,0,0,0,0,0,0,0,0,0,0,0,0,0,0,Report Heat,-,0,-,-,-,-,-,-,-,0,-,-,-
2931,-,103,1,-,0,Female,0,-,Holstein,-,0,-,-,22.07.10,0.1,1.1,33,103,Heifer,0,-,-,-,0,0,0,0,0,0,0,0,0,0,0,0,0,0,Report Heat,-,0,-,-,-,-,-,-,-,0,-,-,-
2932,-,103,1,-,0,Female,0,-,Holstein,-,0,-,-,22.07.10,0.1,1.1,33,103,Heifer,0,-,-,-,0,0,0,0,0,0,0,0,0,0,0,0,0,0,Report Heat,-,0,-,-,-,-,-,-,-,0,-,-,-
2933,-,103,1,-,0,Female,0,-,Holstein,-,0,-,-,22.07.10,0.1,1.1,33,103,Heifer,0,-,-,-,0,0,0,0,0,0,0,0,0,0,0,0,0,0,Report Heat,-,0,-,-,-,-,-,-,-,0,-,-,-
2934,-,103,1,-,0,Female,0,-,Holstein,-,0,-,-,22.07.12,0.1,1,31,103,Heifer,0,-,-,-,0,0,0,0,0,0,0,0,0,0,0,0,0,0,Report Heat,-,0,-,-,-,-,-,-,-,0,-,-,-
2935,-,103,1,-,0,Female,0,-,Holstein,-,0,-,-,22.07.12,0.1,1,31,103,Heifer,0,-,-,-,0,0,0,0,0,0,0,0,0,0,0,0,0,0,Report Heat,-,0,-,-,-,-,-,-,-,0,-,-,-
2936,-,103,1,-,0,Female,0,-,Holstein,-,0,-,-,22.07.12,0.1,1,31,103,Heifer,0,-,-,-,0,0,0,0,0,0,0,0,0,0,0,0,0,0,Report Heat,-,0,-,-,-,-,-,-,-,0,-,-,-
2937,-,103,1,-,0,Female,0,-,Holstein,-,0,-,-,22.07.12,0.1,1,31,103,Heifer,0,-,-,-,0,0,0,0,0,0,0,0,0,0,0,0,0,0,Report Heat,-,0,-,-,-,-,-,-,-,0,-,-,-
2938,-,103,1,-,0,Female,0,-,Holstein,-,0,-,-,22.07.12,0.1,1,31,103,Heifer,0,-,-,-,0,0,0,0,0,0,0,0,0,0,0,0,0,0,Report Heat,-,0,-,-,-,-,-,-,-,0,-,-,-
2939,-,103,1,-,0,Female,0,-,Holstein,-,0,-,-,22.07.13,0.1,1,30,103,Heifer,0,-,-,-,0,0,0,0,0,0,0,0,0,0,0,0,0,0,Report Heat,-,0,-,-,-,-,-,-,-,0,-,-,-
2940,-,103,1,-,0,Female,0,-,Holstein,-,0,-,-,22.07.13,0.1,1,30,103,Heifer,0,-,-,-,0,0,0,0,0,0,0,0,0,0,0,0,0,0,Report Heat,-,0,-,-,-,-,-,-,-,0,-,-,-
2941,-,103,1,-,0,Female,0,-,Holstein,-,0,-,-,22.07.13,0.1,1,30,103,Heifer,0,-,-,-,0,0,0,0,0,0,0,0,0,0,0,0,0,0,Report Heat,-,0,-,-,-,-,-,-,-,0,-,-,-
2942,-,103,1,-,0,Female,0,-,Holstein,-,0,-,-,22.07.13,0.1,1,30,103,Heifer,0,-,-,-,0,0,0,0,0,0,0,0,0,0,0,0,0,0,Report Heat,-,0,-,-,-,-,-,-,-,0,-,-,-
2943,-,103,1,-,0,Female,0,-,Holstein,-,0,-,-,22.07.14,0.1,1,29,103,Heifer,0,-,-,-,0,0,0,0,0,0,0,0,0,0,0,0,0,0,Report Heat,-,0,-,-,-,-,-,-,-,0,-,-,-
2944,-,103,1,-,0,Female,0,-,Holstein,-,0,-,-,22.07.14,0.1,1,29,103,Heifer,0,-,-,-,0,0,0,0,0,0,0,0,0,0,0,0,0,0,Report Heat,-,0,-,-,-,-,-,-,-,0,-,-,-
2945,-,103,1,-,0,Female,0,-,Holstein,-,0,-,-,22.07.14,0.1,1,29,103,Heifer,0,-,-,-,0,0,0,0,0,0,0,0,0,0,0,0,0,0,Report Heat,-,0,-,-,-,-,-,-,-,0,-,-,-
2946,-,103,1,-,0,Female,0,-,Holstein,-,0,-,-,22.07.14,0.1,1,29,103,Heifer,0,-,-,-,0,0,0,0,0,0,0,0,0,0,0,0,0,0,Report Heat,-,0,-,-,-,-,-,-,-,0,-,-,-
2947,-,103,1,-,0,Female,0,-,Holstein,-,0,-,-,22.07.14,0.1,1,29,103,Heifer,0,-,-,-,0,0,0,0,0,0,0,0,0,0,0,0,0,0,Report Heat,-,0,-,-,-,-,-,-,-,0,-,-,-
2948,-,103,1,-,0,Female,0,-,Holstein,-,0,-,-,22.07.16,0.1,0.9,27,103,Heifer,0,-,-,-,0,0,0,0,0,0,0,0,0,0,0,0,0,0,Report Heat,-,0,-,-,-,-,-,-,-,0,-,-,-
2949,-,103,1,-,0,Female,0,-,Holstein,-,0,-,-,22.07.16,0.1,0.9,27,103,Heifer,0,-,-,-,0,0,0,0,0,0,0,0,0,0,0,0,0,0,Report Heat,-,0,-,-,-,-,-,-,-,0,-,-,-
2950,-,103,1,-,0,Female,0,-,Holstein,-,0,-,-,22.07.17,0.1,0.9,26,103,Heifer,0,-,-,-,0,0,0,0,0,0,0,0,0,0,0,0,0,0,Report Heat,-,0,-,-,-,-,-,-,-,0,-,-,-
2951,-,103,1,-,0,Female,0,-,Holstein,-,0,-,-,22.07.17,0.1,0.9,26,103,Heifer,0,-,-,-,0,0,0,0,0,0,0,0,0,0,0,0,0,0,Report Heat,-,0,-,-,-,-,-,-,-,0,-,-,-
2952,-,103,1,-,0,Female,0,-,Holstein,-,0,-,-,22.07.17,0.1,0.9,26,103,Heifer,0,-,-,-,0,0,0,0,0,0,0,0,0,0,0,0,0,0,Report Heat,-,0,-,-,-,-,-,-,-,0,-,-,-
2953,-,103,1,-,0,Female,0,-,Holstein,-,0,-,-,22.07.18,0.1,0.8,25,103,Heifer,0,-,-,-,0,0,0,0,0,0,0,0,0,0,0,0,0,0,Report Heat,-,0,-,-,-,-,-,-,-,0,-,-,-
2954,-,103,1,-,0,Female,0,-,Holstein,-,0,-,-,22.07.18,0.1,0.8,25,103,Heifer,0,-,-,-,0,0,0,0,0,0,0,0,0,0,0,0,0,0,Report Heat,-,0,-,-,-,-,-,-,-,0,-,-,-
2955,-,103,1,-,0,Female,0,-,Holstein,-,0,-,-,22.07.19,0.1,0.8,24,103,Heifer,0,-,-,-,0,0,0,0,0,0,0,0,0,0,0,0,0,0,Report Heat,-,0,-,-,-,-,-,-,-,0,-,-,-
2956,-,103,1,-,0,Female,0,-,Holstein,-,0,-,-,22.07.20,0.1,0.8,23,103,Heifer,0,-,-,-,0,0,0,0,0,0,0,0,0,0,0,0,0,0,Report Heat,-,0,-,-,-,-,-,-,-,0,-,-,-
2957,-,103,1,-,0,Female,0,-,Holstein,-,0,-,-,22.07.21,0.1,0.7,22,103,Heifer,0,-,-,-,0,0,0,0,0,0,0,0,0,0,0,0,0,0,Report Heat,-,0,-,-,-,-,-,-,-,0,-,-,-
2958,-,103,1,-,0,Female,0,-,Holstein,-,0,-,-,22.07.22,0.1,0.7,21,103,Heifer,0,-,-,-,0,0,0,0,0,0,0,0,0,0,0,0,0,0,Report Heat,-,0,-,-,-,-,-,-,-,0,-,-,-
2959,-,103,1,-,0,Female,0,-,Holstein,-,0,-,-,22.07.22,0.1,0.7,21,103,Heifer,0,-,-,-,0,0,0,0,0,0,0,0,0,0,0,0,0,0,Report Heat,-,0,-,-,-,-,-,-,-,0,-,-,-
2960,-,103,1,-,0,Female,0,-,Holstein,-,0,-,-,22.07.23,0.1,0.7,20,103,Heifer,0,-,-,-,0,0,0,0,0,0,0,0,0,0,0,0,0,0,Report Heat,-,0,-,-,-,-,-,-,-,0,-,-,-
2961,-,103,1,-,0,Female,0,-,Holstein,-,0,-,-,22.07.23,0.1,0.7,20,103,Heifer,0,-,-,-,0,0,0,0,0,0,0,0,0,0,0,0,0,0,Report Heat,-,0,-,-,-,-,-,-,-,0,-,-,-
2962,-,103,1,-,0,Female,0,-,Holstein,-,0,-,-,22.07.23,0.1,0.7,20,103,Heifer,0,-,-,-,0,0,0,0,0,0,0,0,0,0,0,0,0,0,Report Heat,-,0,-,-,-,-,-,-,-,0,-,-,-
2963,-,103,1,-,0,Female,0,-,Holstein,-,0,-,-,22.07.24,0.1,0.6,19,103,Heifer,0,-,-,-,0,0,0,0,0,0,0,0,0,0,0,0,0,0,Report Heat,-,0,-,-,-,-,-,-,-,0,-,-,-
2964,-,103,1,-,0,Female,0,-,Holstein,-,0,-,-,22.07.24,0.1,0.6,19,103,Heifer,0,-,-,-,0,0,0,0,0,0,0,0,0,0,0,0,0,0,Report Heat,-,0,-,-,-,-,-,-,-,0,-,-,-
2965,-,103,1,-,0,Female,0,-,Holstein,-,0,-,-,22.07.25,0,0.6,18,103,Heifer,0,-,-,-,0,0,0,0,0,0,0,0,0,0,0,0,0,0,Report Heat,-,0,-,-,-,-,-,-,-,0,-,-,-
2966,-,103,1,-,0,Female,0,-,Holstein,-,0,-,-,22.07.25,0,0.6,18,103,Heifer,0,-,-,-,0,0,0,0,0,0,0,0,0,0,0,0,0,0,Report Heat,-,0,-,-,-,-,-,-,-,0,-,-,-
2967,-,103,1,-,0,Female,0,-,Holstein,-,0,-,-,22.07.25,0,0.6,18,103,Heifer,0,-,-,-,0,0,0,0,0,0,0,0,0,0,0,0,0,0,Report Heat,-,0,-,-,-,-,-,-,-,0,-,-,-
2968,-,103,1,-,0,Female,0,-,Holstein,-,0,-,-,22.07.25,0,0.6,18,103,Heifer,0,-,-,-,0,0,0,0,0,0,0,0,0,0,0,0,0,0,Report Heat,-,0,-,-,-,-,-,-,-,0,-,-,-
2969,-,103,1,-,0,Female,0,-,Holstein,-,0,-,-,22.07.25,0,0.6,18,103,Heifer,0,-,-,-,0,0,0,0,0,0,0,0,0,0,0,0,0,0,Report Heat,-,0,-,-,-,-,-,-,-,0,-,-,-
2970,-,103,1,-,0,Female,0,-,Holstein,-,0,-,-,22.07.26,0,0.6,17,103,Heifer,0,-,-,-,0,0,0,0,0,0,0,0,0,0,0,0,0,0,Report Heat,-,0,-,-,-,-,-,-,-,0,-,-,-
2971,-,103,1,-,0,Female,0,-,Holstein,-,0,-,-,22.07.26,0,0.6,17,103,Heifer,0,-,-,-,0,0,0,0,0,0,0,0,0,0,0,0,0,0,Report Heat,-,0,-,-,-,-,-,-,-,0,-,-,-
2972,-,103,1,-,0,Female,0,-,Holstein,-,0,-,-,22.07.26,0,0.6,17,103,Heifer,0,-,-,-,0,0,0,0,0,0,0,0,0,0,0,0,0,0,Report Heat,-,0,-,-,-,-,-,-,-,0,-,-,-
2973,-,103,1,-,0,Female,0,-,Holstein,-,0,-,-,22.07.26,0,0.6,17,103,Heifer,0,-,-,-,0,0,0,0,0,0,0,0,0,0,0,0,0,0,Report Heat,-,0,-,-,-,-,-,-,-,0,-,-,-
2974,-,103,1,-,0,Female,0,-,Holstein,-,0,-,-,22.07.27,0,0.5,16,103,Heifer,0,-,-,-,0,0,0,0,0,0,0,0,0,0,0,0,0,0,Report Heat,-,0,-,-,-,-,-,-,-,0,-,-,-
2975,-,103,1,-,0,Female,0,-,Holstein,-,0,-,-,22.07.27,0,0.5,16,103,Heifer,0,-,-,-,0,0,0,0,0,0,0,0,0,0,0,0,0,0,Report Heat,-,0,-,-,-,-,-,-,-,0,-,-,-
2976,-,103,1,-,0,Female,0,-,Holstein,-,0,-,-,22.07.27,0,0.5,16,103,Heifer,0,-,-,-,0,0,0,0,0,0,0,0,0,0,0,0,0,0,Report Heat,-,0,-,-,-,-,-,-,-,0,-,-,-
2977,-,103,1,-,0,Female,0,-,Holstein,-,0,-,-,22.07.27,0,0.5,16,103,Heifer,0,-,-,-,0,0,0,0,0,0,0,0,0,0,0,0,0,0,Report Heat,-,0,-,-,-,-,-,-,-,0,-,-,-
2978,-,103,1,-,0,Female,0,-,Holstein,-,0,-,-,22.07.27,0,0.5,16,103,Heifer,0,-,-,-,0,0,0,0,0,0,0,0,0,0,0,0,0,0,Report Heat,-,0,-,-,-,-,-,-,-,0,-,-,-
2979,-,103,1,-,0,Female,0,-,Holstein,-,0,-,-,22.07.28,0,0.5,15,103,Heifer,0,-,-,-,0,0,0,0,0,0,0,0,0,0,0,0,0,0,Report Heat,-,0,-,-,-,-,-,-,-,0,-,-,-
2980,-,103,1,-,0,Female,0,-,Holstein,-,0,-,-,22.07.28,0,0.5,15,103,Heifer,0,-,-,-,0,0,0,0,0,0,0,0,0,0,0,0,0,0,Report Heat,-,0,-,-,-,-,-,-,-,0,-,-,-
2981,-,103,1,-,0,Female,0,-,Holstein,-,0,-,-,22.07.30,0,0.4,13,103,Heifer,0,-,-,-,0,0,0,0,0,0,0,0,0,0,0,0,0,0,Report Heat,-,0,-,-,-,-,-,-,-,0,-,-,-
2982,-,103,1,-,0,Female,0,-,Holstein,-,0,-,-,22.07.30,0,0.4,13,103,Heifer,0,-,-,-,0,0,0,0,0,0,0,0,0,0,0,0,0,0,Report Heat,-,0,-,-,-,-,-,-,-,0,-,-,-
2983,-,103,1,-,0,Female,0,-,Holstein,-,0,-,-,22.07.30,0,0.4,13,103,Heifer,0,-,-,-,0,0,0,0,0,0,0,0,0,0,0,0,0,0,Report Heat,-,0,-,-,-,-,-,-,-,0,-,-,-
2984,-,103,1,-,0,Female,0,-,Holstein,-,0,-,-,22.07.30,0,0.4,13,103,Heifer,0,-,-,-,0,0,0,0,0,0,0,0,0,0,0,0,0,0,Report Heat,-,0,-,-,-,-,-,-,-,0,-,-,-
2985,-,103,1,-,0,Female,0,-,Holstein,-,0,-,-,22.07.30,0,0.4,13,103,Heifer,0,-,-,-,0,0,0,0,0,0,0,0,0,0,0,0,0,0,Report Heat,-,0,-,-,-,-,-,-,-,0,-,-,-
2986,-,103,1,-,0,Female,0,-,Holstein,-,0,-,-,22.07.30,0,0.4,13,103,Heifer,0,-,-,-,0,0,0,0,0,0,0,0,0,0,0,0,0,0,Report Heat,-,0,-,-,-,-,-,-,-,0,-,-,-
2987,-,103,1,-,0,Female,0,-,Holstein,-,0,-,-,22.07.30,0,0.4,13,103,Heifer,0,-,-,-,0,0,0,0,0,0,0,0,0,0,0,0,0,0,Report Heat,-,0,-,-,-,-,-,-,-,0,-,-,-
2988,-,103,1,-,0,Female,0,-,Holstein,-,0,-,-,22.07.30,0,0.4,13,103,Heifer,0,-,-,-,0,0,0,0,0,0,0,0,0,0,0,0,0,0,Report Heat,-,0,-,-,-,-,-,-,-,0,-,-,-
2989,-,103,1,-,0,Female,0,-,Holstein,-,0,-,-,22.07.30,0,0.4,13,103,Heifer,0,-,-,-,0,0,0,0,0,0,0,0,0,0,0,0,0,0,Report Heat,-,0,-,-,-,-,-,-,-,0,-,-,-
2990,-,103,1,-,0,Female,0,-,Holstein,-,0,-,-,22.07.31,0,0.4,12,103,Heifer,0,-,-,-,0,0,0,0,0,0,0,0,0,0,0,0,0,0,Report Heat,-,0,-,-,-,-,-,-,-,0,-,-,-
2991,-,103,1,-,0,Female,0,-,Holstein,-,0,-,-,22.07.31,0,0.4,12,103,Heifer,0,-,-,-,0,0,0,0,0,0,0,0,0,0,0,0,0,0,Report Heat,-,0,-,-,-,-,-,-,-,0,-,-,-
2992,-,103,1,-,0,Female,0,-,Holstein,-,0,-,-,22.07.31,0,0.4,12,103,Heifer,0,-,-,-,0,0,0,0,0,0,0,0,0,0,0,0,0,0,Report Heat,-,0,-,-,-,-,-,-,-,0,-,-,-
2993,-,103,1,-,0,Female,0,-,Holstein,-,0,-,-,22.08.02,0,0.3,10,103,Heifer,0,-,-,-,0,0,0,0,0,0,0,0,0,0,0,0,0,0,Report Heat,-,0,-,-,-,-,-,-,-,0,-,-,-
2994,-,103,1,-,0,Female,0,-,Holstein,-,0,-,-,22.08.02,0,0.3,10,103,Heifer,0,-,-,-,0,0,0,0,0,0,0,0,0,0,0,0,0,0,Report Heat,-,0,-,-,-,-,-,-,-,0,-,-,-
2995,-,103,1,-,0,Female,0,-,Holstein,-,0,-,-,22.08.02,0,0.3,10,103,Heifer,0,-,-,-,0,0,0,0,0,0,0,0,0,0,0,0,0,0,Report Heat,-,0,-,-,-,-,-,-,-,0,-,-,-
2996,-,103,1,-,0,Female,0,-,Holstein,-,0,-,-,22.08.02,0,0.3,10,103,Heifer,0,-,-,-,0,0,0,0,0,0,0,0,0,0,0,0,0,0,Report Heat,-,0,-,-,-,-,-,-,-,0,-,-,-
2997,-,103,1,-,0,Female,0,-,Holstein,-,0,-,-,22.08.03,0,0.3,9,103,Heifer,0,-,-,-,0,0,0,0,0,0,0,0,0,0,0,0,0,0,Report Heat,-,0,-,-,-,-,-,-,-,0,-,-,-
2998,-,103,1,-,0,Female,0,-,Holstein,-,0,-,-,22.08.03,0,0.3,9,103,Heifer,0,-,-,-,0,0,0,0,0,0,0,0,0,0,0,0,0,0,Report Heat,-,0,-,-,-,-,-,-,-,0,-,-,-
2999,-,103,1,-,0,Female,0,-,Holstein,-,0,-,-,22.08.03,0,0.3,9,103,Heifer,0,-,-,-,0,0,0,0,0,0,0,0,0,0,0,0,0,0,Report Heat,-,0,-,-,-,-,-,-,-,0,-,-,-
3000,-,103,1,-,0,Female,0,-,Holstein,-,0,-,-,22.08.03,0,0.3,9,103,Heifer,0,-,-,-,0,0,0,0,0,0,0,0,0,0,0,0,0,0,Report Heat,-,0,-,-,-,-,-,-,-,0,-,-,-
3001,-,103,1,-,0,Female,0,-,Holstein,-,0,-,-,22.08.03,0,0.3,9,103,Heifer,0,-,-,-,0,0,0,0,0,0,0,0,0,0,0,0,0,0,Report Heat,-,0,-,-,-,-,-,-,-,0,-,-,-
3002,-,103,1,-,0,Female,0,-,Holstein,-,0,-,-,22.08.03,0,0.3,9,103,Heifer,0,-,-,-,0,0,0,0,0,0,0,0,0,0,0,0,0,0,Report Heat,-,0,-,-,-,-,-,-,-,0,-,-,-
3003,-,103,1,-,0,Female,0,-,Holstein,-,0,-,-,22.08.03,0,0.3,9,103,Heifer,0,-,-,-,0,0,0,0,0,0,0,0,0,0,0,0,0,0,Report Heat,-,0,-,-,-,-,-,-,-,0,-,-,-
3004,-,103,1,-,0,Female,0,-,Holstein,-,0,-,-,22.08.04,0,0.3,8,103,Heifer,0,-,-,-,0,0,0,0,0,0,0,0,0,0,0,0,0,0,Report Heat,-,0,-,-,-,-,-,-,-,0,-,-,-
3005,-,103,1,-,0,Female,0,-,Holstein,-,0,-,-,22.08.04,0,0.3,8,103,Heifer,0,-,-,-,0,0,0,0,0,0,0,0,0,0,0,0,0,0,Report Heat,-,0,-,-,-,-,-,-,-,0,-,-,-
3006,-,103,1,-,0,Female,0,-,Holstein,-,0,-,-,22.08.04,0,0.3,8,103,Heifer,0,-,-,-,0,0,0,0,0,0,0,0,0,0,0,0,0,0,Report Heat,-,0,-,-,-,-,-,-,-,0,-,-,-
3007,-,103,1,-,0,Female,0,-,Holstein,-,0,-,-,22.08.04,0,0.3,8,103,Heifer,0,-,-,-,0,0,0,0,0,0,0,0,0,0,0,0,0,0,Report Heat,-,0,-,-,-,-,-,-,-,0,-,-,-
3008,-,103,1,-,0,Female,0,-,Holstein,-,0,-,-,22.08.04,0,0.3,8,103,Heifer,0,-,-,-,0,0,0,0,0,0,0,0,0,0,0,0,0,0,Report Heat,-,0,-,-,-,-,-,-,-,0,-,-,-
3009,-,103,1,-,0,Female,0,-,Holstein,-,0,-,-,22.08.04,0,0.3,8,103,Heifer,0,-,-,-,0,0,0,0,0,0,0,0,0,0,0,0,0,0,Report Heat,-,0,-,-,-,-,-,-,-,0,-,-,-
3010,-,103,1,-,0,Female,0,-,Holstein,-,0,-,-,22.08.06,0,0.2,6,103,Heifer,0,-,-,-,0,0,0,0,0,0,0,0,0,0,0,0,0,0,Report Heat,-,0,-,-,-,-,-,-,-,0,-,-,-
3011,-,103,1,-,0,Female,0,-,Holstein,-,0,-,-,22.08.06,0,0.2,6,103,Heifer,0,-,-,-,0,0,0,0,0,0,0,0,0,0,0,0,0,0,Report Heat,-,0,-,-,-,-,-,-,-,0,-,-,-
3012,-,103,1,-,0,Female,0,-,Holstein,-,0,-,-,22.08.07,0,0.2,5,103,Heifer,0,-,-,-,0,0,0,0,0,0,0,0,0,0,0,0,0,0,Report Heat,-,0,-,-,-,-,-,-,-,0,-,-,-
3013,-,103,1,-,0,Female,0,-,Holstein,-,0,-,-,22.08.07,0,0.2,5,103,Heifer,0,-,-,-,0,0,0,0,0,0,0,0,0,0,0,0,0,0,Report Heat,-,0,-,-,-,-,-,-,-,0,-,-,-
3014,-,103,1,-,0,Female,0,-,Holstein,-,0,-,-,22.08.07,0,0.2,5,103,Heifer,0,-,-,-,0,0,0,0,0,0,0,0,0,0,0,0,0,0,Report Heat,-,0,-,-,-,-,-,-,-,0,-,-,-
3015,-,103,1,-,0,Female,0,-,Holstein,-,0,-,-,22.08.07,0,0.2,5,103,Heifer,0,-,-,-,0,0,0,0,0,0,0,0,0,0,0,0,0,0,Report Heat,-,0,-,-,-,-,-,-,-,0,-,-,-
3016,-,103,1,-,0,Female,0,-,Holstein,-,0,-,-,22.08.08,0,0.1,4,103,Heifer,0,-,-,-,0,0,0,0,0,0,0,0,0,0,0,0,0,0,Report Heat,-,0,-,-,-,-,-,-,-,0,-,-,-
3017,-,103,1,-,0,Female,0,-,Holstein,-,0,-,-,22.08.08,0,0.1,4,103,Heifer,0,-,-,-,0,0,0,0,0,0,0,0,0,0,0,0,0,0,Report Heat,-,0,-,-,-,-,-,-,-,0,-,-,-
3018,-,103,1,-,0,Female,0,-,Holstein,-,0,-,-,22.08.08,0,0.1,4,103,Heifer,0,-,-,-,0,0,0,0,0,0,0,0,0,0,0,0,0,0,Report Heat,-,0,-,-,-,-,-,-,-,0,-,-,-
3019,-,103,1,-,0,Female,0,-,Holstein,-,0,-,-,22.08.08,0,0.1,4,103,Heifer,0,-,-,-,0,0,0,0,0,0,0,0,0,0,0,0,0,0,Report Heat,-,0,-,-,-,-,-,-,-,0,-,-,-
3020,-,103,1,-,0,Female,0,-,Holstein,-,0,-,-,22.08.09,0,0.1,3,103,Heifer,0,-,-,-,0,0,0,0,0,0,0,0,0,0,0,0,0,0,Report Heat,-,0,-,-,-,-,-,-,-,0,-,-,-
3021,-,103,1,-,0,Female,0,-,Holstein,-,0,-,-,22.08.09,0,0.1,3,103,Heifer,0,-,-,-,0,0,0,0,0,0,0,0,0,0,0,0,0,0,Report Heat,-,0,-,-,-,-,-,-,-,0,-,-,-
3022,-,103,1,-,0,Female,0,-,Holstein,-,0,-,-,22.08.09,0,0.1,3,103,Heifer,0,-,-,-,0,0,0,0,0,0,0,0,0,0,0,0,0,0,Report Heat,-,0,-,-,-,-,-,-,-,0,-,-,-
3023,-,103,1,-,0,Female,0,-,Holstein,-,0,-,-,22.08.09,0,0.1,3,103,Heifer,0,-,-,-,0,0,0,0,0,0,0,0,0,0,0,0,0,0,Report Heat,-,0,-,-,-,-,-,-,-,0,-,-,-
3024,-,103,1,-,0,Female,0,-,Holstein,-,0,-,-,22.08.09,0,0.1,3,103,Heifer,0,-,-,-,0,0,0,0,0,0,0,0,0,0,0,0,0,0,Report Heat,-,0,-,-,-,-,-,-,-,0,-,-,-
3025,-,103,101,22.08.10,2,Female,0,-,Holstein,-,0,-,-,22.08.09,0,0.1,3,103,Heifer,0,-,-,-,0,0,0,0,0,0,0,0,0,0,0,0,0,0,Report Heat,-,0,-,-,-,-,-,-,-,0,-,-,-
3026,-,103,1,-,0,Female,0,-,Holstein,-,0,-,-,22.08.10,0,0.1,2,103,Heifer,0,-,-,-,0,0,0,0,0,0,0,0,0,0,0,0,0,0,Report Heat,-,0,-,-,-,-,-,-,-,0,-,-,-
4000,-,199,190,22.08.02,10,Female,0,22.01.14,Holstein,-,12,337,Yes,08.03.29,14.4,172.5,5249,199,"Cull, Not Pregnant",1,-,-,-,0,0,0,0,0,0,0,0,0,0,0,0,0,0,Inseminate,-,0,-,-,404,-,-,-,-,337,Sep,21.09.09,Easy
4001,-,6,5,22.07.31,12,Female,0,22.06.30,Holstein,6608,8,276,-,10.01.11,12.6,151,4596,6,Open,1,22.08.06,24.4,148.8,876,285,1235,854,1026,983,960,918,876,285,84,0,674,1389,Inseminate,-,0,22.08.06,-,510,12591,-,Male,-,276,Nov,21.11.09,Easy
4002,-,6,5,22.07.31,12,Female,177,22.02.16,Holstein,7579,10,446,-,10.02.14,12.5,149.9,4562,6,Pregnant,4,22.05.16,19.6,124.7,816,230,1087,942,1028,968,1010,912,816,230,1214,1225,994,1088,Conf. Dry Off,Yes,2,22.05.16,-,546,1836,-,Female,-,446,May,21.05.23,Hard
4003,-,75,50,22.07.23,20,Female,238,21.12.17,Holstein,3241,8,462,-,10.06.01,12.2,146.4,4455,75,"Pregnant, Dry",5,22.03.07,-,-,290,0,1020,799,706,512,451,409,290,0,1023,964,953,931,Conf. Step  Up,Yes,2,22.03.07,-,521,11999,-,Male,-,482,Apr,21.04.17,Easy
4004,-,199,190,22.07.02,41,Female,0,21.11.07,Holstein,-,8,467,Yes,10.07.07,12.1,145.2,4419,199,"Cull, Not Pregnant",1,22.02.07,-,-,0,0,0,0,0,0,0,0,0,0,0,0,0,0,Inseminate,-,0,22.02.07,-,466,1789,-,Female,-,467,May,21.05.02,Hard
4005,-,22,1,22.08.01,11,Female,0,-,Holstein,3752,9,36,-,10.07.14,12.1,145,4412,22,Fresh,0,-,42.3,259.1,849,478,673,434,0,0,0,0,849,478,1084,1004,871,744,Report Heat,-,0,-,-,-,2922,-,Female,-,36,Jul,22.07.07,-
4006,-,2,22,22.07.31,12,Female,0,22.06.20,Holstein,5843,7,113,-,10.11.14,11.7,140.9,4289,2,Pregnant (1st Preg Check),3,22.07.30,35.3,221.1,1325,417,409,0,0,294,1409,1407,1325,417,692,637,515,415,2nd Pregn. Check,-,1,22.07.30,-,337,13049,-,Male,-,113,Apr,22.04.21,Hard
4007,-,3,2,22.07.31,12,Female,0,22.06.24,Holstein,4177,9,194,-,10.11.30,11.7,140.4,4273,3,Open,1,22.07.30,40.1,220.6,1290,406,11,1180,1551,1502,1490,1332,1290,406,379,67,0,0,Inseminate,-,0,22.07.30,-,422,12808,-,Male,-,194,Jan,22.01.30,-
4008,-,75,50,22.08.02,10,Female,225,21.12.30,Holstein,2369,9,283,-,11.01.30,11.5,138.4,4212,75,"Pregnant, Dry",5,22.03.21,-,-,679,11,1499,1305,1318,1236,1088,931,679,11,0,279,1432,1629,Conf. Step  Up,Yes,2,22.03.21,-,345,12529,-,Male,-,293,Oct,21.10.23,-
4009,-,199,190,22.08.02,10,Female,0,22.07.02,Holstein,-,9,227,Yes,11.03.30,11.4,136.4,4153,199,"Cull, Not Pregnant",2,22.05.11,-,-,0,0,0,0,0,0,0,0,0,0,0,0,0,0,Pregn. Check,-,0,22.05.11,-,463,12731,-,Male,-,227,Dec,21.12.28,-
4010,-,6,5,22.07.31,12,Female,0,22.06.19,Holstein,6546,8,353,-,11.07.03,11.1,133.3,4058,6,Open,1,22.06.18,18.6,119.5,669,208,1351,1108,1160,1024,972,763,669,208,1332,1469,1458,1387,Inseminate,-,0,22.06.18,-,576,-,-,-,-,353,Aug,21.08.24,-
4011,-,3,2,22.07.31,12,Female,0,22.07.19,Holstein,5854,9,156,-,11.07.14,11.1,133,4047,3,Open,1,22.07.14,35.5,231.6,1302,426,54,0,659,1303,1437,1321,1302,426,1115,1087,890,568,Inseminate,-,0,22.07.14,-,409,2651,-,Female,-,156,Mar,22.03.09,Easy
4012,-,4,3,22.07.31,12,Female,103,22.05.01,Holstein,7910,8,253,-,11.07.20,11.1,132.8,4041,4,Pregnant,4,22.08.01,29.4,184.9,1039,340,1191,999,1308,1200,1190,1047,1039,340,594,22,0,794,Conf. Dry Off,Yes,2,22.08.01,-,427,2394,-,Female,-,253,Dec,21.12.02,Easy
4013,-,80,75,22.07.23,20,Female,274,21.11.11,Holstein,840,9,393,-,11.07.23,11.1,132.7,4038,80,"Pregnant, Dry",5,22.02.07,-,-,0,0,974,793,873,745,442,87,0,0,1125,1182,975,1068,Conf. Step  Up,Yes,2,22.02.07,-,457,12046,-,Male,-,454,May,21.05.15,-
4014,-,4,40,22.08.02,10,Female,0,22.07.21,Holstein,2168,7,229,-,11.07.14,11.1,133,4047,4,Bred,1,22.07.21,22.7,138.7,941,248,929,976,1057,968,1109,953,941,248,680,494,0,123,Inseminate,-,0,22.07.21,-,484,2447,-,Female,-,229,Dec,21.12.26,-
4015,-,6,5,22.07.31,12,Female,0,22.07.20,Holstein,2136,6,387,-,11.09.05,10.9,131.2,3994,6,Bred,1,22.03.31,24,151.8,879,287,927,904,971,1015,1078,919,879,287,1494,1441,1319,1210,Inseminate,-,0,22.03.31,-,641,-,-,-,-,387,Jul,21.07.21,Easy
4016,-,199,190,22.07.02,41,Female,0,21.11.21,Holstein,-,8,590,Yes,11.09.06,10.9,131.2,3993,199,"Cull, Not Pregnant",1,22.02.21,-,-,0,0,0,0,0,0,0,0,0,0,0,0,0,0,Inseminate,-,0,22.02.21,22.06.22,603,1551,-,Female,-,590,Dec,20.12.30,Easy
4017,-,3,2,22.07.31,12,Female,0,22.06.28,Holstein,10894,9,188,-,11.09.27,10.9,130.5,3972,3,Open,1,22.08.05,25.9,164.6,849,298,0,559,1133,1120,712,797,849,298,538,383,0,0,Inseminate,-,0,22.08.05,-,420,2577,-,Female,-,188,Feb,22.02.05,Hard
4018,-,199,190,22.08.02,10,Female,0,22.03.30,Holstein,-,5,917,Yes,11.09.27,10.9,130.5,3972,199,"Cull, Not Pregnant",1,22.05.11,-,-,0,0,0,0,0,0,0,0,0,0,0,0,0,0,Inseminate,-,0,22.05.11,-,1059,-,-,-,-,917,Feb,20.02.07,Easy
4019,-,75,50,22.07.02,41,Female,244,21.12.11,Holstein,4146,7,375,-,11.08.21,11,131.7,4009,75,"Pregnant, Dry",5,22.03.07,-,-,11,0,1138,962,1050,933,930,588,11,0,1192,1256,1217,1196,Conf. Step  Up,Yes,2,22.03.07,-,449,12095,-,Male,-,416,Jun,21.06.22,-
4079,-,199,190,22.05.01,103,Female,0,-,Holstein,-,6,671,Yes,11.11.07,10.8,129.1,3931,199,"Cull, Not Pregnant",1,-,-,-,0,0,0,0,0,0,0,0,0,0,0,0,0,0,Inseminate,-,0,-,-,-,-,-,-,-,671,Oct,20.10.10,Hard
4089,-,199,190,22.05.01,103,Female,0,21.08.24,Holstein,-,5,852,Yes,11.11.13,10.7,129,3925,199,"Cull, Not Pregnant",1,21.10.18,-,-,0,0,0,0,0,0,0,0,0,0,0,0,0,0,Inseminate,-,0,21.10.18,-,776,870,-,Female,-,852,Apr,20.04.12,-
4100,-,199,190,22.06.04,69,Female,0,22.03.16,Holstein,-,9,263,Yes,11.10.05,10.9,130.2,3964,199,"Cull, Not Pregnant",1,22.05.11,-,-,0,0,0,0,0,0,0,0,0,0,0,0,0,0,Inseminate,-,0,22.05.11,-,391,12640,-,Male,-,263,Nov,21.11.22,Easy
4106,-,4,40,22.08.06,6,Female,0,22.06.11,Holstein,16342,8,263,-,11.11.25,10.7,128.6,3913,4,Pregnant (1st Preg Check),3,22.07.23,21.5,179.6,1049,311,1337,1025,935,1062,971,1050,1049,311,314,0,200,1228,2nd Pregn. Check,-,1,22.07.23,-,478,12639,-,Male,-,263,Nov,21.11.22,Easy
4125,-,6,5,22.07.31,12,Female,0,22.07.16,Holstein,13286,8,309,-,11.12.01,10.7,128.4,3907,6,Open,1,22.06.23,25.2,135,914,260,1141,969,1026,1021,1056,947,914,260,0,978,1502,1504,Inseminate,-,0,22.06.23,-,559,12467,-,Male,-,309,Oct,21.10.07,-
4127,-,3,70,22.08.09,3,Female,0,22.07.04,Holstein,3092,7,163,-,11.12.02,10.7,128.3,3906,3,Bred,2,22.06.18,31.3,167.2,1148,259,0,0,962,1271,1151,1258,1148,259,833,670,298,43,Pregn. Check,-,0,22.06.18,-,401,2639,-,Female,-,163,Mar,22.03.02,Hard
4142,-,199,190,22.06.04,69,Female,0,-,Holstein,-,5,612,Yes,11.12.09,10.7,128.1,3899,199,"Cull, Not Pregnant",1,-,-,-,0,0,0,0,0,0,0,0,0,0,0,0,0,0,Inseminate,-,0,-,-,-,11689,-,Male,-,612,Dec,20.12.08,Easy
4166,-,4,5,22.08.10,2,Female,0,22.07.08,Holstein,694,6,316,-,11.12.21,10.6,127.7,3887,4,Open,1,22.06.17,36,220,1241,406,1458,1125,1267,1207,1348,1243,1241,406,19,1327,1547,1551,Inseminate,-,0,22.06.17,-,558,12442,-,Male,-,316,Sep,21.09.30,-
4172,-,6,5,22.07.31,12,Female,0,22.04.11,Holstein,2137,8,236,-,11.12.27,10.6,127.5,3881,6,Open,1,22.05.19,19.4,120.5,692,227,1068,952,927,886,857,757,692,227,580,310,0,352,Inseminate,-,0,22.05.19,-,390,2429,-,Female,-,236,Dec,21.12.19,Easy
4181,-,199,190,22.08.02,10,Female,0,21.09.08,Holstein,-,8,498,Yes,12.01.01,10.6,127.3,3876,199,"Cull, Not Pregnant",1,21.10.22,-,-,0,0,0,0,0,0,0,0,0,0,0,0,0,0,Inseminate,-,0,21.10.22,-,437,11952,-,Male,-,498,Apr,21.04.01,-
4185,-,199,190,22.03.31,134,Female,0,-,Holstein,-,8,154,Yes,12.01.07,10.6,127.1,3870,199,"Cull, Not Pregnant",1,-,-,-,0,0,0,0,0,0,0,0,0,0,0,0,0,0,Inseminate,-,0,-,-,-,-,-,-,-,154,Mar,22.03.11,-
4253,-,199,190,22.03.31,134,Female,0,21.11.25,Holstein,-,6,702,Yes,12.02.06,10.5,126.2,3840,199,"Cull, Not Pregnant",1,21.03.20,-,-,0,0,0,0,0,0,0,0,0,0,0,0,0,0,Inseminate,-,0,21.03.20,-,719,11342,-,Male,-,702,Sep,20.09.09,-
4260,-,75,50,22.07.23,20,Female,239,21.12.16,Holstein,5645,8,319,-,12.02.09,10.5,126.1,3837,75,"Pregnant, Dry",5,22.03.07,-,-,510,0,1169,998,1092,1016,1032,868,510,0,854,1247,1164,1176,Conf. Step  Up,Yes,2,22.03.07,-,377,12342,-,Male,-,339,Sep,21.09.07,Easy
4264,-,199,190,22.06.04,69,Female,0,-,Holstein,-,6,106,Yes,12.02.11,10.5,126,3835,199,"Cull, Not Pregnant",1,-,-,-,0,0,0,0,0,0,0,0,0,0,0,0,0,0,Inseminate,-,0,-,-,-,2781,-,Female,-,106,Apr,22.04.28,-
4268,-,4,3,22.07.31,12,Female,0,22.07.22,Holstein,5161,6,242,-,12.02.12,10.5,126,3834,4,Bred,1,22.06.24,18.9,171.2,1024,334,1439,1332,1331,1238,1200,1056,1024,334,736,316,0,587,Inseminate,-,0,22.06.24,-,498,2416,-,Female,-,242,Dec,21.12.13,-
4270,-,199,190,22.06.04,69,Female,0,22.02.01,Holstein,-,8,508,Yes,12.02.13,10.5,125.9,3833,199,"Cull, Not Pregnant",1,22.04.28,-,-,0,0,0,0,0,0,0,0,0,0,0,0,0,0,Inseminate,-,0,22.04.28,-,593,11914,-,Male,-,508,Mar,21.03.22,-
4295,-,199,190,22.07.02,41,Female,0,-,Holstein,-,7,71,Yes,12.02.28,10.5,125.4,3818,199,"Cull, Not Pregnant",1,-,-,-,0,0,0,0,0,0,0,0,0,0,0,0,0,0,Inseminate,-,0,-,-,-,13149,-,Male,-,71,Jun,22.06.02,Easy
4307,-,80,75,22.07.23,20,Female,273,21.11.12,Holstein,4289,6,529,-,12.03.06,10.4,125.2,3811,80,"Pregnant, Dry",5,22.02.07,-,-,0,0,1046,895,942,899,595,322,0,0,1012,878,1078,1067,Conf. Step  Up,Yes,2,22.02.07,-,585,11775,-,Male,-,581,Jan,21.01.08,Easy
4350,-,199,190,22.03.31,134,Female,0,21.11.07,Holstein,-,8,353,Yes,12.04.10,10.3,124.1,3776,199,"Cull, Not Pregnant",1,21.12.11,-,-,0,0,0,0,0,0,0,0,0,0,0,0,0,0,Inseminate,-,0,21.12.11,-,352,-,-,-,-,353,Aug,21.08.24,-
4379,-,7,70,22.06.26,47,Female,137,22.03.28,Holstein,9310,4,831,-,12.05.03,10.3,123.3,3753,7,Pregnant,4,22.06.20,16.5,106.1,578,206,811,612,594,620,665,537,578,206,1083,1102,862,857,Conf. Dry Off,Yes,2,22.06.20,-,971,917,-,Female,-,831,May,20.05.03,Hard
4397,-,3,70,22.08.08,4,Female,0,22.07.08,Holstein,5372,7,166,-,12.05.15,10.2,122.9,3741,3,Bred,2,22.07.08,37,185.2,1164,361,0,15,1247,1439,1395,940,1164,361,1213,1182,986,507,Pregn. Check,-,0,22.07.08,-,408,12888,-,Male,-,166,Feb,22.02.27,Easy
4404,-,199,190,22.03.31,134,Female,0,22.02.08,Holstein,-,7,530,Yes,12.05.19,10.2,122.8,3737,199,"Cull, Not Pregnant",1,22.03.21,-,-,0,0,0,0,0,0,0,0,0,0,0,0,0,0,Inseminate,-,0,22.03.21,-,622,1662,-,Female,-,530,Feb,21.02.28,-
4407,-,199,190,22.08.02,10,Female,0,22.05.30,Holstein,-,8,373,Yes,12.05.20,10.2,122.7,3736,199,"Cull, Not Pregnant",1,21.12.23,-,-,0,0,0,0,0,0,0,0,0,0,0,0,0,0,Inseminate,-,0,21.12.23,-,576,12167,-,Male,-,373,Aug,21.08.04,-
4410,-,80,75,22.07.06,37,Female,283,21.11.02,Holstein,6698,6,440,-,12.05.30,10.2,122.4,3726,80,"Pregnant, Dry",5,22.01.24,-,-,0,0,727,659,558,243,0,0,0,0,942,922,751,683,Conf. Step  Up,Yes,2,22.01.24,-,551,1620,-,Female,-,557,Feb,21.02.01,-
4430,-,7,6,22.07.20,23,Female,135,22.03.30,Holstein,2322,6,523,-,12.06.12,10.2,122,3713,7,Pregnant,4,22.06.20,15.5,100,600,192,762,643,620,608,716,612,600,192,1064,909,915,893,Conf. Dry Off,Yes,2,22.06.20,-,665,11893,-,Male,-,523,Mar,21.03.07,Easy
4431,-,199,190,22.02.01,192,Female,0,21.09.01,Holstein,-,7,580,Yes,12.06.14,10.2,121.9,3711,199,"Cull, Not Pregnant",1,21.10.15,-,-,0,0,0,0,0,0,0,0,0,0,0,0,0,0,Inseminate,-,0,21.10.15,-,512,11780,-,Male,-,580,Jan,21.01.09,Hard
4432,-,4,3,22.07.31,12,Female,0,-,Holstein,3962,7,207,-,12.06.14,10.2,121.9,3711,4,Fresh,1,-,32.9,198.9,1124,377,348,883,1228,1272,1385,1145,1124,377,472,244,0,0,Inseminate,-,0,-,-,-,12785,-,Male,-,207,Jan,22.01.17,Easy
4433,-,3,2,22.07.31,12,Female,0,22.07.20,Holstein,7091,7,171,-,12.06.15,10.2,121.9,3710,3,Open,1,-,35.3,209.3,1328,405,0,187,1238,1425,1439,1336,1328,405,1245,1053,900,434,Inseminate,-,0,-,-,425,2620,-,Female,-,171,Feb,22.02.22,Easy
4446,-,5,4,22.07.31,12,Female,139,22.03.26,Holstein,163,8,307,-,12.06.21,10.1,121.7,3704,5,Pregnant,4,22.06.20,28.8,175.2,939,319,1258,1049,1148,1114,1121,1009,939,319,0,747,1284,1340,Conf. Dry Off,Yes,2,22.06.20,-,445,12475,-,Male,-,307,Oct,21.10.09,-
4465,-,199,190,22.02.01,192,Female,0,21.10.13,Holstein,-,6,691,Yes,12.07.02,10.1,121.3,3693,199,"Cull, Not Pregnant",1,21.08.16,-,-,0,0,0,0,0,0,0,0,0,0,0,0,0,0,Inseminate,-,0,21.08.16,-,665,1291,-,Female,-,691,Sep,20.09.20,Hard
4495,-,199,190,22.05.01,103,Female,0,21.09.19,Holstein,-,6,680,Yes,12.07.20,10.1,120.7,3675,199,"Cull, Not Pregnant",1,21.12.11,-,-,0,0,0,0,0,0,0,0,0,0,0,0,0,0,Inseminate,-,0,21.12.11,22.04.19,630,11466,-,Male,-,680,Oct,20.10.01,Easy
4508,-,4,70,22.08.01,11,Female,0,22.05.25,Holstein,2677,6,327,-,12.07.27,10,120.5,3668,4,Open,1,22.07.11,29.6,178.9,949,338,1114,998,1263,1185,1137,958,949,338,343,1411,1500,1427,Inseminate,-,0,22.07.11,-,525,2203,-,Female,-,327,Sep,21.09.19,Easy
4559,-,199,190,22.02.01,192,Female,0,-,Holstein,-,7,230,Yes,12.08.19,10,119.8,3645,199,"Cull, Not Pregnant",1,-,-,-,0,0,0,0,0,0,0,0,0,0,0,0,0,0,Inseminate,-,0,-,-,-,12729,-,Male,-,230,Dec,21.12.25,Easy
4675,-,199,190,22.03.31,134,Female,0,22.01.27,Holstein,-,8,323,Yes,12.09.19,9.9,118.7,3614,199,"Cull, Not Pregnant",1,22.03.10,-,-,0,0,0,0,0,0,0,0,0,0,0,0,0,0,Inseminate,-,0,22.03.10,-,403,12415,-,Male,-,323,Sep,21.09.23,Easy
4678,-,6,5,22.07.31,12,Female,0,22.07.22,Holstein,2303,6,344,-,12.09.20,9.9,118.7,3613,6,Bred,1,22.05.11,25.5,151,813,283,1249,961,879,826,824,774,813,283,1254,1573,1427,1386,Inseminate,-,0,22.05.11,-,600,2139,-,Female,-,344,Sep,21.09.02,Easy
4692,-,2,22,22.07.31,12,Female,0,-,Holstein,407,8,55,-,12.09.22,9.9,118.6,3611,2,Fresh,1,-,35.2,212.3,1030,390,133,0,0,0,0,291,1030,390,462,537,543,504,Inseminate,-,0,-,-,-,13200,-,Male,-,55,Jun,22.06.18,Easy
4703,-,75,25,22.02.22,171,Female,235,21.12.20,Holstein,1445,7,359,-,12.09.25,9.9,118.5,3608,75,"Pregnant, Dry",5,22.02.18,-,-,0,0,478,264,0,0,0,0,0,0,1140,950,892,681,Conf. Step  Up,Yes,2,22.02.18,-,572,-,-,-,-,530,Feb,21.02.28,-
4734,-,75,50,22.08.11,1,Female,227,21.12.28,Holstein,38,8,332,-,12.10.11,9.8,118,3592,75,"Pregnant, Dry",5,22.03.21,12,68.8,806,189,1390,1238,1321,1249,1201,1064,806,189,673,1585,1350,1401,Conf. Step  Up,Yes,2,22.03.21,-,383,-,-,-,-,333,Sep,21.09.13,-
4735,-,199,190,22.03.01,164,Female,0,20.11.11,Holstein,-,5,1056,Yes,12.10.12,9.8,118,3591,199,"Cull, Not Pregnant",1,21.02.20,-,-,0,0,0,0,0,0,0,0,0,0,0,0,0,0,Inseminate,-,0,21.02.20,21.04.21,694,432,-,Female,-,1056,Sep,19.09.21,Easy
4745,-,4,3,22.07.31,12,Female,0,22.06.19,Holstein,225,7,211,-,12.10.15,9.8,117.9,3588,4,Open,1,22.07.22,29.5,198.9,1237,381,555,1202,1348,1399,1411,1238,1237,381,693,536,110,0,Inseminate,-,0,22.07.22,-,434,-,-,-,-,211,Jan,22.01.13,Normal
4756,-,199,190,22.02.01,192,Female,0,20.10.07,Holstein,-,5,1253,Yes,12.10.17,9.8,117.8,3586,199,"Cull, Not Pregnant",1,20.11.15,-,-,0,0,0,0,0,0,0,0,0,0,0,0,0,0,Inseminate,-,0,20.11.15,20.08.27,856,19723,-,Male,-,1253,Mar,19.03.08,Hard
4757,-,5,4,22.07.31,12,Female,98,22.05.06,Holstein,381,8,303,-,12.10.19,9.8,117.7,3584,5,Pregnant,4,22.08.01,29.5,167.5,988,311,1427,1199,1301,1262,1199,1063,988,311,0,674,1525,1566,Conf. Dry Off,Yes,2,22.08.01,-,482,2271,-,Female,-,303,Oct,21.10.13,-
4766,-,199,190,22.05.01,103,Female,0,21.09.27,Holstein,-,5,718,Yes,12.10.22,9.8,117.7,3581,199,"Cull, Not Pregnant",1,21.04.03,-,-,0,0,0,0,0,0,0,0,0,0,0,0,0,0,Inseminate,-,0,21.04.03,-,676,1186,-,Female,-,718,Aug,20.08.24,Hard
4770,-,199,190,22.05.01,103,Female,0,22.01.27,Holstein,-,5,650,Yes,12.10.23,9.8,117.6,3580,199,"Cull, Not Pregnant",1,22.03.05,-,-,0,0,0,0,0,0,0,0,0,0,0,0,0,0,Inseminate,-,0,22.03.05,-,730,11575,-,Male,-,650,Oct,20.10.31,-
4787,-,6,5,22.07.31,12,Female,0,22.02.27,Holstein,3069,7,419,-,12.10.28,9.8,117.5,3575,6,Open,1,22.04.16,16.3,109.1,656,210,1184,648,833,639,763,703,656,210,1416,767,1078,1169,Inseminate,-,0,22.04.16,-,530,12089,-,Male,-,419,Jun,21.06.19,Easy
4806,-,4,3,22.07.31,12,Female,0,22.07.16,Holstein,1484,6,213,-,12.11.06,9.8,117.2,3566,4,Bred,1,22.07.14,40.1,250.8,1293,460,808,1441,1598,1515,1378,1358,1293,460,1081,1016,274,0,Inseminate,-,0,22.07.14,-,463,12770,-,Male,-,213,Jan,22.01.11,Hard
4811,-,199,190,22.07.02,41,Female,0,21.11.30,Holstein,-,8,331,Yes,12.11.09,9.8,117.1,3563,199,"Cull, Not Pregnant",1,22.02.21,-,-,0,0,0,0,0,0,0,0,0,0,0,0,0,0,Inseminate,-,0,22.02.21,22.06.19,353,-,-,-,-,331,Sep,21.09.15,-
4815,-,5,4,22.07.31,12,Female,0,22.07.28,Holstein,7102,7,300,-,12.11.11,9.7,117,3561,5,Bred,1,22.07.23,32.7,192,1146,361,1632,1369,1518,1409,1292,1236,1146,361,0,618,1630,1699,Inseminate,-,0,22.07.23,-,562,12502,-,Male,-,300,Oct,21.10.16,Easy
4818,-,7,6,22.07.21,22,Female,0,21.11.15,Holstein,187,8,365,-,12.11.11,9.7,117,3561,7,Aborted,1,22.02.07,16.9,96.9,628,188,1095,841,754,777,840,733,628,188,1186,1163,1139,1081,Inseminate,-,0,22.02.07,22.05.03,372,12215,-,Male,-,365,Aug,21.08.12,-
4821,-,199,190,22.03.01,164,Female,0,22.01.04,Holstein,-,7,372,Yes,12.11.13,9.7,116.9,3559,199,"Cull, Not Pregnant",3,21.12.14,-,-,0,0,0,0,0,0,0,0,0,0,0,0,0,0,2nd Pregn. Check,-,0,21.12.14,-,429,12180,12181,Male,Male,372,Aug,21.08.05,Easy
4833,-,199,190,22.08.02,10,Female,0,22.06.23,Holstein,-,7,215,Yes,12.11.21,9.7,116.7,3551,199,"Cull, Not Pregnant",2,22.06.02,-,-,0,0,0,0,0,0,0,0,0,0,0,0,0,0,Pregn. Check,-,0,22.06.02,-,442,2494,-,Female,-,215,Jan,22.01.09,Easy
4848,-,199,190,22.02.01,192,Female,0,21.02.24,Holstein,-,5,1019,Yes,12.11.30,9.7,116.4,3542,199,"Cull, Not Pregnant",1,21.04.03,-,-,0,0,0,0,0,0,0,0,0,0,0,0,0,0,Inseminate,-,0,21.04.03,-,762,-,-,-,-,1019,Oct,19.10.28,Hard
4854,-,2,22,22.07.31,12,Female,0,-,Holstein,7045,9,55,-,12.12.03,9.7,116.3,3539,2,Fresh,1,-,40,237.5,1103,419,1297,1078,991,555,0,248,1103,419,1352,1390,1354,1436,Inseminate,-,0,-,-,-,13195,-,Male,-,55,Jun,22.06.18,Easy
4876,-,6,5,22.07.31,12,Female,0,22.06.04,Holstein,3114,6,319,-,12.12.21,9.6,115.7,3521,6,Pregnant (1st Preg Check),3,22.07.14,24.3,148.3,952,291,1052,917,1057,1034,1018,928,952,291,97,1218,1250,1200,2nd Pregn. Check,-,1,22.07.14,-,527,12432,-,Male,-,319,Sep,21.09.27,-
4884,-,2,22,22.07.31,12,Female,0,-,Holstein,59,7,53,-,12.12.26,9.6,115.5,3516,2,Fresh,1,-,54.3,305.5,1553,570,275,0,0,0,0,428,1553,570,937,827,714,598,Inseminate,-,0,-,-,-,13206,-,Male,-,53,Jun,22.06.20,-
4907,-,75,25,22.04.24,110,Female,202,22.01.22,Holstein,921,7,260,-,13.01.09,9.6,115.1,3502,75,"Pregnant, Dry",5,22.04.18,-,-,0,0,673,477,385,219,0,0,0,0,1085,1057,953,865,Conf. Step  Up,Yes,2,22.04.18,-,445,2018,-,Female,-,370,Aug,21.08.07,-
4909,-,199,190,22.03.01,164,Female,0,-,Holstein,-,6,316,Yes,13.01.10,9.6,115,3501,199,"Cull, Not Pregnant",1,-,-,-,0,0,0,0,0,0,0,0,0,0,0,0,0,0,Inseminate,-,0,-,-,-,12445,-,Male,-,316,Sep,21.09.30,-
4917,-,6,5,22.07.31,12,Female,0,22.05.04,Holstein,8642,4,455,-,13.01.16,9.6,114.8,3495,6,Open,1,21.11.20,21.8,130.8,691,231,1222,898,1034,942,899,769,691,231,1420,1231,1173,1308,Inseminate,-,0,21.11.20,-,632,12044,-,Male,-,455,May,21.05.14,Easy
4948,-,2,22,22.07.31,12,Female,0,-,Holstein,6830,7,55,-,13.02.11,9.5,114,3469,2,Fresh,1,-,23.3,143.7,964,264,290,0,0,0,0,353,964,264,879,756,687,574,Inseminate,-,0,-,-,-,13192,-,Male,-,55,Jun,22.06.18,-
4949,-,199,190,22.07.02,41,Female,0,22.01.12,Holstein,-,5,769,Yes,13.02.12,9.5,113.9,3468,199,"Cull, Not Pregnant",1,22.01.11,-,-,0,0,0,0,0,0,0,0,0,0,0,0,0,0,Inseminate,-,0,22.01.11,-,834,1059,-,Female,-,769,Jul,20.07.04,-
4950,-,4,3,22.07.31,12,Female,98,22.05.06,Holstein,7406,7,212,-,13.02.14,9.5,113.9,3466,4,Pregnant,4,22.08.01,32.5,191.8,1109,361,639,1282,1403,1322,1294,1172,1109,361,692,555,125,0,Conf. Dry Off,Yes,2,22.08.01,-,391,12773,-,Male,-,212,Jan,22.01.12,Easy
4954,-,5,4,22.07.31,12,Female,183,22.02.10,Holstein,6194,6,334,-,13.02.14,9.5,113.9,3466,5,Pregnant,4,22.05.02,20.8,139.5,866,251,1142,976,1117,926,991,918,866,251,665,1294,1283,1255,Conf. Dry Off,Yes,2,22.05.02,-,428,12377,-,Male,-,334,Sep,21.09.12,-
4956,-,199,190,22.03.31,134,Female,0,22.03.23,Holstein,-,7,215,Yes,13.02.15,9.5,113.8,3465,199,"Cull, Not Pregnant",3,-,-,-,0,0,0,0,0,0,0,0,0,0,0,0,0,0,2nd Pregn. Check,-,0,-,-,350,2493,-,Female,-,215,Jan,22.01.09,Easy
4978,-,199,190,22.02.01,192,Female,0,20.04.10,Holstein,-,5,1020,Yes,13.02.27,9.5,113.4,3453,199,"Cull, Not Pregnant",1,20.05.16,-,-,0,0,0,0,0,0,0,0,0,0,0,0,0,0,Inseminate,-,0,20.05.16,-,443,10482,-,Male,-,1020,Oct,19.10.27,Easy
4983,-,7,6,22.07.21,22,Female,0,21.12.29,Holstein,7342,6,556,-,13.03.07,9.4,113.2,3445,7,Open,1,22.02.07,15.1,92.3,578,166,841,612,549,666,767,639,578,166,1266,1181,1194,1079,Inseminate,-,0,22.02.07,-,607,1624,-,Female,-,556,Feb,21.02.02,Normal
4997,-,4,3,22.07.31,12,Female,0,22.05.18,Holstein,2295,6,229,-,13.03.17,9.4,112.9,3435,4,Open,1,22.07.04,41.6,267.4,1538,497,1648,1769,1918,1629,1585,1552,1538,497,292,40,0,193,Inseminate,-,0,22.07.04,-,420,12730,-,Male,-,229,Dec,21.12.26,-
5000,-,199,190,22.03.31,134,Female,0,-,Holstein,-,8,158,Yes,10.02.25,12.5,149.5,4551,199,"Cull, Not Pregnant",1,-,-,-,0,0,0,0,0,0,0,0,0,0,0,0,0,0,Inseminate,-,0,-,-,-,12914,-,Male,-,158,Mar,22.03.07,-
5001,-,199,190,22.03.31,134,Female,0,21.03.06,Holstein,-,11,670,Yes,08.09.20,13.9,166.7,5074,199,"Cull, Not Pregnant",1,21.02.07,-,-,0,0,0,0,0,0,0,0,0,0,0,0,0,0,Inseminate,-,0,21.02.07,-,423,1359,-,Female,-,670,Oct,20.10.11,Easy
5002,-,199,190,22.03.01,164,Female,0,20.07.15,Holstein,-,7,1297,Yes,08.09.25,13.9,166.5,5069,199,"Cull, Not Pregnant",1,20.10.19,-,-,0,0,0,0,0,0,0,0,0,0,0,0,0,0,Inseminate,-,0,20.10.19,20.11.12,816,9897,-,Female,-,1297,Jan,19.01.23,Hard
5003,-,199,190,22.07.02,41,Female,0,22.06.03,Holstein,-,9,127,Yes,10.05.01,12.3,147.4,4486,199,"Cull, Not Pregnant",2,-,-,-,0,0,0,0,0,0,0,0,0,0,0,0,0,0,Pregn. Check,-,0,-,-,334,13008,-,Male,-,127,Apr,22.04.07,Easy
5004,-,199,190,22.07.02,41,Female,0,-,Holstein,-,9,92,Yes,10.06.01,12.2,146.4,4455,199,"Cull, Not Pregnant",1,-,-,-,0,0,0,0,0,0,0,0,0,0,0,0,0,0,Inseminate,-,0,-,-,-,13101,-,Male,-,92,May,22.05.12,Easy
5005,-,199,190,22.06.04,69,Female,0,-,Holstein,-,10,145,Yes,10.08.19,12,143.8,4376,199,"Cull, Not Pregnant",1,-,-,-,0,0,0,0,0,0,0,0,0,0,0,0,0,0,Inseminate,-,0,-,-,-,2677,-,Female,-,145,Mar,22.03.20,-
5006,-,199,190,22.03.01,164,Female,0,21.10.13,Holstein,-,8,691,Yes,10.10.06,11.8,142.2,4328,199,"Cull, Not Pregnant",1,21.07.22,-,-,0,0,0,0,0,0,0,0,0,0,0,0,0,0,Inseminate,-,0,21.07.22,-,665,-,-,-,-,691,Sep,20.09.20,-
5007,-,199,190,22.05.01,103,Female,0,21.11.14,Holstein,-,8,684,Yes,10.12.11,11.7,140,4262,199,"Cull, Not Pregnant",1,21.12.23,-,-,0,0,0,0,0,0,0,0,0,0,0,0,0,0,Inseminate,-,0,21.12.23,-,690,1318,-,Female,-,684,Sep,20.09.27,-
5008,-,199,190,22.02.01,192,Female,0,21.02.27,Holstein,-,5,1028,Yes,11.01.16,11.6,138.8,4226,199,"Cull, Not Pregnant",1,21.02.21,-,-,0,0,0,0,0,0,0,0,0,0,0,0,0,0,Inseminate,-,0,21.02.21,-,774,10447,-,Male,-,1028,Oct,19.10.19,-
5009,-,199,190,22.05.01,103,Female,0,20.12.16,Holstein,-,5,923,Yes,11.05.28,11.2,134.5,4094,199,"Cull, Not Pregnant",1,21.01.24,-,-,0,0,0,0,0,0,0,0,0,0,0,0,0,0,Inseminate,-,0,21.01.24,-,596,762,-,Female,-,923,Feb,20.02.01,-
5010,-,199,190,22.03.01,164,Female,0,21.03.17,Holstein,-,6,818,Yes,11.08.24,11,131.6,4006,199,"Cull, Not Pregnant",1,20.11.19,-,-,0,0,0,0,0,0,0,0,0,0,0,0,0,0,Inseminate,-,0,20.11.19,-,582,948,-,Female,-,818,May,20.05.16,Easy
5022,-,199,190,22.07.02,41,Female,0,22.05.16,Holstein,-,6,395,Yes,13.04.12,9.3,112,3409,199,"Cull, Not Pregnant",1,22.06.26,-,-,0,0,0,0,0,0,0,0,0,0,0,0,0,0,Inseminate,-,0,22.06.26,-,584,199999,-,Female,-,395,Jul,21.07.13,-
5028,-,199,190,22.03.01,164,Female,0,-,Holstein,-,7,222,Yes,13.04.19,9.3,111.8,3402,199,"Cull, Not Pregnant",1,-,-,-,0,0,0,0,0,0,0,0,0,0,0,0,0,0,Inseminate,-,0,-,-,-,2471,-,Female,-,222,Jan,22.01.02,-
5030,-,199,190,22.05.01,103,Female,0,22.03.30,Holstein,-,7,232,Yes,13.04.21,9.3,111.7,3400,199,"Cull, Not Pregnant",3,-,-,-,0,0,0,0,0,0,0,0,0,0,0,0,0,0,2nd Pregn. Check,-,0,-,-,374,-,-,-,-,232,Dec,21.12.23,Easy
5039,-,6,5,22.07.31,12,Female,0,22.08.01,Holstein,8095,7,273,-,13.04.26,9.3,111.5,3395,6,Bred,1,22.07.30,26.3,161.6,891,298,1214,1039,1189,1075,1031,887,891,298,251,0,573,1337,Inseminate,-,0,22.07.30,-,539,12604,-,Male,-,273,Nov,21.11.12,-
5042,-,75,50,22.07.16,27,Female,246,21.12.09,Holstein,2649,6,320,-,13.04.27,9.3,111.5,3394,75,"Pregnant, Dry",5,22.02.28,-,-,382,0,1545,1319,1389,1340,1272,1112,382,0,1393,1759,1648,1562,Conf. Step  Up,Yes,2,22.02.28,-,378,12290,12291,Male,Male,347,Aug,21.08.30,-
5043,-,6,5,22.07.31,12,Female,0,22.07.22,Holstein,3291,5,468,-,13.04.27,9.3,111.5,3394,6,Bred,1,22.02.19,28,184.7,980,327,1060,923,1027,963,1038,1057,980,327,1316,1290,1174,1082,Inseminate,-,0,22.02.19,-,724,12020,-,Male,-,468,May,21.05.01,-
5048,-,4,3,22.07.31,12,Female,0,22.07.24,Holstein,2350,7,208,-,13.04.30,9.3,111.4,3391,4,Bred,1,-,36.6,213.6,1219,396,628,1272,1530,1176,1147,1202,1219,396,1011,960,429,0,Inseminate,-,0,-,-,466,2519,-,Female,-,208,Jan,22.01.16,Hard
5052,-,75,50,22.07.23,20,Female,240,21.12.15,Holstein,3586,7,327,-,13.05.02,9.3,111.3,3389,75,"Pregnant, Dry",5,22.03.07,-,-,380,0,1277,1113,1216,1102,1058,882,380,0,1228,1305,1267,1304,Conf. Step  Up,Yes,2,22.03.07,-,384,-,-,-,-,347,Aug,21.08.30,-
5059,-,80,75,22.08.10,2,Female,251,21.12.04,Holstein,3853,6,287,-,13.05.06,9.3,111.2,3385,80,"Pregnant, Dry",5,22.02.28,-,-,125,0,1539,1367,1441,1276,1169,896,125,0,145,1644,1736,1700,Conf. Step  Up,Yes,2,22.02.28,-,346,2220,-,Female,-,320,Sep,21.09.26,-
5062,-,3,2,22.07.31,12,Female,0,22.07.13,Holstein,8417,6,183,-,13.05.08,9.3,111.1,3383,3,Bred,1,22.07.11,41.3,278,1701,533,0,670,1851,1914,1864,1739,1701,533,1163,1013,840,348,Inseminate,-,0,22.07.11,-,430,12843,-,Male,-,183,Feb,22.02.10,Easy
5069,-,3,2,22.07.31,12,Female,0,22.07.21,Holstein,3857,7,164,-,13.05.10,9.3,111.1,3381,3,Bred,1,22.06.27,32,185.7,1134,349,0,0,1002,1392,1402,1221,1134,349,1088,1015,904,742,Inseminate,-,0,22.06.27,-,419,12896,-,Male,-,164,Mar,22.03.01,Normal
5071,-,22,1,22.08.01,11,Female,0,-,Holstein,3292,7,29,-,13.05.11,9.3,111,3380,22,Fresh,0,-,47.3,275.9,601,483,940,577,512,0,0,0,601,483,1146,1148,1052,1020,Report Heat,-,0,-,-,-,13279,-,Male,-,29,Jul,22.07.14,Easy
5078,-,199,190,22.03.01,164,Female,0,21.09.09,Holstein,-,5,600,Yes,13.05.17,9.2,110.9,3374,199,"Cull, Not Pregnant",1,21.10.29,-,-,0,0,0,0,0,0,0,0,0,0,0,0,0,0,Inseminate,-,0,21.10.29,-,540,11722,-,Male,-,600,Dec,20.12.20,Hard
5082,-,80,75,22.07.23,20,Female,271,21.11.14,Holstein,1798,6,525,-,13.05.18,9.2,110.8,3373,80,"Pregnant, Dry",5,22.02.07,-,-,0,0,882,735,647,447,7,0,0,0,998,881,854,852,Conf. Step  Up,Yes,2,22.02.07,-,634,11643,-,Male,-,628,Nov,20.11.22,Hard
5083,-,6,5,22.07.31,12,Female,0,22.06.06,Holstein,726,6,383,-,13.05.18,9.2,110.8,3373,6,Open,1,22.07.14,24,161.6,835,279,1335,1167,1258,1184,1148,972,835,279,1420,1496,1417,1413,Inseminate,-,0,22.07.14,-,593,-,-,-,-,383,Jul,21.07.25,-
5097,-,4,3,22.07.31,12,Female,114,22.04.20,Holstein,4900,7,230,-,13.05.24,9.2,110.6,3367,4,Pregnant,4,22.07.16,32.8,208.2,1113,386,944,1065,1311,1278,1343,1240,1113,386,961,850,75,171,Conf. Dry Off,Yes,2,22.07.16,-,393,12727,-,Male,-,230,Dec,21.12.25,Easy
5116,-,22,1,22.08.01,11,Female,0,-,Holstein,2142,5,43,-,13.06.03,9.2,110.3,3357,22,Fresh,1,-,44.9,273.3,1053,483,802,686,527,0,0,0,1053,483,1062,1017,951,868,Inseminate,-,0,-,-,-,13233,-,Male,-,43,Jun,22.06.30,Hard
5118,-,199,190,22.03.01,164,Female,0,20.11.13,Holstein,-,5,817,Yes,13.06.03,9.2,110.3,3357,199,"Cull, Not Pregnant",1,21.02.20,-,-,0,0,0,0,0,0,0,0,0,0,0,0,0,0,Inseminate,-,0,21.02.20,21.03.25,457,953,-,Female,-,817,May,20.05.17,-
5138,-,190,99,22.08.06,6,Female,0,-,Holstein,-,7,9,Yes,13.06.19,9.1,109.8,3341,190,"Cull, Not Pregnant",0,-,-,-,0,0,0,0,0,0,0,0,0,0,0,0,0,0,Report Heat,-,0,-,-,-,13348,-,Male,-,9,Aug,22.08.03,-
5140,-,199,190,22.02.01,192,Female,0,-,Holstein,-,7,202,Yes,13.06.20,9.1,109.7,3340,199,"Cull, Not Pregnant",1,-,-,-,0,0,0,0,0,0,0,0,0,0,0,0,0,0,Inseminate,-,0,-,-,-,2536,-,Female,-,202,Jan,22.01.22,-
5147,-,5,4,22.07.31,12,Female,0,22.06.29,Holstein,8831,6,327,-,13.06.24,9.1,109.6,3336,5,Open,1,22.04.11,34.2,200.6,1150,377,1472,1219,1393,1269,1257,1153,1150,377,435,1567,1685,1544,Inseminate,-,0,22.04.11,-,560,2202,-,Female,-,327,Sep,21.09.19,Easy
5152,-,2,22,22.07.31,12,Female,0,-,Holstein,7840,5,51,-,13.06.24,9.1,109.6,3336,2,Fresh,1,-,36.6,281.7,1376,531,1093,689,601,0,0,299,1376,531,1060,1094,1106,1159,Inseminate,-,0,-,-,-,2888,-,Female,-,51,Jun,22.06.22,Easy
5166,-,199,190,22.07.02,41,Female,0,-,Holstein,-,8,181,Yes,13.07.03,9.1,109.3,3327,199,"Cull, Not Pregnant",1,-,-,-,0,0,0,0,0,0,0,0,0,0,0,0,0,0,Inseminate,-,0,-,-,-,12844,12893,Male,Male,181,Feb,22.02.12,-
5175,-,1,5,22.08.11,1,Female,0,22.07.14,Holstein,6751,7,263,-,13.07.08,9.1,109.1,3322,1,Bred,1,22.06.24,23.1,165,1185,330,1705,1472,1569,1490,1497,1307,1185,330,418,0,231,1459,Inseminate,-,0,22.06.24,-,511,12637,-,Male,-,263,Nov,21.11.22,Easy
5177,-,4,3,22.07.31,12,Female,0,22.08.09,Holstein,3711,7,223,-,13.07.09,9.1,109.1,3321,4,Bred,1,-,29.8,175.9,1074,335,1086,1129,1262,1303,1234,1087,1074,335,785,592,130,0,Inseminate,-,0,-,-,497,12745,12746,Male,Male,223,Jan,22.01.01,-
5186,-,199,190,22.02.01,192,Female,0,21.10.05,Holstein,-,7,384,Yes,13.07.12,9.1,109,3318,199,"Cull, Not Pregnant",1,22.01.01,-,-,0,0,0,0,0,0,0,0,0,0,0,0,0,0,Inseminate,-,0,22.01.01,22.01.26,350,12142,-,Male,-,384,Jul,21.07.24,-
5194,-,75,50,22.07.10,33,Female,231,21.12.24,Holstein,6330,6,488,-,13.07.15,9.1,108.9,3315,75,"Pregnant, Dry",5,22.03.15,-,-,74,0,762,602,550,488,456,367,74,0,1023,982,892,859,Conf. Step  Up,Yes,2,22.03.15,-,567,11894,-,Male,-,521,Mar,21.03.09,-
5198,-,2,22,22.07.31,12,Female,0,22.08.03,Holstein,4976,6,90,-,13.07.16,9.1,108.9,3314,2,Bred,1,-,42.7,280.4,1565,531,819,226,0,0,693,1412,1565,531,1191,1143,1007,862,Inseminate,-,0,-,-,358,-,-,-,-,90,May,22.05.14,-
5204,-,4,3,22.07.31,12,Female,0,22.06.30,Holstein,9116,7,236,-,13.07.18,9.1,108.8,3312,4,Pregnant (1st Preg Check),3,22.08.06,40.5,234.3,1330,434,1423,1436,1575,1404,1364,1272,1330,434,1030,633,0,365,2nd Pregn. Check,-,1,22.08.06,-,470,12715,-,Male,-,236,Dec,21.12.19,Easy
5207,-,5,4,22.07.31,12,Female,0,22.06.21,Holstein,4136,6,389,-,13.07.19,9.1,108.8,3311,5,Open,1,22.07.30,36.1,217.6,1188,403,1274,1134,1153,1154,1250,1218,1188,403,1629,1576,1444,1469,Inseminate,-,0,22.07.30,-,614,12132,-,Male,-,389,Jul,21.07.19,-
5217,-,3,2,22.07.31,12,Female,0,22.07.19,Holstein,6551,6,115,-,13.07.22,9.1,108.7,3308,3,Bred,1,22.07.14,48.6,284.5,1630,535,0,0,0,269,1544,1640,1630,535,0,0,0,0,Inseminate,-,0,22.07.14,-,368,13039,-,Male,-,115,Apr,22.04.19,Easy
5220,-,199,190,22.05.01,103,Female,0,22.02.21,Holstein,-,5,676,Yes,13.07.24,9.1,108.6,3306,199,"Cull, Not Pregnant",1,22.03.31,-,-,0,0,0,0,0,0,0,0,0,0,0,0,0,0,Inseminate,-,0,22.03.31,-,781,-,-,-,-,676,Oct,20.10.05,Easy
5226,-,199,190,22.03.31,134,Female,0,22.01.13,Holstein,-,7,303,Yes,13.07.26,9,108.6,3304,199,"Cull, Not Pregnant",1,-,-,-,0,0,0,0,0,0,0,0,0,0,0,0,0,0,Inseminate,-,0,-,-,369,2272,-,Female,-,303,Oct,21.10.13,-
5227,-,2,22,22.07.31,12,Female,0,22.07.30,Holstein,6651,6,75,-,13.07.27,9,108.5,3303,2,Bred,1,-,20.2,209.2,1612,445,956,389,0,0,8,1428,1612,445,1257,1240,1160,1083,Inseminate,-,0,-,-,339,2834,-,Female,-,75,May,22.05.29,Easy
5233,-,199,190,22.02.01,192,Female,0,21.01.31,Holstein,-,4,1100,Yes,13.07.29,9,108.5,3301,199,"Cull, Not Pregnant",1,20.08.08,-,-,0,0,0,0,0,0,0,0,0,0,0,0,0,0,Inseminate,-,0,20.08.08,-,819,10129,-,Male,-,1100,Aug,19.08.08,Easy
5241,-,199,190,22.03.01,164,Female,0,-,Holstein,-,6,178,Yes,13.08.04,9,108.3,3295,199,"Cull, Not Pregnant",1,-,-,-,0,0,0,0,0,0,0,0,0,0,0,0,0,0,Inseminate,-,0,-,-,-,2634,-,Female,-,178,Feb,22.02.15,-
5250,-,2,22,22.07.31,12,Female,0,22.07.03,Holstein,264,8,93,-,13.08.09,9,108.1,3290,2,Bred,2,-,37.6,230,1205,412,535,48,0,0,630,1174,1205,412,1458,1303,936,977,Pregn. Check,-,0,-,-,330,2800,-,Female,-,93,May,22.05.11,-
5252,-,80,75,22.08.10,2,Female,254,21.12.01,Holstein,12901,7,293,-,13.08.09,9,108.1,3290,80,"Pregnant, Dry",5,22.02.21,-,-,24,0,1185,1021,1091,929,930,689,24,0,621,1265,1264,1246,Conf. Step  Up,Yes,2,22.02.21,-,357,2177,-,Female,-,334,Sep,21.09.12,-
5253,-,2,22,22.07.31,12,Female,0,-,Holstein,1741,7,65,-,13.08.10,9,108.1,3289,2,Fresh,1,-,31.9,198.6,806,359,472,324,0,0,0,334,806,359,700,672,461,428,Inseminate,-,0,-,-,-,-,-,-,-,65,Jun,22.06.08,Easy
5258,-,5,4,22.07.31,12,Female,131,22.04.03,Holstein,5676,6,277,-,13.08.12,9,108,3287,5,Pregnant,4,22.07.02,29,172.5,936,306,1323,1029,1131,1047,1092,1053,936,306,265,0,634,1236,Conf. Dry Off,Yes,2,22.07.02,-,423,12598,-,Male,-,277,Nov,21.11.08,Easy
5262,-,3,2,22.07.31,12,Female,0,22.05.18,Holstein,9313,6,175,-,13.08.12,9,108,3287,3,Open,1,22.07.04,39.1,246,1389,459,0,395,1553,1581,1526,1460,1389,459,1122,1041,889,532,Inseminate,-,0,22.07.04,-,366,12858,-,Male,-,175,Feb,22.02.18,-
5275,-,199,190,22.03.01,164,Female,0,-,Holstein,-,7,174,Yes,13.08.16,9,107.9,3283,199,"Cull, Not Pregnant",1,-,-,-,0,0,0,0,0,0,0,0,0,0,0,0,0,0,Inseminate,-,0,-,-,-,2612,-,Female,-,174,Feb,22.02.19,-
5280,-,5,4,22.07.31,12,Female,0,22.05.19,Holstein,1829,7,277,-,13.08.17,9,107.8,3282,5,Pregnant (1st Preg Check),3,22.07.04,36.9,210,1122,381,1465,1336,1058,1250,1138,1083,1122,381,347,0,664,1305,2nd Pregn. Check,-,1,22.07.04,-,469,2343,-,Female,-,277,Nov,21.11.08,Easy
5283,-,199,190,22.08.02,10,Female,0,22.03.27,Holstein,-,5,597,Yes,13.08.18,9,107.8,3281,199,"Cull, Not Pregnant",1,-,-,-,0,0,0,0,0,0,0,0,0,0,0,0,0,0,Inseminate,-,0,-,-,736,11731,-,Male,-,597,Dec,20.12.23,-
5284,-,80,75,22.07.16,27,Female,278,21.11.07,Holstein,1534,7,344,-,13.08.18,9,107.8,3281,80,"Pregnant, Dry",5,22.02.07,-,-,0,0,1266,1058,947,698,428,0,0,0,1479,1521,1415,1369,Conf. Step  Up,Yes,2,22.02.07,-,418,1876,-,Female,-,419,Jun,21.06.19,-
5292,-,4,3,22.07.31,12,Female,114,22.04.20,Holstein,1468,6,200,-,13.08.22,9,107.7,3277,4,Pregnant,4,22.07.16,36,214.1,1247,402,160,1060,1353,1121,1296,1229,1247,402,866,762,442,0,Conf. Dry Off,Yes,2,22.07.16,-,363,2542,-,Female,-,200,Jan,22.01.24,Easy
5293,-,7,70,22.07.06,37,Female,142,22.03.23,Holstein,4751,5,698,-,13.08.22,9,107.7,3277,7,Pregnant,4,22.06.20,14.2,86.3,482,167,659,599,640,607,567,561,482,167,860,828,774,715,Conf. Dry Off,Yes,2,22.06.20,-,833,-,-,-,-,698,Sep,20.09.13,Hard
5300,-,2,22,22.07.31,12,Female,0,-,Holstein,406,7,69,-,13.08.23,9,107.6,3276,2,Fresh,1,-,41.5,236,1243,448,922,586,0,0,0,814,1243,448,1332,1298,1136,1028,Inseminate,-,0,-,-,-,13151,-,Male,-,69,Jun,22.06.04,Hard
5302,-,80,75,22.08.10,2,Female,252,21.12.03,Holstein,1695,6,386,-,13.08.24,9,107.6,3275,80,"Pregnant, Dry",5,22.02.21,-,-,0,0,900,743,706,657,390,0,0,0,1015,1011,960,947,Conf. Step  Up,Yes,2,22.02.21,-,486,12032,-,Male,-,461,May,21.05.08,Hard
5305,-,1,80,22.08.11,1,Female,0,-,Holstein,1629,8,2,-,13.08.24,9,107.6,3275,1,Fresh,0,-,8.5,8.5,0,9,1080,910,907,783,601,35,0,9,1047,1058,1092,1121,Report Heat,-,0,-,-,-,3026,-,Female,-,2,Aug,22.08.10,Easy
5309,-,199,190,22.05.01,103,Female,0,-,Holstein,-,7,153,Yes,13.08.25,9,107.6,3274,199,"Cull, Not Pregnant",1,-,-,-,0,0,0,0,0,0,0,0,0,0,0,0,0,0,Inseminate,-,0,-,-,-,2657,-,Female,-,153,Mar,22.03.12,Hard
5317,-,75,25,22.04.24,110,Female,201,22.01.23,Holstein,3424,7,306,-,13.09.01,8.9,107.3,3267,75,"Pregnant, Dry",5,22.04.18,-,-,0,0,711,560,478,262,0,0,0,0,1058,779,781,808,Conf. Step  Up,Yes,2,22.04.18,-,492,-,-,-,-,416,Jun,21.06.22,-
5322,-,75,50,22.07.23,20,Female,230,21.12.25,Holstein,1738,6,272,-,13.09.03,8.9,107.3,3265,75,"Pregnant, Dry",5,22.03.21,-,-,562,0,1282,1100,1168,977,1013,725,562,0,0,138,1089,1312,Conf. Step  Up,Yes,2,22.03.21,-,339,12537,-,Male,-,292,Oct,21.10.24,Easy
5338,-,4,3,22.07.31,12,Female,160,22.03.05,Holstein,16336,7,227,-,13.09.07,8.9,107.1,3261,4,Pregnant,4,22.05.30,37.1,216.9,1177,381,1240,1370,1471,1413,1425,1300,1177,381,593,468,0,32,Conf. Dry Off,Yes,2,22.05.30,-,344,2459,-,Female,-,227,Dec,21.12.28,Easy
5342,-,4,5,22.08.10,2,Female,0,22.06.28,Holstein,8684,6,265,-,13.09.09,8.9,107.1,3259,4,Pregnant (1st Preg Check),3,22.08.06,37.1,226.1,1214,417,1529,1396,1515,1503,1425,1333,1214,417,737,0,242,1354,2nd Pregn. Check,-,1,22.08.06,-,497,2371,-,Female,-,265,Nov,21.11.20,Easy
5345,-,2,22,22.07.31,12,Female,0,-,Holstein,5989,6,56,-,13.09.10,8.9,107,3258,2,Fresh,1,-,47.9,282.3,1628,520,524,148,0,0,0,548,1628,520,912,899,883,744,Inseminate,-,0,-,-,-,-,-,-,-,56,Jun,22.06.17,Easy
5346,-,6,5,22.07.31,12,Female,0,22.08.11,Holstein,1334,4,575,-,13.09.10,8.9,107,3258,6,Bred,1,22.06.09,25.3,156.6,845,296,1003,853,955,896,841,830,845,296,1225,1237,1102,1042,Inseminate,-,0,22.06.09,-,851,11803,-,Male,-,575,Jan,21.01.14,-
5362,-,6,5,22.07.31,12,Female,0,22.08.02,Holstein,1489,6,503,-,13.09.16,8.9,106.8,3252,6,Bred,1,22.07.04,30.1,184.3,969,320,1088,914,1019,972,1003,1023,969,320,1243,1203,1095,1087,Inseminate,-,0,22.07.04,-,770,11939,-,Male,-,503,Mar,21.03.27,Easy
5389,-,199,190,22.08.02,10,Female,0,-,Holstein,-,5,374,Yes,13.09.23,8.9,106.6,3245,199,"Cull, Not Pregnant",1,-,-,-,0,0,0,0,0,0,0,0,0,0,0,0,0,0,Inseminate,-,0,-,-,-,12163,-,Male,-,374,Aug,21.08.03,-
5396,-,3,2,22.07.31,12,Female,0,22.06.02,Holstein,321,7,125,-,13.09.25,8.9,106.5,3243,3,Pregnant (1st Preg Check),3,22.07.14,35.1,225.1,1254,423,639,64,0,785,1260,1249,1254,423,782,942,892,823,2nd Pregn. Check,-,1,22.07.14,-,331,2719,-,Female,-,125,Apr,22.04.09,-
5426,-,199,190,22.03.01,164,Female,0,-,Holstein,-,5,851,Yes,13.10.03,8.9,106.3,3235,199,"Cull, Not Pregnant",1,-,-,-,0,0,0,0,0,0,0,0,0,0,0,0,0,0,Inseminate,-,0,-,-,-,10918,-,Male,-,851,Apr,20.04.13,Easy
5428,-,5,4,22.07.31,12,Female,172,22.02.21,Holstein,5337,6,300,-,13.10.03,8.9,106.3,3235,5,Pregnant,4,22.05.16,34.8,201,1161,378,1414,1232,1388,1363,1368,1234,1161,378,0,332,1139,1397,Conf. Dry Off,Yes,2,22.05.16,-,405,2285,-,Female,-,300,Oct,21.10.16,-
5433,-,190,99,22.08.08,4,Female,0,21.12.07,Holstein,-,6,307,Yes,13.10.04,8.9,106.3,3234,190,"Cull, Not Pregnant",1,22.02.28,-,-,0,0,0,0,0,0,0,0,0,0,0,0,0,0,Inseminate,-,0,22.02.28,22.08.08,336,2260,-,Female,-,307,Oct,21.10.09,Easy
5442,-,6,5,22.07.31,12,Female,0,22.06.19,Holstein,5846,6,278,-,13.10.06,8.8,106.2,3232,6,Pregnant (1st Preg Check),3,22.07.30,27.9,163.5,961,302,1270,1085,1187,1092,1049,925,961,302,284,0,548,1265,2nd Pregn. Check,-,1,22.07.30,22.05.28,501,12587,-,Male,-,278,Nov,21.11.07,-
5446,-,199,190,22.07.02,41,Female,0,21.05.13,Holstein,-,4,959,Yes,13.10.07,8.8,106.2,3231,199,"Cull, Not Pregnant",1,21.05.13,-,-,0,0,0,0,0,0,0,0,0,0,0,0,0,0,Inseminate,-,0,21.05.13,-,780,692,-,Female,-,959,Dec,19.12.27,Hard
5447,-,199,190,22.03.31,134,Female,0,22.02.25,Holstein,-,6,354,Yes,13.10.07,8.8,106.2,3231,199,"Cull, Not Pregnant",3,-,-,-,0,0,0,0,0,0,0,0,0,0,0,0,0,0,2nd Pregn. Check,-,0,-,-,463,2091,-,Female,-,354,Aug,21.08.23,-
5454,-,2,70,22.08.06,6,Female,0,-,Holstein,823,6,113,-,13.10.09,8.8,106.1,3229,2,Fresh,1,-,18.9,123.1,863,231,0,0,0,186,855,829,863,231,663,568,261,9,Inseminate,-,0,-,-,-,2756,-,Female,-,113,Apr,22.04.21,-
5461,-,4,3,22.07.31,12,Female,0,22.07.21,Holstein,1975,7,272,-,13.10.11,8.8,106,3227,4,Bred,1,22.03.22,34.4,211.7,1251,409,1451,902,856,1024,1318,1247,1251,409,190,0,645,1484,Inseminate,-,0,22.03.22,-,527,2354,-,Female,-,272,Nov,21.11.13,Easy
5475,-,3,2,22.07.31,12,Female,0,22.07.05,Holstein,7277,7,148,-,13.10.19,8.8,105.8,3219,3,Bred,2,-,38.5,223.7,1173,419,157,0,383,1141,1338,1222,1173,419,959,888,773,639,Pregn. Check,-,0,-,-,387,12939,-,Male,-,148,Mar,22.03.17,Easy
5483,-,3,2,22.07.31,12,Female,0,22.08.03,Holstein,6466,6,116,-,13.10.22,8.8,105.7,3216,3,Bred,1,-,48.3,280.6,1654,511,0,0,0,427,1602,1759,1654,511,809,603,366,10,Inseminate,-,0,-,-,384,13031,-,Male,-,116,Apr,22.04.18,-
5489,-,199,190,22.05.01,103,Female,0,22.01.25,Holstein,-,6,483,Yes,13.10.24,8.8,105.6,3214,199,"Cull, Not Pregnant",1,22.03.07,-,-,0,0,0,0,0,0,0,0,0,0,0,0,0,0,Inseminate,-,0,22.03.07,-,561,11990,-,Male,-,483,Apr,21.04.16,Easy
5499,-,199,190,22.08.02,10,Female,0,22.03.06,Holstein,-,6,641,Yes,13.10.27,8.8,105.5,3211,199,"Cull, Not Pregnant",1,22.04.21,-,-,0,0,0,0,0,0,0,0,0,0,0,0,0,0,Inseminate,-,0,22.04.21,-,759,11599,-,Male,-,641,Nov,20.11.09,Easy
5515,-,199,190,22.05.01,103,Female,0,21.10.10,Holstein,-,5,749,Yes,13.10.31,8.8,105.4,3207,199,"Cull, Not Pregnant",1,21.09.17,-,-,0,0,0,0,0,0,0,0,0,0,0,0,0,0,Inseminate,-,0,21.09.17,-,720,1106,-,Female,-,749,Jul,20.07.24,-
5530,-,199,190,22.08.02,10,Female,0,21.12.21,Holstein,-,7,362,Yes,13.11.05,8.8,105.2,3202,199,"Cull, Not Pregnant",1,22.03.15,-,-,0,0,0,0,0,0,0,0,0,0,0,0,0,0,Inseminate,-,0,22.03.15,22.07.29,405,12232,-,Male,-,362,Aug,21.08.15,-
5534,-,199,190,22.02.01,192,Female,0,21.10.13,Holstein,-,5,707,Yes,13.11.05,8.8,105.2,3202,199,"Cull, Not Pregnant",1,-,-,-,0,0,0,0,0,0,0,0,0,0,0,0,0,0,Inseminate,-,0,-,-,681,1216,-,Female,-,707,Sep,20.09.04,-
5539,-,199,190,22.03.01,164,Female,0,20.12.05,Holstein,-,4,1101,Yes,13.11.06,8.8,105.2,3201,199,"Cull, Not Pregnant",1,20.11.10,-,-,0,0,0,0,0,0,0,0,0,0,0,0,0,0,Inseminate,-,0,20.11.10,-,763,10122,-,Male,-,1101,Aug,19.08.07,Normal
5541,-,3,2,22.07.31,12,Female,0,22.05.28,Holstein,902,7,187,-,13.11.06,8.8,105.2,3201,3,Pregnant (1st Preg Check),3,22.07.11,31.1,185.7,1100,340,27,407,997,1194,1184,1076,1100,340,1088,867,649,450,2nd Pregn. Check,-,1,22.07.11,-,388,-,-,-,-,187,Feb,22.02.06,Easy
5546,-,7,6,22.07.13,30,Female,0,22.06.21,Holstein,9577,6,363,-,13.11.10,8.8,105,3197,7,Open,1,22.04.20,14.7,93.8,577,187,788,607,754,914,875,728,577,187,1352,1196,1227,1314,Inseminate,-,0,22.04.20,-,588,12221,-,Male,-,363,Aug,21.08.14,-
5549,-,3,2,22.07.31,12,Female,0,22.07.28,Holstein,540,7,186,-,13.11.11,8.8,105,3196,3,Bred,1,22.06.18,43.2,257,1513,475,0,870,1784,1779,1708,1598,1513,475,1155,1273,1165,235,Inseminate,-,0,22.06.18,-,448,12838,-,Male,-,186,Feb,22.02.07,Easy
5555,-,199,190,22.03.31,134,Female,0,22.02.07,Holstein,-,7,313,Yes,13.11.14,8.7,104.9,3193,199,"Cull, Not Pregnant",1,22.03.22,-,-,0,0,0,0,0,0,0,0,0,0,0,0,0,0,Inseminate,-,0,22.03.22,-,404,12455,-,Male,-,313,Oct,21.10.03,Hard
5559,-,75,50,22.08.02,10,Female,225,21.12.30,Holstein,5415,7,339,-,13.11.16,8.7,104.8,3191,75,"Pregnant, Dry",5,22.03.21,-,-,881,15,1160,1011,1124,1090,1161,1000,881,15,869,1173,1179,1225,Conf. Step  Up,Yes,2,22.03.21,-,401,-,-,-,-,349,Aug,21.08.28,-
5566,-,2,22,22.07.31,12,Female,0,-,Holstein,5465,6,71,-,13.11.20,8.7,104.7,3187,2,Fresh,1,-,45.6,259.9,1398,481,317,0,0,0,0,874,1398,481,821,751,639,597,Inseminate,-,0,-,-,-,2840,-,Female,-,71,Jun,22.06.02,Easy
5584,-,75,50,22.05.16,88,Female,186,22.02.07,Holstein,6793,5,405,-,13.11.29,8.7,104.4,3178,75,"Pregnant, Dry",5,22.05.02,-,-,0,0,824,678,676,419,155,0,0,0,851,796,769,802,Conf. Step  Up,Yes,2,22.05.02,-,584,11968,-,Male,-,493,Apr,21.04.06,Easy
5597,-,5,4,22.07.31,12,Female,0,22.07.22,Holstein,5209,6,366,-,13.12.05,8.7,104.2,3172,5,Bred,1,22.06.04,34,191.5,1176,364,1414,1295,1394,1253,1337,1194,1176,364,1566,1668,1458,1369,Inseminate,-,0,22.06.04,-,622,2045,-,Female,-,366,Aug,21.08.11,-
5599,-,7,6,22.07.20,23,Female,128,22.04.06,Holstein,9323,6,476,-,13.12.05,8.7,104.2,3172,7,Pregnant,4,22.07.02,18.6,109,685,205,1010,841,972,931,849,775,685,205,1314,1256,1165,1099,Conf. Dry Off,Yes,2,22.07.02,-,625,1763,-,Female,-,476,Apr,21.04.23,-
5600,-,75,50,22.07.10,33,Female,226,21.12.29,Holstein,1615,6,518,-,13.12.06,8.7,104.2,3171,75,"Pregnant, Dry",5,22.03.21,-,-,73,0,906,698,600,714,646,430,73,0,1198,995,876,888,Conf. Step  Up,Yes,2,22.03.21,-,602,11851,-,Male,-,551,Feb,21.02.07,-
5601,-,199,190,22.03.31,134,Female,0,21.10.01,Holstein,-,6,593,Yes,13.12.06,8.7,104.2,3171,199,"Cull, Not Pregnant",1,21.06.03,-,-,0,0,0,0,0,0,0,0,0,0,0,0,0,0,Inseminate,-,0,21.06.03,-,555,1543,-,Female,-,593,Dec,20.12.27,-
5605,-,75,25,22.04.24,110,Female,231,21.12.24,Holstein,10601,6,467,-,13.12.07,8.7,104.1,3170,75,"Pregnant, Dry",5,22.03.15,-,-,0,0,608,587,503,323,0,0,0,0,842,719,632,651,Conf. Step  Up,Yes,2,22.03.15,-,623,1578,-,Female,-,577,Jan,21.01.12,Normal
5607,-,199,190,22.07.02,41,Female,0,-,Holstein,-,7,101,Yes,13.12.09,8.7,104.1,3168,199,"Cull, Not Pregnant",1,-,-,-,0,0,0,0,0,0,0,0,0,0,0,0,0,0,Inseminate,-,0,-,-,-,2792,-,Female,-,101,May,22.05.03,Easy
5608,-,199,190,22.08.02,10,Female,0,-,Holstein,-,7,120,Yes,13.12.09,8.7,104.1,3168,199,"Cull, Not Pregnant",1,-,-,-,0,0,0,0,0,0,0,0,0,0,0,0,0,0,Inseminate,-,0,-,-,-,2738,-,Female,-,120,Apr,22.04.14,Hard
5610,-,7,6,22.07.20,23,Female,114,22.04.20,Holstein,2493,7,339,-,13.12.10,8.7,104,3167,7,Pregnant,4,22.07.16,13.8,67.9,532,137,1045,787,893,893,857,722,532,137,925,1316,1193,1118,Conf. Dry Off,Yes,2,22.07.16,-,502,2164,-,Female,-,339,Sep,21.09.07,Easy
5615,-,4,3,22.07.31,12,Female,161,22.03.04,Holstein,4338,7,274,-,13.12.14,8.7,103.9,3163,4,Pregnant,4,22.05.30,23.2,145.4,920,283,1267,982,1080,1088,1068,939,920,283,328,0,635,1376,Conf. Dry Off,Yes,2,22.05.30,-,390,2348,-,Female,-,274,Nov,21.11.11,-
5617,-,50,7,22.08.11,1,Female,215,22.01.09,Holstein,11838,6,273,-,13.12.16,8.7,103.9,3161,50,Pregnant,4,22.04.04,19.7,140.8,1206,285,1618,1320,1479,1441,1568,1371,1206,285,4,0,721,1648,Conf. Dry Off,Yes,2,22.04.04,-,335,2351,-,Female,-,273,Nov,21.11.12,Easy
5620,-,5,4,22.07.31,12,Female,0,22.07.28,Holstein,16235,6,313,-,13.12.19,8.6,103.8,3158,5,Bred,1,22.06.10,34,199.8,1150,371,1477,1132,1326,1316,1189,1153,1150,371,0,1067,1523,1593,Inseminate,-,0,22.06.10,-,575,12461,-,Male,-,313,Oct,21.10.03,Hard
5629,-,5,4,22.07.31,12,Female,193,22.01.31,Holstein,2570,6,298,-,13.12.27,8.6,103.5,3150,5,Pregnant,4,22.05.02,27.5,161,953,305,1285,1112,1206,1127,1121,1019,953,305,0,311,1163,1379,Conf. Dry Off,Yes,2,22.05.02,-,382,2294,-,Female,-,298,Oct,21.10.18,Easy
5642,-,3,2,22.07.31,12,Female,0,22.05.18,Holstein,866,7,173,-,14.01.05,8.6,103.2,3141,3,Open,1,22.07.04,30.7,188.7,1104,358,0,288,1438,1509,1389,1161,1104,358,1024,879,763,265,Inseminate,-,0,22.07.04,-,364,2615,-,Female,-,173,Feb,22.02.20,-
5650,-,3,70,22.08.09,3,Female,0,22.08.02,Holstein,9956,7,158,-,14.01.09,8.6,103.1,3137,3,Bred,1,-,19.1,83.4,514,183,0,0,829,1147,941,870,514,183,927,847,764,602,Inseminate,-,0,-,-,425,12917,-,Male,-,158,Mar,22.03.07,-
5658,-,5,4,22.07.31,12,Female,0,22.06.26,Holstein,3531,6,317,-,14.01.15,8.6,102.9,3131,5,Pregnant (1st Preg Check),3,22.08.06,29.9,181,1026,330,1249,901,932,1114,1139,1040,1026,330,29,1281,1408,1437,2nd Pregn. Check,-,1,22.08.06,-,547,2231,-,Female,-,317,Sep,21.09.29,-
5664,-,5,4,22.07.31,12,Female,188,22.02.05,Holstein,6053,6,300,-,14.01.20,8.6,102.7,3126,5,Pregnant,4,22.05.02,31.8,185.8,1172,362,1515,1286,1445,1420,1403,1205,1172,362,0,582,1525,1583,Conf. Dry Off,Yes,2,22.05.02,-,389,12501,-,Male,-,300,Oct,21.10.16,-
5666,-,199,190,22.02.01,192,Female,0,21.02.03,Holstein,-,4,1006,Yes,14.01.20,8.6,102.7,3126,199,"Cull, Not Pregnant",1,20.11.18,-,-,0,0,0,0,0,0,0,0,0,0,0,0,0,0,Inseminate,-,0,20.11.18,-,728,573,-,Female,-,1006,Nov,19.11.10,Hard
5667,-,80,75,22.08.02,10,Female,257,21.11.28,Holstein,7053,7,282,-,14.01.20,8.6,102.7,3126,80,"Pregnant, Dry",5,22.02.21,-,-,16,0,1634,1434,1505,1386,1239,762,16,0,257,1534,1683,1658,Conf. Step  Up,Yes,2,22.02.21,-,343,12413,-,Male,-,323,Sep,21.09.23,Easy
5671,-,3,2,22.07.31,12,Female,0,22.06.13,Holstein,3791,6,158,-,14.01.26,8.5,102.5,3120,3,Pregnant (1st Preg Check),3,22.07.23,36.8,237.9,1373,442,111,0,988,1468,1513,1423,1373,442,1103,1081,903,751,2nd Pregn. Check,-,1,22.07.23,-,375,2646,-,Female,-,158,Mar,22.03.07,-
5682,-,6,5,22.07.31,12,Female,189,22.02.04,Holstein,1366,6,414,-,14.02.06,8.5,102.1,3109,6,Pregnant,4,22.05.02,14.4,94.7,730,183,1163,1032,1037,987,975,887,730,183,1402,1315,1283,1205,Conf. Dry Off,Yes,2,22.05.02,-,502,1884,-,Female,-,414,Jun,21.06.24,Easy
5689,-,7,6,22.04.05,129,Female,173,22.02.20,Holstein,4668,4,706,-,14.02.12,8.5,101.9,3103,7,Pregnant,4,22.05.16,10.6,72.8,446,144,628,560,562,441,412,412,446,144,884,907,866,751,Conf. Dry Off,Yes,2,22.05.16,-,810,1218,-,Female,-,706,Sep,20.09.05,-
5691,-,4,3,22.07.31,12,Female,0,22.08.01,Holstein,4226,6,230,-,14.02.13,8.5,101.9,3102,4,Bred,1,22.07.11,35.2,206.7,1123,381,1429,1303,1297,1223,1260,1113,1123,381,698,311,0,175,Inseminate,-,0,22.07.11,-,496,12728,-,Male,-,230,Dec,21.12.25,Easy
5692,-,4,3,22.07.31,12,Female,0,22.08.03,Holstein,461,6,248,-,14.02.14,8.5,101.9,3101,4,Bred,1,22.07.11,31.9,195.5,1155,373,1563,1356,1485,1411,1339,1208,1155,373,734,116,0,1014,Inseminate,-,0,22.07.11,-,516,12681,-,Male,-,248,Dec,21.12.07,-
5699,-,6,5,22.07.31,12,Female,0,22.03.14,Holstein,1604,4,680,-,14.02.19,8.5,101.7,3096,6,Open,1,22.05.26,23.8,146.3,737,262,861,759,722,671,766,747,737,262,1134,1018,988,946,Inseminate,-,0,22.05.26,-,806,1331,-,Female,-,680,Oct,20.10.01,-
5701,-,1,80,22.08.09,3,Female,0,-,Holstein,9971,7,3,-,14.02.19,8.5,101.7,3096,1,Fresh,0,-,26,47,0,47,1139,973,1032,951,645,0,0,47,1200,1325,1256,1211,Report Heat,-,0,-,-,-,13384,-,Male,-,3,Aug,22.08.09,-
5716,-,3,2,22.07.31,12,Female,0,22.08.08,Holstein,1233,6,143,-,14.02.28,8.5,101.4,3087,3,Bred,1,-,43.4,247.4,1508,472,362,0,327,1535,1636,1540,1508,472,1185,1041,1051,964,Inseminate,-,0,-,-,416,12949,-,Male,-,143,Mar,22.03.22,-
5727,-,199,190,22.03.01,164,Female,0,21.10.13,Holstein,-,3,510,Yes,14.03.08,8.4,101.2,3079,199,"Cull, Not Pregnant",1,-,-,-,0,0,0,0,0,0,0,0,0,0,0,0,0,0,Inseminate,-,0,-,-,484,1699,1700,Female,Female,510,Mar,21.03.20,-
5738,-,5,40,22.08.01,11,Female,0,22.03.30,Holstein,4537,4,393,-,14.03.17,8.4,100.9,3070,5,Open,1,22.05.07,34.3,207.6,977,375,1232,1029,1080,1130,1102,782,977,375,1540,1427,1343,1335,Inseminate,-,0,22.05.07,-,535,1933,-,Female,-,393,Jul,21.07.15,Easy
5740,-,199,190,22.03.31,134,Female,0,22.01.11,Holstein,-,5,591,Yes,14.03.17,8.4,100.9,3070,199,"Cull, Not Pregnant",1,21.12.22,-,-,0,0,0,0,0,0,0,0,0,0,0,0,0,0,Inseminate,-,0,21.12.22,-,655,1546,-,Female,-,591,Dec,20.12.29,-
5742,-,199,190,22.03.01,164,Female,0,-,Holstein,-,5,332,Yes,14.03.18,8.4,100.8,3069,199,"Cull, Not Pregnant",1,-,-,-,0,0,0,0,0,0,0,0,0,0,0,0,0,0,Inseminate,-,0,-,-,-,2186,-,Female,-,332,Sep,21.09.14,-
5745,-,22,1,22.08.10,2,Female,0,-,Holstein,5990,6,25,-,14.03.20,8.4,100.8,3067,22,Fresh,0,-,36,223,440,403,1163,1000,1013,925,367,0,440,403,1305,1260,1209,1226,Report Heat,-,0,-,-,-,13289,-,Male,-,25,Jul,22.07.18,-
5748,-,4,3,22.07.31,12,Female,0,22.07.06,Holstein,1393,6,261,-,14.03.20,8.4,100.8,3067,4,Bred,2,22.07.06,40.9,237.3,1405,443,1530,1299,1349,1320,1452,1343,1405,443,937,28,213,1479,Pregn. Check,-,0,22.07.06,-,501,12645,-,Male,-,261,Nov,21.11.24,-
5749,-,22,1,22.08.10,2,Female,0,-,Holstein,6455,7,24,-,14.03.20,8.4,100.8,3067,22,Fresh,0,-,31.6,186.9,249,332,1333,1186,1344,1257,1139,421,249,332,1478,1474,1488,1536,Report Heat,-,0,-,-,-,-,-,-,-,24,Jul,22.07.19,-
5750,-,199,190,22.07.02,41,Female,0,22.03.16,Holstein,-,5,393,Yes,14.03.20,8.4,100.8,3067,199,"Cull, Not Pregnant",1,22.05.11,-,-,0,0,0,0,0,0,0,0,0,0,0,0,0,0,Inseminate,-,0,22.05.11,-,521,-,-,-,-,393,Jul,21.07.15,-
5752,-,5,4,22.07.31,12,Female,0,22.07.20,Holstein,2160,6,319,-,14.03.22,8.4,100.7,3065,5,Bred,1,22.06.27,38.6,221.3,1167,409,1498,1221,1429,1300,1171,1080,1167,409,120,1540,1707,1663,Inseminate,-,0,22.06.27,-,573,12427,-,Male,-,319,Sep,21.09.27,-
5754,-,75,50,22.08.02,10,Female,195,22.01.29,Holstein,6529,6,500,-,14.03.23,8.4,100.7,3064,75,"Pregnant, Dry",5,22.05.02,-,-,264,8,856,657,649,508,360,279,264,8,1066,1123,1034,1029,Conf. Step  Up,Yes,2,22.05.02,-,592,1696,-,Female,-,510,Mar,21.03.20,-
5765,-,5,4,22.07.31,12,Female,0,22.08.03,Holstein,959,5,286,-,14.03.28,8.4,100.5,3059,5,Bred,1,22.07.30,34.2,196.4,1092,357,1455,1149,1256,1227,1187,1131,1092,357,8,39,1426,1546,Inseminate,-,0,22.07.30,-,554,12560,-,Male,-,286,Oct,21.10.30,-
5770,-,3,2,22.07.31,12,Female,0,22.07.31,Holstein,2770,6,197,-,14.03.30,8.4,100.4,3057,3,Bred,1,-,32.7,176.8,980,340,113,1091,1303,1265,1185,1023,980,340,844,733,394,0,Inseminate,-,0,-,-,462,12799,-,Male,-,197,Jan,22.01.27,-
5780,-,22,1,22.08.04,8,Female,0,-,Holstein,2587,7,25,-,14.04.01,8.4,100.4,3055,22,Fresh,0,-,43.9,257.5,491,465,781,553,526,230,0,0,491,465,1255,1142,987,865,Report Heat,-,0,-,-,-,13291,-,Male,-,25,Jul,22.07.18,-
5785,-,4,3,22.07.31,12,Female,181,22.02.12,Holstein,7384,7,275,-,14.04.01,8.4,100.4,3055,4,Pregnant,4,22.05.16,35.5,200.3,1214,387,1515,1306,1411,1479,1298,1266,1214,387,461,0,523,1461,Conf. Dry Off,Yes,2,22.05.16,-,371,12596,-,Male,-,275,Nov,21.11.10,-
5786,-,75,50,22.07.16,27,Female,243,21.12.12,Holstein,6978,5,314,-,14.04.02,8.4,100.3,3054,75,"Pregnant, Dry",5,22.03.07,-,-,270,0,1410,1202,1277,1149,1007,802,270,0,1064,1405,1362,1333,Conf. Step  Up,Yes,2,22.03.07,-,375,12327,-,Male,-,341,Sep,21.09.05,-
5792,-,199,190,22.03.01,164,Female,0,21.11.23,Holstein,-,3,1142,Yes,14.04.04,8.4,100.3,3052,199,"Cull, Not Pregnant",1,21.09.30,-,-,0,0,0,0,0,0,0,0,0,0,0,0,0,0,Inseminate,-,0,21.09.30,21.03.02,1157,167,-,Female,-,1142,Jun,19.06.27,Easy
5794,-,3,2,22.07.31,12,Female,0,22.08.10,Holstein,3982,6,171,-,14.04.04,8.4,100.3,3052,3,Bred,1,22.05.23,52.1,282,1685,534,0,162,1562,1741,1872,1630,1685,534,1087,965,744,470,Inseminate,-,0,22.05.23,-,446,2625,-,Female,-,171,Feb,22.02.22,Easy
5795,-,199,190,22.02.01,192,Female,0,21.11.02,Holstein,-,5,554,Yes,14.04.04,8.4,100.3,3052,199,"Cull, Not Pregnant",1,21.12.09,-,-,0,0,0,0,0,0,0,0,0,0,0,0,0,0,Inseminate,-,0,21.12.09,-,548,-,-,-,-,554,Feb,21.02.04,-
5798,-,3,2,22.07.31,12,Female,0,22.06.01,Holstein,6250,6,158,-,14.04.05,8.4,100.2,3051,3,Pregnant (1st Preg Check),3,22.07.14,35.4,201.1,1052,360,0,0,857,1319,1262,1253,1052,360,698,549,340,14,2nd Pregn. Check,-,1,22.07.14,-,363,12915,-,Male,-,158,Mar,22.03.07,-
5803,-,5,4,22.07.31,12,Female,0,22.08.01,Holstein,5427,5,348,-,14.04.05,8.4,100.2,3051,5,Bred,1,22.07.07,33.2,196.7,1063,375,1652,1391,1568,1361,1378,1085,1063,375,1554,1736,1721,1713,Inseminate,-,0,22.07.07,-,614,12281,-,Male,-,348,Aug,21.08.29,-
5805,-,2,22,22.07.31,12,Female,0,22.07.27,Holstein,7000,6,101,-,14.04.06,8.4,100.2,3050,2,Bred,1,-,9.5,84.6,1761,278,980,480,0,0,1335,1799,1761,278,1315,1279,1163,1051,Inseminate,-,0,-,-,362,13086,-,Male,-,101,May,22.05.03,Hard
5807,-,4,5,22.08.10,2,Female,191,22.02.02,Holstein,4785,5,351,-,14.04.06,8.4,100.2,3050,4,Pregnant,4,22.05.02,41.3,235.4,1311,441,1540,1341,1531,1392,1455,1369,1311,441,1325,1561,1509,1602,Conf. Dry Off,Yes,2,22.05.02,-,437,2102,-,Female,-,351,Aug,21.08.26,-
5808,-,199,190,22.03.31,134,Female,0,21.12.24,Holstein,-,5,683,Yes,14.04.09,8.3,100.1,3047,199,"Cull, Not Pregnant",1,22.02.05,-,-,0,0,0,0,0,0,0,0,0,0,0,0,0,0,Inseminate,-,0,22.02.05,-,729,1324,-,Female,-,683,Sep,20.09.28,Easy
5813,-,4,3,22.07.31,12,Female,0,22.07.05,Holstein,505,6,241,-,14.04.07,8.3,100.2,3049,4,Bred,2,22.06.27,31.1,198.9,1087,358,1353,1174,1245,1171,1135,1095,1087,358,665,381,0,574,Pregn. Check,-,0,22.06.27,-,480,-,-,-,-,241,Dec,21.12.14,-
5818,-,3,2,22.07.31,12,Female,0,22.07.29,Holstein,1181,5,128,-,14.04.08,8.3,100.1,3048,3,Bred,1,-,44.6,272.2,1539,506,998,187,0,1031,1694,1595,1539,506,1324,1201,1157,1138,Inseminate,-,0,-,-,391,2715,-,Female,-,128,Apr,22.04.06,-
5820,-,70,5,22.08.08,4,Female,114,22.04.20,Holstein,5382,5,440,-,14.04.08,8.3,100.1,3048,70,Pregnant,4,22.07.16,20.5,137,1095,313,1319,1226,1244,1177,930,1017,1095,313,1694,1708,1559,1513,Conf. Dry Off,Yes,2,22.07.16,-,603,1851,-,Female,-,440,May,21.05.29,-
5821,-,6,5,22.07.31,12,Female,0,22.07.15,Holstein,7599,5,359,-,14.04.09,8.3,100.1,3047,6,Bred,1,22.05.28,25.7,170.2,1034,327,1275,1114,1166,1059,1184,1056,1034,327,1429,1241,1201,1444,Inseminate,-,0,22.05.28,-,608,12245,-,Male,-,359,Aug,21.08.18,-
5823,-,75,50,22.07.23,20,Female,232,21.12.23,Holstein,11894,5,287,-,14.04.09,8.3,100.1,3047,75,"Pregnant, Dry",5,22.03.15,-,-,505,0,1358,1183,1294,1213,1014,766,505,0,0,756,1393,1387,Conf. Step  Up,Yes,2,22.03.15,-,352,12477,-,Male,-,307,Oct,21.10.09,-
5827,-,75,50,22.08.02,10,Female,162,22.03.03,Holstein,14155,5,612,-,14.04.10,8.3,100.1,3046,75,"Pregnant, Dry",5,22.06.20,-,-,216,2,764,620,530,361,289,255,216,2,1286,1167,1069,938,Conf. Step  Up,Yes,2,22.06.20,-,737,-,-,-,-,622,Nov,20.11.28,-
5830,-,5,4,22.07.31,12,Female,0,22.08.10,Holstein,9550,6,315,-,14.04.11,8.3,100,3045,5,Bred,1,22.08.06,30.8,186.8,1091,362,1372,1211,1291,1226,1189,1118,1091,362,0,1113,1353,1408,Inseminate,-,0,22.08.06,-,590,12450,-,Male,-,315,Oct,21.10.01,Easy
5835,-,4,3,22.07.31,12,Female,0,22.07.30,Holstein,3727,5,367,-,14.04.14,8.3,99.9,3042,4,Bred,1,22.07.17,37.4,227.9,1269,439,1442,1290,1357,1328,1286,1276,1269,439,1654,1286,1533,1547,Inseminate,-,0,22.07.17,-,631,-,-,-,-,367,Aug,21.08.10,-
5842,-,199,190,22.03.01,164,Female,0,22.02.05,Holstein,-,5,451,Yes,14.04.18,8.3,99.8,3038,199,"Cull, Not Pregnant",3,22.02.03,-,-,0,0,0,0,0,0,0,0,0,0,0,0,0,0,2nd Pregn. Check,-,0,22.02.03,-,540,12049,-,Male,-,451,May,21.05.18,Easy
5844,-,199,190,22.03.31,134,Female,0,21.12.15,Holstein,-,5,338,Yes,14.04.19,8.3,99.8,3037,199,"Cull, Not Pregnant",1,22.01.31,-,-,0,0,0,0,0,0,0,0,0,0,0,0,0,0,Inseminate,-,0,22.01.31,-,375,12364,-,Male,-,338,Sep,21.09.08,Easy
5845,-,75,50,22.08.11,1,Female,212,22.01.12,Holstein,1889,4,950,-,14.04.19,8.3,99.8,3037,75,"Pregnant, Dry",5,22.04.04,6.1,42.5,397,98,791,668,662,561,473,407,397,98,962,976,899,810,Conf. Step  Up,Yes,2,22.04.04,21.05.20,1016,711,-,Female,-,951,Jan,20.01.04,Hard
5849,-,22,1,22.08.10,2,Female,0,-,Holstein,3059,7,20,-,14.04.22,8.3,99.7,3034,22,Fresh,0,-,43.8,264,240,471,1493,1237,1164,1014,656,0,240,471,1590,1628,1589,1617,Report Heat,-,0,-,-,-,2960,-,Female,-,20,Jul,22.07.23,-
5858,-,5,1,22.08.08,4,Female,104,22.04.30,Holstein,8150,6,302,-,14.04.26,8.3,99.5,3030,5,Pregnant,4,22.08.01,19.4,128.2,520,226,1249,938,979,728,569,401,520,226,0,469,1155,1285,Conf. Dry Off,Yes,2,22.08.01,-,475,2298,-,Female,-,302,Oct,21.10.14,Easy
5861,-,190,99,22.08.08,4,Female,169,22.02.24,Holstein,-,6,309,Yes,14.04.27,8.3,99.5,3029,190,"Cull, Pregnant",4,22.05.16,-,-,0,0,0,0,0,0,0,0,0,0,0,0,0,0,Conf. Dry Off,Yes,2,22.05.16,-,417,12474,-,Male,-,309,Oct,21.10.07,Easy
5865,-,22,1,22.08.01,11,Female,0,-,Holstein,2862,6,30,-,14.04.28,8.3,99.5,3028,22,Fresh,0,-,49,277.1,668,508,1063,916,946,638,8,0,668,508,1262,1242,1145,1081,Report Heat,-,0,-,-,-,13269,-,Male,-,30,Jul,22.07.13,-
5867,-,6,5,22.07.31,12,Female,0,21.07.25,Holstein,3630,3,700,-,14.04.29,8.3,99.4,3027,6,Aborted,1,21.11.08,21.2,128.8,685,245,828,746,861,838,798,683,685,245,710,839,842,792,Inseminate,-,0,21.11.08,21.12.20,594,11356,-,Male,-,700,Sep,20.09.11,Easy
5868,-,7,5,22.08.10,2,Female,205,22.01.19,Holstein,5480,7,300,-,14.04.29,8.3,99.4,3027,7,Pregnant,4,22.04.11,28.2,174.2,1018,321,1544,1370,1486,1401,1365,1197,1018,321,0,596,1512,1638,Conf. Dry Off,Yes,2,22.04.11,-,372,2283,-,Female,-,300,Oct,21.10.16,-
5871,-,75,50,22.07.16,27,Female,248,21.12.07,Holstein,7495,6,283,-,14.04.29,8.3,99.4,3027,75,"Pregnant, Dry",5,22.02.28,-,-,255,0,1213,908,1029,990,853,703,255,0,0,1060,1461,1368,Conf. Step  Up,Yes,2,22.02.28,-,339,2249,-,Female,-,310,Oct,21.10.06,-
5873,-,199,190,22.03.01,164,Female,0,21.09.27,Holstein,-,5,614,Yes,14.04.30,8.3,99.4,3026,199,"Cull, Not Pregnant",1,21.09.29,-,-,0,0,0,0,0,0,0,0,0,0,0,0,0,0,Inseminate,-,0,21.09.29,-,572,11680,-,Male,-,614,Dec,20.12.06,Normal
5879,-,199,190,22.08.02,10,Female,0,22.05.18,Holstein,-,4,440,Yes,14.05.02,8.3,99.4,3024,199,"Cull, Not Pregnant",1,22.07.04,-,-,0,0,0,0,0,0,0,0,0,0,0,0,0,0,Inseminate,-,0,22.07.04,-,631,12065,-,Male,-,440,May,21.05.29,-
5881,-,6,5,22.07.31,12,Female,0,22.07.10,Holstein,3302,6,305,-,14.05.02,8.3,99.4,3024,6,Bred,2,22.06.18,23,134.2,818,250,1404,1164,1202,1127,1093,903,818,250,0,691,1467,1546,Pregn. Check,-,0,22.06.18,-,549,2268,-,Female,-,305,Oct,21.10.11,Easy
5882,-,75,25,22.04.24,110,Female,212,22.01.12,Holstein,10615,6,163,-,14.05.02,8.3,99.4,3024,75,"Pregnant, Dry",5,22.04.04,-,-,0,0,1209,947,937,400,0,0,0,0,187,0,517,1073,Conf. Step  Up,Yes,2,22.04.04,-,338,12606,-,Male,-,273,Nov,21.11.12,-
5890,-,4,3,22.07.31,12,Female,0,22.07.13,Holstein,7306,7,204,-,14.05.06,8.3,99.2,3020,4,Bred,1,22.06.12,30.7,188.8,1042,344,404,1303,1380,1393,1223,1091,1042,344,1230,1059,626,0,Inseminate,-,0,22.06.12,-,451,2533,-,Female,-,204,Jan,22.01.20,Easy
5892,-,5,4,22.07.31,12,Female,167,22.02.26,Holstein,14041,5,342,-,14.05.06,8.3,99.2,3020,5,Pregnant,4,22.05.30,21.3,121.2,1053,269,1450,1196,1414,1230,1300,1016,1053,269,885,1350,1441,1514,Conf. Dry Off,Yes,2,22.05.30,-,452,12325,-,Male,-,342,Sep,21.09.04,-
5895,-,4,3,22.07.31,12,Female,100,22.05.04,Holstein,5238,5,241,-,14.05.06,8.3,99.2,3020,4,Pregnant,4,22.08.01,38.7,227.5,1295,421,1449,1364,1573,1501,1397,1300,1295,421,163,0,0,716,Conf. Dry Off,Yes,2,22.08.01,-,418,12696,-,Male,-,241,Dec,21.12.14,-
5897,-,5,4,22.07.31,12,Female,0,21.11.26,Holstein,4858,4,981,-,14.05.07,8.3,99.2,3019,5,Open (Aborted),1,22.01.08,37.3,203.2,1093,381,908,704,889,1085,1079,982,1093,381,1513,1275,1148,1009,Inseminate,-,0,22.01.08,21.06.24,999,10622,-,Male,-,981,Dec,19.12.05,Easy
5909,-,22,1,22.08.01,11,Female,0,-,Holstein,1797,6,36,-,14.05.16,8.2,98.9,3010,22,Fresh,0,-,50.5,297,952,511,765,569,130,0,0,0,952,511,1120,1040,915,822,Report Heat,-,0,-,-,-,2924,-,Female,-,36,Jul,22.07.07,Easy
5911,-,199,190,22.03.01,164,Female,0,21.02.24,Holstein,-,4,938,Yes,14.05.17,8.2,98.9,3009,199,"Cull, Not Pregnant",1,21.05.21,-,-,0,0,0,0,0,0,0,0,0,0,0,0,0,0,Inseminate,-,0,21.05.21,21.07.06,681,736,-,Female,-,938,Jan,20.01.17,Hard
5912,-,6,5,22.07.31,12,Female,0,22.06.19,Holstein,5061,6,396,-,14.05.17,8.2,98.9,3009,6,Open,1,22.05.19,16.4,104.1,649,202,1041,902,918,885,846,754,649,202,1421,1337,1057,1163,Inseminate,-,0,22.05.19,-,619,1919,-,Female,-,396,Jul,21.07.12,-
5913,-,6,5,22.07.31,12,Female,0,22.07.06,Holstein,2504,5,325,-,14.05.18,8.2,98.8,3008,6,Open,1,22.05.19,21.6,137,739,250,1508,1366,1380,1283,1205,930,739,250,382,1663,1819,1601,Inseminate,-,0,22.05.19,-,565,12408,-,Male,-,325,Sep,21.09.21,Easy
5915,-,6,5,22.07.31,12,Female,0,22.01.28,Holstein,2850,5,317,-,14.05.22,8.2,98.7,3004,6,Aborted,1,22.04.18,27.2,151,762,275,1334,1106,1206,1107,736,742,762,275,36,1437,1547,1451,Inseminate,-,0,22.04.18,22.05.22,398,12436,-,Male,-,317,Sep,21.09.29,-
5916,-,3,2,22.07.31,12,Female,0,22.08.08,Holstein,233,6,190,-,14.05.22,8.2,98.7,3004,3,Bred,1,22.08.08,42.7,254.7,1462,413,0,1166,1735,1711,1763,1411,1462,413,1019,836,548,0,Inseminate,-,0,22.08.08,-,463,12826,-,Male,-,190,Feb,22.02.03,Normal
5919,-,4,3,22.07.31,12,Female,0,22.07.20,Holstein,8814,5,323,-,14.05.26,8.2,98.6,3000,4,Bred,1,22.06.27,40.2,238.4,1384,428,1786,1563,1751,1649,1562,1419,1384,428,245,1626,1861,1884,Inseminate,-,0,22.06.27,-,577,12414,-,Male,-,323,Sep,21.09.23,Easy
5926,-,199,190,22.05.01,103,Female,0,21.12.26,Holstein,-,4,678,Yes,14.05.30,8.2,98.4,2996,199,"Cull, Not Pregnant",1,22.01.28,-,-,0,0,0,0,0,0,0,0,0,0,0,0,0,0,Inseminate,-,0,22.01.28,-,726,11470,-,Male,-,678,Oct,20.10.03,-
5931,-,5,4,22.07.31,12,Female,0,22.07.13,Holstein,5726,6,265,-,14.06.03,8.2,98.3,2992,5,Bred,1,22.05.11,27.5,172.5,1015,303,1706,1342,1484,1339,1276,1137,1015,303,546,0,370,1577,Inseminate,-,0,22.05.11,-,512,2370,-,Female,-,265,Nov,21.11.20,Easy
5933,-,2,22,22.07.31,12,Female,0,-,Holstein,5406,6,60,-,14.06.03,8.2,98.3,2992,2,Fresh,1,-,50.9,296.4,1420,549,965,716,581,0,0,649,1420,549,1384,1299,1183,1089,Inseminate,-,0,-,-,-,2865,-,Female,-,60,Jun,22.06.13,Hard
5935,-,3,2,22.07.31,12,Female,0,22.06.27,Holstein,4710,6,152,-,14.06.04,8.2,98.3,2991,3,Pregnant (1st Preg Check),3,22.08.06,43.1,251,1397,464,82,0,557,1524,1584,1388,1397,464,1016,903,765,613,2nd Pregn. Check,-,1,22.08.06,-,383,2660,-,Female,-,152,Mar,22.03.13,Easy
5944,-,1,80,22.08.09,3,Female,0,-,Holstein,9949,7,3,-,14.06.08,8.2,98.1,2987,1,Fresh,0,-,23.3,53.3,0,53,1273,992,1148,1031,1020,40,0,53,1263,1505,1382,1332,Report Heat,-,0,-,-,-,-,-,-,-,3,Aug,22.08.09,-
5952,-,199,190,22.03.01,164,Female,0,21.10.25,Holstein,-,5,677,Yes,14.06.10,8.2,98.1,2985,199,"Cull, Not Pregnant",1,21.10.06,-,-,0,0,0,0,0,0,0,0,0,0,0,0,0,0,Inseminate,-,0,21.10.06,-,663,11479,-,Male,-,677,Oct,20.10.04,Easy
5959,-,5,4,22.07.31,12,Female,0,22.08.03,Holstein,174,5,291,-,14.06.10,8.2,98.1,2985,5,Bred,1,22.07.10,33.1,182.8,986,348,1254,977,1102,1108,1099,1046,986,348,0,149,1183,1351,Inseminate,-,0,22.07.10,-,559,12543,-,Male,-,291,Oct,21.10.25,Hard
5961,-,7,40,22.08.01,11,Female,0,22.07.13,Holstein,1693,6,246,-,14.06.14,8.2,97.9,2981,7,Bred,1,22.05.11,26.4,157,1073,318,1287,1140,1227,1137,1103,1103,1073,318,940,560,0,730,Inseminate,-,0,22.05.11,-,493,-,-,-,-,246,Dec,21.12.09,Easy
5964,-,6,5,22.07.31,12,Female,0,22.07.02,Holstein,7477,4,729,-,14.06.14,8.2,97.9,2981,6,Open,1,21.10.10,23.8,138.7,698,252,892,847,863,840,831,705,698,252,1139,1064,944,933,Inseminate,-,0,21.10.10,-,965,11227,-,Male,-,729,Aug,20.08.13,Easy
5968,-,22,1,22.08.01,11,Female,0,-,Holstein,1223,7,29,-,14.06.15,8.2,97.9,2980,22,Fresh,0,-,31,250.5,604,461,1195,960,974,949,347,0,604,461,1368,1371,1353,1184,Report Heat,-,0,-,-,-,13275,-,Male,-,29,Jul,22.07.14,Easy
5974,-,75,50,22.07.10,33,Female,243,21.12.12,Holstein,2102,4,558,-,14.06.18,8.2,97.8,2977,75,"Pregnant, Dry",5,22.03.07,-,-,34,0,833,594,578,491,329,171,34,0,1237,1048,955,883,Conf. Step  Up,Yes,2,22.03.07,-,625,11744,-,Male,-,591,Dec,20.12.29,-
5975,-,7,5,22.06.19,54,Female,103,22.05.01,Holstein,397,6,421,-,14.06.18,8.2,97.8,2977,7,Pregnant,4,22.08.01,25.3,149.8,831,278,1297,1093,1154,1070,1096,700,831,278,1602,1560,1440,1377,Conf. Dry Off,Yes,2,22.08.01,-,595,1875,-,Female,-,421,Jun,21.06.17,Easy
5981,-,80,75,22.07.23,20,Female,264,21.11.21,Holstein,2858,6,271,-,14.06.20,8.1,97.7,2975,80,"Pregnant, Dry",5,22.02.21,-,-,0,0,1268,935,1099,1047,958,488,0,0,28,1157,1360,1293,Conf. Step  Up,Yes,2,22.02.21,-,330,2228,-,Female,-,317,Sep,21.09.29,-
5983,-,199,190,22.08.02,10,Female,0,22.03.21,Holstein,-,6,397,Yes,14.06.21,8.1,97.7,2974,199,"Cull, Not Pregnant",1,22.02.23,-,-,0,0,0,0,0,0,0,0,0,0,0,0,0,0,Inseminate,-,0,22.02.23,-,530,1911,-,Female,-,397,Jul,21.07.11,-
5984,-,5,4,22.07.31,12,Female,0,22.06.29,Holstein,5340,6,305,-,14.06.21,8.1,97.7,2974,5,Pregnant (1st Preg Check),3,22.08.06,31.5,180.9,924,315,1218,792,860,1029,1073,1001,924,315,0,809,1573,1574,2nd Pregn. Check,-,1,22.08.06,-,538,2263,-,Female,-,305,Oct,21.10.11,-
5986,-,2,22,22.07.31,12,Female,0,22.07.28,Holstein,6522,6,86,-,14.06.21,8.1,97.7,2974,2,Bred,1,-,43.2,255.8,1545,486,900,647,0,0,522,1488,1545,486,1100,1100,1009,888,Inseminate,-,0,-,-,348,13110,-,Male,-,86,May,22.05.18,-
5997,-,2,22,22.07.31,12,Female,0,22.07.27,Holstein,8333,6,81,-,14.06.27,8.1,97.5,2968,2,Bred,1,-,44,296.6,1501,552,0,0,0,0,263,1068,1501,552,564,473,312,13,Inseminate,-,0,-,-,342,2826,-,Female,-,81,May,22.05.23,-
5999,-,199,190,22.02.01,192,Female,0,21.07.28,Holstein,-,4,843,Yes,14.06.28,8.1,97.5,2967,199,"Cull, Not Pregnant",1,21.07.09,-,-,0,0,0,0,0,0,0,0,0,0,0,0,0,0,Inseminate,-,0,21.07.09,-,740,10933,-,Male,-,843,Apr,20.04.21,Easy
6002,-,3,40,22.08.07,5,Female,0,22.08.06,Holstein,1508,7,169,-,14.06.28,8.1,97.5,2967,3,Bred,1,22.07.04,36.8,213.3,1198,387,0,76,1171,1345,1328,1252,1198,387,1002,926,677,383,Inseminate,-,0,22.07.04,-,440,12880,-,Male,-,169,Feb,22.02.24,Easy
6005,-,6,5,22.07.31,12,Female,0,22.06.07,Holstein,1577,5,309,-,14.06.28,8.1,97.5,2967,6,Open,1,22.07.13,26,183,1042,339,1206,1074,1205,1178,1222,1107,1042,339,0,510,1099,1201,Inseminate,-,0,22.07.13,-,520,2252,-,Female,-,309,Oct,21.10.07,Easy
6008,-,6,5,22.07.31,12,Female,0,22.07.05,Holstein,4868,6,278,-,14.06.30,8.1,97.4,2965,6,Bred,2,22.06.15,28.9,179.6,1064,332,1549,1151,1167,1179,1168,1116,1064,332,305,0,925,1609,Pregn. Check,-,0,22.06.15,-,517,2342,-,Female,-,278,Nov,21.11.07,Easy
6012,-,4,3,22.07.31,12,Female,158,22.03.07,Holstein,5518,6,277,-,14.06.30,8.1,97.4,2965,4,Pregnant,4,22.05.30,40.4,245.6,1445,459,1680,1546,1685,1551,1552,1417,1445,459,305,0,897,1745,Conf. Dry Off,Yes,2,22.05.30,-,396,2345,-,Female,-,277,Nov,21.11.08,Easy
6015,-,3,2,22.07.31,12,Female,0,22.07.06,Holstein,1214,5,123,-,14.07.01,8.1,97.4,2964,3,Bred,2,-,43.5,238.1,1385,424,0,0,0,826,1506,1504,1385,424,386,427,373,16,Pregn. Check,-,0,-,-,363,2723,-,Female,-,123,Apr,22.04.11,-
6022,-,7,6,22.07.21,22,Female,0,22.06.22,Holstein,712,5,361,-,14.07.03,8.1,97.3,2962,7,Open,1,22.05.11,14.1,81.3,547,168,1197,970,1018,971,793,676,547,168,1199,1294,1255,1264,Inseminate,-,0,22.05.11,-,587,12236,-,Male,-,361,Aug,21.08.16,-
6024,-,2,22,22.07.31,12,Female,0,-,Holstein,3053,6,58,-,14.07.04,8.1,97.3,2961,2,Fresh,1,-,47.3,281.3,1505,519,1372,1148,1161,413,0,477,1505,519,1394,1344,1311,1335,Inseminate,-,0,-,-,-,2873,-,Female,-,58,Jun,22.06.15,Easy
6026,-,80,75,22.07.16,27,Female,277,21.11.08,Holstein,419,5,331,-,14.07.05,8.1,97.2,2960,80,"Pregnant, Dry",5,22.02.07,-,-,0,0,1286,1168,1183,1127,1045,330,0,0,1490,1476,1273,1191,Conf. Step  Up,Yes,2,22.02.07,-,388,-,-,-,-,388,Jul,21.07.20,-
6028,-,2,22,22.07.31,12,Female,0,22.08.11,Holstein,5172,7,61,-,14.07.06,8.1,97.2,2959,2,Bred,1,-,56.2,356.7,1739,658,940,636,299,0,0,737,1739,658,1395,1330,1163,1094,Inseminate,-,0,-,-,337,13173,-,Male,-,61,Jun,22.06.12,Easy
6030,-,190,99,22.08.08,4,Female,0,22.04.11,Holstein,-,6,222,Yes,14.07.06,8.1,97.2,2959,190,"Cull, Not Pregnant",1,22.05.19,-,-,0,0,0,0,0,0,0,0,0,0,0,0,0,0,Inseminate,-,0,22.05.19,-,376,12750,-,Male,-,222,Jan,22.01.02,-
6034,-,199,190,22.03.01,164,Female,0,21.10.21,Holstein,-,4,723,Yes,14.07.08,8.1,97.1,2957,199,"Cull, Not Pregnant",1,21.11.27,-,-,0,0,0,0,0,0,0,0,0,0,0,0,0,0,Inseminate,-,0,21.11.27,-,705,1164,-,Female,-,723,Aug,20.08.19,Easy
6040,-,5,4,22.07.31,12,Female,0,22.06.16,Holstein,5054,5,345,-,14.07.11,8.1,97.1,2954,5,Open (Aborted),1,22.06.16,33.8,201.3,1041,353,1586,1346,1488,1353,1315,1145,1041,353,1447,1692,1652,1602,Inseminate,-,0,22.06.16,22.04.05,565,12301,-,Male,-,345,Sep,21.09.01,-
6041,-,199,190,22.03.01,164,Female,0,20.12.23,Holstein,-,5,727,Yes,14.07.11,8.1,97.1,2954,199,"Cull, Not Pregnant",1,-,-,-,0,0,0,0,0,0,0,0,0,0,0,0,0,0,Inseminate,-,0,-,-,407,11233,-,Male,-,727,Aug,20.08.15,Easy
6054,-,5,4,22.07.31,12,Female,181,22.02.12,Holstein,6347,5,309,-,14.07.17,8.1,96.9,2948,5,Pregnant,4,22.05.16,26.7,145.1,1053,284,1263,1065,1326,1004,1253,1164,1053,284,0,958,1693,1502,Conf. Dry Off,Yes,2,22.05.16,-,405,2253,-,Female,-,309,Oct,21.10.07,Easy
6056,-,7,70,22.06.03,70,Female,186,22.02.07,Holstein,6268,5,590,-,14.07.19,8.1,96.8,2946,7,Pregnant,4,22.05.02,12.2,75.5,479,146,898,542,577,481,449,410,479,146,1100,1098,972,940,Conf. Dry Off,Yes,2,22.05.02,-,681,11752,-,Male,-,590,Dec,20.12.30,Easy
6057,-,3,2,22.07.31,12,Female,0,22.07.27,Holstein,2860,5,149,-,14.07.17,8.1,96.9,2948,3,Bred,1,-,45,277.3,1627,527,0,0,498,1469,1653,1675,1627,527,1029,971,746,418,Inseminate,-,0,-,-,410,12933,-,Male,-,149,Mar,22.03.16,Normal
6058,-,199,190,22.05.01,103,Female,0,22.01.05,Holstein,-,5,610,Yes,14.07.18,8.1,96.8,2947,199,"Cull, Not Pregnant",1,21.12.18,-,-,0,0,0,0,0,0,0,0,0,0,0,0,0,0,Inseminate,-,0,21.12.18,-,668,1512,-,Female,-,610,Dec,20.12.10,Easy
6060,-,3,2,22.07.31,12,Female,0,22.07.16,Holstein,5897,6,115,-,14.07.20,8.1,96.8,2945,3,Bred,1,-,28.9,190.9,1307,389,577,196,0,448,1348,1230,1307,389,972,909,815,736,Inseminate,-,0,-,-,365,2749,-,Female,-,115,Apr,22.04.19,-
6061,-,199,190,22.02.01,192,Female,0,-,Holstein,-,5,243,Yes,14.07.20,8.1,96.8,2945,199,"Cull, Not Pregnant",1,-,-,-,0,0,0,0,0,0,0,0,0,0,0,0,0,0,Inseminate,-,0,-,-,-,-,-,-,-,243,Dec,21.12.12,-
6063,-,1,80,22.08.10,2,Female,0,-,Holstein,1141,5,3,-,14.07.20,8.1,96.8,2945,1,Fresh,0,-,12.9,15,0,15,1720,1476,1502,1347,1303,236,0,15,1459,1805,1837,1830,Report Heat,-,0,-,-,-,3025,-,Male,-,3,Aug,22.08.09,Easy
6065,-,5,4,22.07.31,12,Female,0,22.05.25,Holstein,9830,6,297,-,14.07.21,8.1,96.7,2944,5,Pregnant (1st Preg Check),3,22.07.11,26.4,171.8,1042,319,1452,1153,1317,1151,1135,1048,1042,319,0,416,1437,1640,2nd Pregn. Check,-,1,22.07.11,-,495,12517,-,Male,-,297,Oct,21.10.19,Hard
6069,-,2,22,22.07.31,12,Female,0,-,Holstein,4694,6,53,-,14.07.24,8.1,96.6,2941,2,Fresh,1,-,52,296.8,1560,550,1158,969,1040,346,0,408,1560,550,1535,1419,1314,1302,Inseminate,-,0,-,-,-,13210,-,Male,-,53,Jun,22.06.20,-
6081,-,3,2,22.07.31,12,Female,0,22.05.25,Holstein,4607,6,164,-,14.07.29,8,96.5,2936,3,Pregnant (1st Preg Check),3,22.07.11,30.7,195.2,1021,360,340,0,897,1093,1168,1040,1021,360,1108,1069,973,906,2nd Pregn. Check,-,1,22.07.11,-,362,-,-,-,-,164,Mar,22.03.01,-
6089,-,6,5,22.07.31,12,Female,0,22.05.14,Holstein,684,5,341,-,14.08.01,8,96.4,2933,6,Pregnant (1st Preg Check),3,22.06.27,29.6,159.5,897,295,1147,950,1021,993,1010,997,897,295,874,1271,1199,1203,2nd Pregn. Check,-,1,22.06.27,-,528,12333,-,Male,-,341,Sep,21.09.05,-
6094,-,22,1,22.08.01,11,Female,0,-,Holstein,452,6,36,-,14.08.04,8,96.3,2930,22,Fresh,0,-,56.5,336.6,1199,615,834,645,578,117,0,0,1199,615,1352,1341,1030,864,Report Heat,-,0,-,-,-,2921,-,Female,-,36,Jul,22.07.07,-
6100,-,6,5,22.07.31,12,Female,0,22.06.20,Holstein,5049,4,549,-,14.08.08,8,96.1,2926,6,Open,1,22.07.30,33.4,184.4,1013,335,1098,833,1084,1095,1100,1025,1013,335,1416,1293,1241,1139,Inseminate,-,0,22.07.30,-,773,1633,-,Female,-,549,Feb,21.02.09,-
6103,-,7,6,22.07.13,30,Female,0,22.04.08,Holstein,1327,5,286,-,14.08.10,8,96.1,2924,7,Open,1,22.05.19,11.9,74.9,518,156,1468,1170,1293,1106,865,630,518,156,0,40,1140,1378,Inseminate,-,0,22.05.19,-,437,12559,-,Male,-,286,Oct,21.10.30,-
6105,-,50,7,22.08.11,1,Female,213,22.01.11,Holstein,1589,5,325,-,14.08.11,8,96,2923,50,Pregnant,4,22.04.04,20.8,124.9,966,262,1516,1289,1241,1205,1211,1109,966,262,334,1379,1526,1612,Conf. Dry Off,Yes,2,22.04.04,-,389,12407,-,Male,-,325,Sep,21.09.21,Easy
6106,-,4,3,22.07.31,12,Female,0,22.08.05,Holstein,6716,5,246,-,14.08.12,8,96,2922,4,Bred,1,22.05.11,41.8,266.3,1576,509,1896,1634,1649,1588,1648,1580,1576,509,998,230,0,921,Inseminate,-,0,22.05.11,-,516,12687,-,Male,-,246,Dec,21.12.09,Easy
6112,-,2,22,22.07.31,12,Female,0,-,Holstein,2741,5,78,-,14.08.16,8,95.9,2918,2,Fresh,1,-,48.1,286.2,1456,537,626,217,0,0,195,1240,1456,537,928,854,814,728,Inseminate,-,0,-,-,-,13132,-,Male,-,78,May,22.05.26,-
6113,-,199,190,22.05.01,103,Female,0,21.12.29,Holstein,-,5,377,Yes,14.08.16,8,95.9,2918,199,"Cull, Not Pregnant",1,-,-,-,0,0,0,0,0,0,0,0,0,0,0,0,0,0,Inseminate,-,0,-,-,428,-,-,-,-,377,Jul,21.07.31,-
6116,-,3,2,22.07.31,12,Female,0,22.06.05,Holstein,3256,6,167,-,14.08.18,8,95.8,2916,3,Pregnant (1st Preg Check),3,22.07.14,38.1,241.4,1468,434,0,0,1136,1497,1652,1534,1468,434,746,562,110,0,2nd Pregn. Check,-,1,22.07.14,-,376,2629,-,Female,-,167,Feb,22.02.26,-
6117,-,199,190,22.07.02,41,Female,0,-,Holstein,-,7,99,Yes,14.08.17,8,95.8,2917,199,"Cull, Not Pregnant",1,-,-,-,0,0,0,0,0,0,0,0,0,0,0,0,0,0,Inseminate,-,0,-,-,-,13091,-,Male,-,99,May,22.05.05,Hard
6118,-,5,6,22.08.10,2,Female,0,21.12.18,Holstein,2731,5,345,-,14.08.17,8,95.8,2917,5,Aborted,1,22.03.15,34.4,200.4,1009,374,1407,1244,1407,1355,1439,1362,1009,374,1371,1329,1437,1417,Inseminate,-,0,22.03.15,22.07.18,385,12304,-,Male,-,345,Sep,21.09.01,-
6120,-,22,1,22.08.01,11,Female,0,-,Holstein,3045,6,33,-,14.08.17,8,95.8,2917,22,Fresh,0,-,49,263.9,944,515,612,554,323,0,0,0,944,515,1196,1092,966,782,Report Heat,-,0,-,-,-,13258,-,Male,-,33,Jul,22.07.10,Easy
6124,-,199,190,22.03.31,134,Female,0,22.01.01,Holstein,-,5,638,Yes,14.08.19,8,95.8,2915,199,"Cull, Not Pregnant",1,22.02.12,-,-,0,0,0,0,0,0,0,0,0,0,0,0,0,0,Inseminate,-,0,22.02.12,-,692,11613,-,Male,-,638,Nov,20.11.12,-
6131,-,5,4,22.07.31,12,Female,162,22.03.03,Holstein,6999,5,368,-,14.08.21,8,95.7,2913,5,Pregnant,4,22.05.30,36.5,200.1,1105,372,1228,1056,1127,1086,1105,1124,1105,372,1459,1376,1269,1269,Conf. Dry Off,Yes,2,22.05.30,-,483,12194,-,Male,-,368,Aug,21.08.09,-
6132,-,199,190,22.03.01,164,Female,0,21.09.17,Holstein,-,5,641,Yes,14.08.21,8,95.7,2913,199,"Cull, Not Pregnant",1,21.11.06,-,-,0,0,0,0,0,0,0,0,0,0,0,0,0,0,Inseminate,-,0,21.11.06,-,589,1430,-,Female,-,641,Nov,20.11.09,Hard
6134,-,6,5,22.07.31,12,Female,0,22.07.02,Holstein,3407,6,341,-,14.08.21,8,95.7,2913,6,Open,1,22.06.01,12.5,125.7,668,241,1007,819,865,870,843,725,668,241,929,1324,1202,1227,Inseminate,-,0,22.06.01,-,577,12332,-,Male,-,341,Sep,21.09.05,-
6135,-,4,3,22.07.31,12,Female,0,22.07.04,Holstein,1466,6,215,-,14.08.22,8,95.7,2912,4,Bred,2,22.07.04,38.6,238.4,1450,449,983,1638,1734,1653,1651,1471,1450,449,1054,891,79,0,Pregn. Check,-,0,22.07.04,-,453,-,-,-,-,215,Jan,22.01.09,-
6139,-,199,190,22.05.01,103,Female,0,22.01.08,Holstein,-,4,720,Yes,14.08.23,8,95.6,2911,199,"Cull, Not Pregnant",1,22.01.08,-,-,0,0,0,0,0,0,0,0,0,0,0,0,0,0,Inseminate,-,0,22.01.08,-,781,1175,1176,Female,Female,720,Aug,20.08.22,Easy
6156,-,75,50,22.08.11,1,Female,219,22.01.05,Holstein,6832,5,377,-,14.08.30,8,95.4,2904,75,"Pregnant, Dry",5,22.03.30,14.5,101.6,1004,240,1461,1354,1445,1398,1340,1153,1004,240,1560,1569,1520,1532,Conf. Step  Up,Yes,2,22.03.30,-,436,1981,1982,Female,Female,378,Jul,21.07.30,Hard
6174,-,199,190,22.08.02,10,Female,0,22.07.03,Holstein,-,5,425,Yes,14.09.03,7.9,95.3,2900,199,"Cull, Not Pregnant",2,22.06.20,-,-,0,0,0,0,0,0,0,0,0,0,0,0,0,0,Pregn. Check,-,0,22.06.20,-,662,12078,-,Male,-,425,Jun,21.06.13,Easy
6178,-,199,190,22.08.02,10,Female,0,22.04.04,Holstein,-,6,212,Yes,14.09.06,7.9,95.2,2897,199,"Cull, Not Pregnant",1,22.07.03,-,-,0,0,0,0,0,0,0,0,0,0,0,0,0,0,Inseminate,-,0,22.07.03,-,359,2501,-,Female,-,212,Jan,22.01.12,Easy
6179,-,3,2,22.07.31,12,Female,0,22.08.07,Holstein,1685,6,197,-,14.09.06,7.9,95.2,2897,3,Bred,1,22.05.04,29.6,164.3,986,302,95,1040,1400,1380,1259,1093,986,302,493,381,0,0,Inseminate,-,0,22.05.04,-,469,2545,-,Female,-,197,Jan,22.01.27,-
6181,-,6,5,22.07.31,12,Female,0,22.06.09,Holstein,6399,4,332,-,14.09.08,7.9,95.1,2895,6,Pregnant (1st Preg Check),3,22.07.23,24.5,134.7,885,258,1568,1351,1438,1291,1226,1043,885,258,590,1767,1813,1556,2nd Pregn. Check,-,1,22.07.23,-,545,12386,-,Male,-,332,Sep,21.09.14,Easy
6183,-,6,5,22.07.31,12,Female,119,22.04.15,Holstein,1166,6,300,-,14.09.10,7.9,95,2893,6,Pregnant,4,22.07.16,23,152.5,874,279,1249,1067,1124,1057,1043,945,874,279,0,552,1310,1309,Conf. Dry Off,Yes,2,22.07.16,-,458,12497,-,Male,-,300,Oct,21.10.16,-
6187,-,4,3,22.07.31,12,Female,135,22.03.30,Holstein,3111,5,233,-,14.09.14,7.9,94.9,2889,4,Pregnant,4,22.06.20,30.2,179.7,1091,334,1476,1328,1498,1435,1392,1184,1091,334,414,80,0,298,Conf. Dry Off,Yes,2,22.06.20,-,375,2435,-,Female,-,233,Dec,21.12.22,Easy
6188,-,4,3,22.07.31,12,Female,0,22.08.03,Holstein,12459,4,253,-,14.09.15,7.9,94.9,2888,4,Bred,1,22.07.14,30.4,188.8,1123,345,1763,1371,1444,1370,1282,1168,1123,345,460,0,0,1257,Inseminate,-,0,22.07.14,-,521,2396,-,Female,-,253,Dec,21.12.02,Easy
6191,-,80,75,22.07.23,20,Female,271,21.11.14,Holstein,2306,4,466,-,14.09.19,7.9,94.8,2884,80,"Pregnant, Dry",5,22.01.13,-,-,0,0,135,0,0,0,0,0,0,0,786,712,505,343,Conf. Step  Up,Yes,2,22.01.13,-,683,11477,-,Male,-,677,Oct,20.10.04,Easy
6194,-,75,50,22.08.11,1,Female,223,22.01.01,Holstein,7994,5,579,-,14.09.22,7.9,94.7,2881,75,"Pregnant, Dry",5,22.03.30,6,43.6,419,101,738,565,620,493,443,428,419,101,990,1018,975,789,Conf. Step  Up,Yes,2,22.03.30,-,634,-,-,-,-,580,Jan,21.01.09,Easy
6199,-,2,22,22.07.31,12,Female,0,22.07.31,Holstein,4748,5,93,-,14.09.24,7.9,94.6,2879,2,Bred,1,22.07.31,49.2,279.4,1624,518,108,0,0,0,846,1526,1624,518,794,749,550,347,Inseminate,-,0,22.07.31,-,358,2799,-,Female,-,93,May,22.05.11,-
6201,-,4,3,22.07.31,12,Female,0,22.07.17,Holstein,5729,5,254,-,14.09.26,7.9,94.5,2877,4,Open,1,22.07.14,31.5,208.7,1170,382,1727,1491,1290,1155,1271,1150,1170,382,643,22,0,1371,Inseminate,-,0,22.07.14,-,505,12668,-,Male,-,254,Dec,21.12.01,-
6202,-,75,50,22.07.16,27,Female,231,21.12.24,Holstein,6328,5,436,-,14.09.26,7.9,94.5,2877,75,"Pregnant, Dry",5,22.03.15,-,-,103,0,1399,1083,1137,1059,1043,657,103,0,1628,1595,1443,1400,Conf. Step  Up,Yes,2,22.03.15,-,509,12029,-,Male,-,463,May,21.05.06,Easy
6203,-,7,6,22.07.13,30,Female,204,22.01.20,Holstein,7187,6,284,-,14.09.28,7.9,94.5,2875,7,Pregnant,4,22.04.11,20.3,109.3,690,215,1255,1074,1150,1084,926,826,690,215,200,0,976,1263,Conf. Dry Off,Yes,2,22.04.11,-,357,12569,-,Male,-,284,Nov,21.11.01,-
6205,-,3,2,22.07.31,12,Female,0,22.08.01,Holstein,10368,5,174,-,14.09.28,7.9,94.5,2875,3,Bred,1,22.07.30,37.1,223.8,1198,421,0,323,1555,1316,1428,1217,1198,421,808,583,306,14,Inseminate,-,0,22.07.30,-,440,12859,-,Male,-,174,Feb,22.02.19,-
6206,-,7,5,22.07.28,15,Female,0,22.05.18,Holstein,269,5,368,-,14.09.28,7.9,94.5,2875,7,Open,1,22.07.04,9.9,52.3,617,114,1225,1043,1083,986,1013,941,617,114,1371,1372,1361,1352,Inseminate,-,0,22.07.04,-,559,2028,-,Female,-,368,Aug,21.08.09,-
6208,-,6,5,22.07.31,12,Female,93,22.05.11,Holstein,3003,6,334,-,14.09.28,7.9,94.5,2875,6,Pregnant,4,22.08.01,24.9,151.9,869,276,1536,1240,1263,1014,1124,983,869,276,736,1628,1622,1610,Conf. Dry Off,Yes,2,22.08.01,-,518,2180,-,Female,-,334,Sep,21.09.12,-
6210,-,3,70,22.08.01,11,Female,133,22.04.01,Holstein,578,6,237,-,14.09.29,7.9,94.4,2874,3,Pregnant,4,22.06.20,38.5,228.6,1324,418,1572,1524,1633,1646,1607,1425,1324,418,812,301,0,400,Conf. Dry Off,Yes,2,22.06.20,-,381,12708,-,Male,-,237,Dec,21.12.18,Easy
6214,-,40,1,22.08.11,1,Female,0,-,Holstein,4647,6,4,-,14.09.30,7.9,94.4,2873,40,Fresh,0,-,21.7,60.1,0,60,1324,1095,1028,751,525,105,0,60,1586,1541,1459,1403,Report Heat,-,0,-,-,-,13377,-,Male,-,4,Aug,22.08.08,-
6216,-,4,3,22.07.31,12,Female,0,22.07.22,Holstein,6104,4,273,-,14.09.30,7.9,94.4,2873,4,Bred,1,22.03.31,32.9,203.6,1280,396,1339,1083,1245,1197,1415,1238,1280,396,1,0,631,1364,Inseminate,-,0,22.03.31,-,529,12609,-,Male,-,273,Nov,21.11.12,Easy
6219,-,5,4,22.07.31,12,Female,179,22.02.14,Holstein,1984,6,309,-,14.10.02,7.9,94.3,2871,5,Pregnant,4,22.05.16,28.3,149.6,733,266,1402,1206,1301,1197,1140,986,733,266,0,942,1398,1469,Conf. Dry Off,Yes,2,22.05.16,-,407,12470,-,Male,-,309,Oct,21.10.07,-
6221,-,5,4,22.07.31,12,Female,0,22.07.27,Holstein,14057,5,310,-,14.10.02,7.9,94.3,2871,5,Bred (Aborted) ,1,22.03.30,30.5,188.5,1062,347,1464,1280,1400,1294,1271,1177,1062,347,0,1047,1557,1553,Inseminate,-,0,22.03.30,22.04.20,571,2245,-,Female,-,310,Oct,21.10.06,-
6223,-,199,190,22.03.31,134,Female,0,22.01.08,Holstein,-,5,577,Yes,14.10.03,7.9,94.3,2870,199,"Cull, Not Pregnant",1,22.02.22,-,-,0,0,0,0,0,0,0,0,0,0,0,0,0,0,Inseminate,-,0,22.02.22,-,638,11792,-,Male,-,577,Jan,21.01.12,Normal
6234,-,190,40,22.08.02,10,Female,0,22.07.27,Holstein,-,5,106,Yes,14.10.08,7.8,94.1,2865,190,"Cull, Not Pregnant",1,22.07.27,-,-,0,0,0,0,0,0,0,0,0,0,0,0,0,0,Inseminate,-,0,22.07.27,-,367,2782,-,Female,-,106,Apr,22.04.28,-
6236,-,2,22,22.07.31,12,Female,0,-,Holstein,6506,5,47,-,14.10.08,7.8,94.1,2865,2,Fresh,1,-,44.6,264.1,1144,486,1199,727,1034,690,0,90,1144,486,1527,1445,1416,1341,Inseminate,-,0,-,-,-,2900,-,Female,-,47,Jun,22.06.26,-
6237,-,4,5,22.08.10,2,Female,0,22.07.22,Holstein,916,6,292,-,14.10.08,7.8,94.1,2865,4,Bred,1,22.06.30,35.7,226.4,1241,423,1569,1346,1493,1405,1411,1297,1241,423,0,213,1509,1622,Inseminate,-,0,22.06.30,-,548,12539,-,Male,-,292,Oct,21.10.24,Easy
6240,-,6,5,22.07.31,12,Female,134,22.03.31,Holstein,6568,6,290,-,14.10.10,7.8,94.1,2863,6,Pregnant,4,22.06.20,23.1,128.9,785,248,1381,1179,1190,1143,1092,894,785,248,0,131,1199,1379,Conf. Dry Off,Yes,2,22.06.20,-,433,12545,12546,Male,Male,290,Oct,21.10.26,Easy
6243,-,199,190,22.05.01,103,Female,0,22.04.08,Holstein,-,5,282,Yes,14.10.11,7.8,94,2862,199,"Cull, Not Pregnant",3,22.03.07,-,-,0,0,0,0,0,0,0,0,0,0,0,0,0,0,2nd Pregn. Check,-,0,22.03.07,-,433,12574,-,Male,-,282,Nov,21.11.03,-
6247,-,80,75,22.08.02,10,Female,263,21.11.22,Holstein,3156,6,272,-,14.10.11,7.8,94,2862,80,"Pregnant, Dry",5,22.02.21,-,-,0,0,1502,1242,1297,1139,1007,480,0,0,60,1358,1578,1621,Conf. Step  Up,Yes,2,22.02.21,-,332,2223,-,Female,-,318,Sep,21.09.28,-
6248,-,7,6,22.07.20,23,Female,185,22.02.08,Holstein,3266,6,358,-,14.10.12,7.8,94,2861,7,Pregnant,4,22.05.02,10.7,74.5,529,141,1013,843,964,678,680,658,529,141,1171,1180,1100,1077,Conf. Dry Off,Yes,2,22.05.02,-,450,2081,-,Female,-,358,Aug,21.08.19,-
6251,-,7,5,22.06.19,54,Female,208,22.01.16,Holstein,4114,5,335,-,14.10.15,7.8,93.9,2858,7,Pregnant,4,22.04.11,19.2,115.3,723,227,1448,1207,1130,956,901,725,723,227,558,1232,1479,1482,Conf. Dry Off,Yes,2,22.04.11,-,404,12372,-,Male,-,335,Sep,21.09.11,-
6254,-,3,2,22.07.31,12,Female,0,22.07.19,Holstein,5775,5,137,-,14.10.16,7.8,93.9,2857,3,Bred,1,-,34.5,201.4,1223,385,228,0,57,1330,1524,1362,1223,385,936,891,810,658,Inseminate,-,0,-,-,390,12973,-,Male,-,137,Mar,22.03.28,Easy
6255,-,4,5,22.08.10,2,Female,128,22.04.06,Holstein,3709,6,307,-,14.10.16,7.8,93.9,2857,4,Pregnant,4,22.07.02,37.7,225,1226,415,1587,1351,1480,1435,1460,1318,1226,415,1,862,1480,1594,Conf. Dry Off,Yes,2,22.07.02,-,456,2256,-,Female,-,307,Oct,21.10.09,-
6258,-,80,75,22.07.23,20,Female,266,21.11.19,Holstein,9827,5,285,-,14.10.17,7.8,93.8,2856,80,"Pregnant, Dry",5,22.02.07,-,-,0,0,1274,1124,1223,1176,1152,616,0,0,891,1383,1294,1279,Conf. Step  Up,Yes,2,22.02.07,-,348,12368,-,Male,-,337,Sep,21.09.09,Hard
6269,-,75,50,22.07.02,41,Female,243,21.12.12,Holstein,6821,4,606,-,14.10.24,7.8,93.6,2849,75,"Pregnant, Dry",5,22.03.07,-,-,4,0,812,648,610,545,411,246,4,0,1030,949,873,844,Conf. Step  Up,Yes,2,22.03.07,-,681,1416,-,Female,-,647,Nov,20.11.03,Easy
6270,-,4,3,22.07.31,12,Female,0,22.06.16,Holstein,3915,6,219,-,14.10.02,7.9,94.3,2871,4,Pregnant (1st Preg Check),3,22.07.23,33.8,204.1,1146,370,941,1112,1148,1252,1274,1195,1146,370,596,487,71,0,2nd Pregn. Check,-,1,22.07.23,-,439,12755,-,Male,-,219,Jan,22.01.05,-
6274,-,75,50,22.08.02,10,Female,229,21.12.26,Holstein,3180,5,283,-,14.10.25,7.8,93.6,2848,75,"Pregnant, Dry",5,22.03.21,-,-,720,10,1484,1316,1444,1351,1313,1102,720,10,0,240,1366,1576,Conf. Step  Up,Yes,2,22.03.21,-,341,12531,-,Male,-,293,Oct,21.10.23,-
6276,-,4,3,22.07.31,12,Female,177,22.02.16,Holstein,14133,6,239,-,14.10.27,7.8,93.5,2846,4,Pregnant,4,22.05.16,25.1,203.3,1296,397,1548,1374,1481,1220,1388,1281,1296,397,431,87,0,520,Conf. Dry Off,Yes,2,22.05.16,-,339,12705,-,Male,-,239,Dec,21.12.16,Easy
6281,-,199,190,22.03.31,134,Female,0,22.02.19,Holstein,-,5,526,Yes,14.10.29,7.8,93.4,2844,199,"Cull, Not Pregnant",1,22.01.01,-,-,0,0,0,0,0,0,0,0,0,0,0,0,0,0,Inseminate,-,0,22.01.01,22.01.25,629,11886,-,Male,-,526,Mar,21.03.04,-
6282,-,199,190,22.06.04,69,Female,0,22.04.18,Holstein,-,6,294,Yes,14.10.29,7.8,93.4,2844,199,"Cull, Not Pregnant",3,22.03.29,-,-,0,0,0,0,0,0,0,0,0,0,0,0,0,0,2nd Pregn. Check,-,0,22.03.29,-,455,12524,-,Male,-,294,Oct,21.10.22,-
6283,-,80,75,22.08.02,10,Female,263,21.11.22,Holstein,3246,6,326,-,14.10.30,7.8,93.4,2843,80,"Pregnant, Dry",5,22.02.21,-,-,0,0,1217,1056,1033,1002,988,660,0,0,1478,1469,1328,1318,Conf. Step  Up,Yes,2,22.02.21,-,386,12178,-,Male,-,372,Aug,21.08.05,Easy
6285,-,1,40,22.08.01,11,Female,0,-,Holstein,4693,5,13,-,14.10.31,7.8,93.4,2842,1,Fresh,0,-,46,254.7,18,449,785,651,525,72,0,0,18,449,1164,1065,899,798,Report Heat,-,0,-,-,-,2987,-,Female,-,13,Jul,22.07.30,Easy
6292,-,6,5,22.07.31,12,Female,0,22.07.26,Holstein,732,5,367,-,14.11.03,7.8,93.3,2839,6,Bred,1,22.06.29,21.6,132.2,681,251,1002,843,888,949,896,836,681,251,1237,1081,1090,1133,Inseminate,-,0,22.06.29,-,627,-,-,-,-,367,Aug,21.08.10,-
6293,-,199,190,22.03.31,134,Female,0,22.01.07,Holstein,-,4,620,Yes,14.11.03,7.8,93.3,2839,199,"Cull, Not Pregnant",1,21.11.20,-,-,0,0,0,0,0,0,0,0,0,0,0,0,0,0,Inseminate,-,0,21.11.20,-,680,1485,-,Female,-,620,Nov,20.11.30,Easy
6295,-,199,190,22.02.01,192,Female,0,21.08.18,Holstein,-,4,699,Yes,14.11.04,7.8,93.2,2838,199,"Cull, Not Pregnant",1,21.11.04,-,-,0,0,0,0,0,0,0,0,0,0,0,0,0,0,Inseminate,-,0,21.11.04,-,617,1255,-,Female,-,699,Sep,20.09.12,-
6298,-,199,190,22.03.31,134,Female,0,-,Holstein,-,5,150,Yes,14.11.05,7.8,93.2,2837,199,"Cull, Not Pregnant",1,-,-,-,0,0,0,0,0,0,0,0,0,0,0,0,0,0,Inseminate,-,0,-,-,-,2665,-,Female,-,150,Mar,22.03.15,Easy
6299,-,5,1,22.08.08,4,Female,0,22.05.24,Holstein,6908,4,346,-,14.01.05,8.6,103.2,3141,5,Open,1,22.07.11,18.3,113.2,603,214,1185,1036,946,676,910,769,603,214,1319,1385,1251,1238,Inseminate,-,0,22.07.11,-,543,2124,-,Female,-,346,Aug,21.08.31,-
6300,-,3,2,22.07.31,12,Female,0,22.07.23,Holstein,5548,6,130,-,14.11.05,7.8,93.2,2837,3,Bred,1,22.07.14,45.8,277.6,1661,530,683,116,0,1138,1652,1556,1661,530,1418,1306,1087,892,Inseminate,-,0,22.07.14,-,387,2711,-,Female,-,130,Apr,22.04.04,Easy
6309,-,4,3,22.07.31,12,Female,0,22.08.10,Holstein,6297,6,208,-,14.11.09,7.8,93.1,2833,4,Bred,1,22.08.06,38.5,222.5,1380,433,566,1483,1565,1520,1581,1342,1380,433,435,149,0,0,Inseminate,-,0,22.08.06,-,483,12782,-,Male,-,208,Jan,22.01.16,Easy
6321,-,75,50,22.07.23,20,Female,239,21.12.16,Holstein,6590,6,296,-,14.11.21,7.7,92.7,2821,75,"Pregnant, Dry",5,22.03.07,-,-,522,0,1572,1337,1483,1319,1347,1040,522,0,22,1406,1610,1659,Conf. Step  Up,Yes,2,22.03.07,-,354,12443,-,Male,-,316,Sep,21.09.30,-
6323,-,199,190,22.08.02,10,Female,0,22.04.20,Holstein,-,4,630,Yes,14.11.21,7.7,92.7,2821,199,"Cull, Not Pregnant",1,22.06.18,-,-,0,0,0,0,0,0,0,0,0,0,0,0,0,0,Inseminate,-,0,22.06.18,-,793,11635,-,Male,-,630,Nov,20.11.20,Hard
6325,-,75,50,22.07.23,20,Female,239,21.12.16,Holstein,6478,6,325,-,14.11.23,7.7,92.6,2819,75,"Pregnant, Dry",5,22.03.07,-,-,433,0,1281,1111,1163,1056,1010,886,433,0,1057,1438,1390,1349,Conf. Step  Up,Yes,2,22.03.07,-,383,12307,-,Male,-,345,Sep,21.09.01,Easy
6326,-,3,2,22.07.31,12,Female,97,22.05.07,Holstein,7161,6,164,-,14.11.25,7.7,92.6,2817,3,Pregnant,4,22.08.01,36.9,211.3,1250,403,0,0,891,1250,1368,1260,1250,403,1035,982,894,669,Conf. Dry Off,Yes,2,22.08.01,-,344,12899,-,Male,-,164,Mar,22.03.01,Normal
6329,-,7,6,22.07.21,22,Female,0,22.06.24,Holstein,8605,6,281,-,14.11.26,7.7,92.5,2816,7,Open,1,22.03.21,13.8,72.3,534,143,1513,1246,1324,1157,1036,761,534,143,130,0,1125,1576,Inseminate,-,0,22.03.21,-,509,2333,-,Female,-,281,Nov,21.11.04,Easy
6349,-,199,190,22.06.04,69,Female,0,-,Holstein,-,5,125,Yes,14.12.06,7.7,92.2,2806,199,"Cull, Not Pregnant",1,-,-,-,0,0,0,0,0,0,0,0,0,0,0,0,0,0,Inseminate,-,0,-,-,-,-,-,-,-,125,Apr,22.04.09,-
6350,-,5,4,22.07.31,12,Female,106,22.04.28,Holstein,785,6,263,-,14.12.06,7.7,92.2,2806,5,Pregnant,4,22.08.01,32,194.2,1108,365,1659,1444,1405,1315,1292,1184,1108,365,373,0,223,1477,Conf. Dry Off,Yes,2,22.08.01,-,434,2373,-,Female,-,263,Nov,21.11.22,Easy
6352,-,4,3,22.07.31,12,Female,0,22.07.06,Holstein,16381,4,268,-,14.12.08,7.7,92.1,2804,4,Open,1,22.08.09,34.6,202.8,1148,375,1509,1264,1398,1219,1320,1140,1148,375,22,0,439,1564,Inseminate,-,0,22.08.09,-,508,2361,-,Female,-,268,Nov,21.11.17,-
6355,-,2,22,22.07.31,12,Female,0,22.07.25,Holstein,1621,5,106,-,14.12.09,7.7,92.1,2803,2,Bred,1,22.07.25,38.9,220.8,1531,435,118,0,0,78,1224,1492,1531,435,649,591,512,460,Inseminate,-,0,22.07.25,-,365,2778,-,Female,-,106,Apr,22.04.28,-
6359,-,199,190,22.03.31,134,Female,0,21.09.22,Holstein,-,5,648,Yes,14.12.11,7.7,92,2801,199,"Cull, Not Pregnant",1,21.08.24,-,-,0,0,0,0,0,0,0,0,0,0,0,0,0,0,Inseminate,-,0,21.08.24,-,601,1415,-,Female,-,648,Nov,20.11.02,Hard
6361,-,1,80,22.08.02,10,Female,0,-,Holstein,3109,6,10,-,14.12.12,7.7,92,2800,1,Fresh,0,-,37.6,196.1,0,271,551,397,0,0,0,0,0,271,1270,1114,973,771,Report Heat,-,0,-,-,-,2996,-,Female,-,10,Aug,22.08.02,Easy
6362,-,4,3,22.07.31,12,Female,94,22.05.10,Holstein,6914,5,226,-,14.12.12,7.7,92,2800,4,Pregnant,4,22.08.01,33.8,221.9,1241,418,1422,1471,1539,1560,1540,1332,1241,418,915,656,0,39,Conf. Dry Off,Yes,2,22.08.01,-,409,12738,-,Male,-,226,Dec,21.12.29,Easy
6364,-,199,190,22.08.02,10,Female,0,22.01.11,Holstein,-,3,713,Yes,14.12.14,7.7,91.9,2798,199,"Cull, Not Pregnant",1,21.09.09,-,-,0,0,0,0,0,0,0,0,0,0,0,0,0,0,Inseminate,-,0,21.09.09,-,777,-,-,-,-,713,Aug,20.08.29,Hard
6365,-,199,190,22.05.01,103,Female,0,21.04.23,Holstein,-,4,706,Yes,14.12.14,7.7,91.9,2798,199,"Cull, Not Pregnant",1,21.07.18,-,-,0,0,0,0,0,0,0,0,0,0,0,0,0,0,Inseminate,-,0,21.07.18,21.11.24,507,11312,-,Male,-,706,Sep,20.09.05,-
6368,-,2,22,22.07.31,12,Female,0,22.08.10,Holstein,224,6,83,-,14.12.16,7.7,91.9,2796,2,Bred,1,-,52.8,303.9,1749,569,1069,848,262,0,351,1506,1749,569,1506,1441,1266,1139,Inseminate,-,0,-,-,358,2822,-,Female,-,83,May,22.05.21,-
6370,-,3,2,22.07.31,12,Female,93,22.05.11,Holstein,9694,6,158,-,14.12.17,7.7,91.8,2795,3,Pregnant,4,22.08.01,38.1,205.8,1397,405,0,0,869,1452,1532,1452,1397,405,788,671,418,46,Conf. Dry Off,Yes,2,22.08.01,-,342,12916,-,Male,-,158,Mar,22.03.07,-
6371,-,80,75,22.08.02,10,Female,257,21.11.28,Holstein,4970,5,345,-,14.12.17,7.7,91.8,2795,80,"Pregnant, Dry",5,22.02.21,-,-,15,0,1404,1216,1252,1102,1032,716,15,0,1454,1382,1367,1374,Conf. Step  Up,Yes,2,22.02.21,-,406,1950,-,Female,-,386,Jul,21.07.22,Easy
6379,-,199,190,22.07.02,41,Female,0,22.03.04,Holstein,-,5,511,Yes,14.12.21,7.6,91.7,2791,199,"Cull, Not Pregnant",1,22.03.03,-,-,0,0,0,0,0,0,0,0,0,0,0,0,0,0,Inseminate,-,0,22.03.03,-,627,1693,-,Female,-,511,Mar,21.03.19,-
6381,-,6,5,22.07.31,12,Female,0,22.06.22,Holstein,6972,4,346,-,14.12.25,7.6,91.6,2787,6,Open,1,22.07.30,18.8,156.3,1014,303,1384,1248,1385,1259,1216,1054,1014,303,1133,956,1068,1396,Inseminate,-,0,22.07.30,-,572,12296,-,Male,-,346,Aug,21.08.31,-
6388,-,6,5,22.07.31,12,Female,0,22.05.18,Holstein,5996,4,374,-,14.12.29,7.6,91.4,2783,6,Open,1,22.06.23,27.3,162.6,821,284,1008,882,926,899,900,811,821,284,1384,1285,1084,1079,Inseminate,-,0,22.06.23,-,565,2004,-,Female,-,374,Aug,21.08.03,-
6389,-,3,2,22.07.31,12,Female,121,22.04.13,Holstein,5248,6,184,-,14.12.29,7.6,91.4,2783,3,Pregnant,4,22.07.16,32.8,188.8,1139,350,0,677,1307,1319,1312,1216,1139,350,1123,1065,900,308,Conf. Dry Off,Yes,2,22.07.16,-,340,2592,-,Female,-,184,Feb,22.02.09,-
6397,-,199,190,22.03.31,134,Female,0,21.09.16,Holstein,-,4,734,Yes,15.01.02,7.6,91.3,2779,199,"Cull, Not Pregnant",1,21.09.16,-,-,0,0,0,0,0,0,0,0,0,0,0,0,0,0,Inseminate,-,0,21.09.16,-,681,-,-,-,-,734,Aug,20.08.08,Hard
6402,-,199,190,22.03.31,134,Female,0,-,Holstein,-,5,508,Yes,15.01.04,7.6,91.2,2777,199,"Cull, Not Pregnant",1,-,-,-,0,0,0,0,0,0,0,0,0,0,0,0,0,0,Inseminate,-,0,-,-,-,11915,-,Male,-,508,Mar,21.03.22,-
6406,-,2,22,22.07.31,12,Female,0,-,Holstein,1809,5,47,-,15.01.08,7.6,91.1,2773,2,Fresh,1,-,52.9,302.8,1529,561,994,348,0,0,0,132,1529,561,1164,1179,1081,1024,Inseminate,-,0,-,-,-,2899,-,Female,-,47,Jun,22.06.26,-
6407,-,6,5,22.07.31,12,Female,0,22.06.13,Holstein,4322,5,447,-,15.01.08,7.6,91.1,2773,6,Pregnant (1st Preg Check),3,22.07.23,22,132.9,694,252,1125,913,933,973,922,780,694,252,1312,889,1085,1219,2nd Pregn. Check,-,1,22.07.23,-,664,12057,-,Male,-,447,May,21.05.22,-
6408,-,4,7,22.08.10,2,Female,198,22.01.26,Holstein,5040,6,275,-,15.01.09,7.6,91.1,2772,4,Pregnant,4,22.04.18,29.3,168.9,1078,316,1416,1280,1351,1286,1243,1153,1078,316,222,0,598,1367,Conf. Dry Off,Yes,2,22.04.18,-,354,2350,-,Female,-,275,Nov,21.11.10,-
6413,-,22,1,22.08.01,11,Female,0,-,Holstein,4894,6,31,-,15.01.15,7.6,90.9,2766,22,Fresh,0,-,49.9,278.6,824,500,781,797,844,724,89,0,824,500,1486,1423,1294,1238,Report Heat,-,0,-,-,-,2938,-,Female,-,31,Jul,22.07.12,Easy
6420,-,75,50,22.08.11,1,Female,223,22.01.01,Holstein,8675,4,504,-,15.01.18,7.6,90.8,2763,75,"Pregnant, Dry",5,22.03.30,3.2,31.5,381,86,823,600,590,508,428,412,381,86,1156,880,693,734,Conf. Step  Up,Yes,2,22.03.30,-,559,1706,-,Female,-,505,Mar,21.03.25,-
6461,-,2,22,22.07.31,12,Female,0,22.07.27,Holstein,5495,5,102,-,15.02.16,7.5,89.8,2734,2,Bred,1,-,47.8,289.6,1588,518,0,0,0,0,1105,1480,1588,518,567,450,280,8,Inseminate,-,0,-,-,363,-,-,-,-,102,May,22.05.02,-
6468,-,6,5,22.07.31,12,Female,0,22.06.22,Holstein,1979,4,361,-,15.02.25,7.5,89.5,2725,6,Pregnant (1st Preg Check),3,22.07.30,30.7,189.7,991,353,1374,1186,1327,1308,1330,1250,991,353,1325,1446,1372,1423,2nd Pregn. Check,-,1,22.07.30,-,587,12235,-,Male,-,361,Aug,21.08.16,-
6475,-,6,5,22.07.31,12,Female,191,22.02.02,Holstein,3110,5,342,-,15.03.04,7.4,89.3,2718,6,Pregnant,4,22.05.02,20.4,127.4,803,229,1279,1102,1092,1033,996,887,803,229,1042,1350,1320,1347,Conf. Dry Off,Yes,2,22.05.02,-,428,12323,-,Male,-,342,Sep,21.09.04,-
6480,-,22,1,22.08.10,2,Female,0,-,Holstein,641,6,22,-,15.03.09,7.4,89.1,2713,22,Fresh,0,-,37.8,236.7,374,430,1256,1057,988,791,86,0,374,430,1381,1388,1288,1222,Report Heat,-,0,-,-,-,2957,-,Female,-,22,Jul,22.07.21,-
6495,-,3,2,22.07.31,12,Female,0,22.08.03,Holstein,1674,6,155,-,15.03.23,7.4,88.7,2699,3,Bred,1,22.07.10,44.6,263.6,1449,484,57,0,734,1469,1571,1488,1449,484,1196,1143,851,633,Inseminate,-,0,22.07.10,-,423,2655,-,Female,-,155,Mar,22.03.10,Easy
6502,-,199,190,22.05.01,103,Female,0,21.12.19,Holstein,-,4,709,Yes,15.03.26,7.4,88.6,2696,199,"Cull, Not Pregnant",1,22.01.31,-,-,0,0,0,0,0,0,0,0,0,0,0,0,0,0,Inseminate,-,0,22.01.31,-,750,1210,-,Female,-,709,Sep,20.09.02,-
6515,-,199,190,22.03.01,164,Female,0,21.05.11,Holstein,-,3,836,Yes,15.03.31,7.4,88.4,2691,199,"Cull, Not Pregnant",1,21.06.25,-,-,0,0,0,0,0,0,0,0,0,0,0,0,0,0,Inseminate,-,0,21.06.25,-,655,10953,-,Male,-,836,Apr,20.04.28,Easy
6522,-,3,2,22.07.31,12,Female,91,22.05.13,Holstein,3877,5,197,-,15.04.01,7.4,88.4,2690,3,Pregnant,4,22.08.01,40.6,230.3,1357,433,109,1296,1653,1607,1548,1385,1357,433,691,641,345,0,Conf. Dry Off,Yes,2,22.08.01,-,383,2550,-,Female,-,197,Jan,22.01.27,Easy
6524,-,3,2,22.07.31,12,Female,0,22.06.29,Holstein,4488,6,146,-,15.04.01,7.4,88.4,2690,3,Open,1,22.08.06,41.4,239,1370,426,188,0,447,1440,1590,1343,1370,426,1195,1054,930,794,Inseminate,-,0,22.08.06,-,379,12941,-,Male,-,146,Mar,22.03.19,-
6526,-,22,1,22.08.01,11,Female,0,-,Holstein,189,6,29,-,15.04.01,7.4,88.4,2690,22,Fresh,0,-,23.9,126,278,208,894,502,455,0,0,0,278,208,1271,1176,1071,1018,Report Heat,-,0,-,-,-,2947,-,Female,-,29,Jul,22.07.14,Easy
6530,-,4,3,22.07.31,12,Female,0,22.07.27,Holstein,10373,5,205,-,15.04.05,7.4,88.2,2686,4,Bred,1,22.07.04,35.9,224.1,1302,426,380,1350,1571,1481,1410,1239,1302,426,900,728,243,0,Inseminate,-,0,22.07.04,-,466,2527,-,Female,-,205,Jan,22.01.19,Easy
6533,-,199,190,22.02.01,192,Female,0,-,Holstein,-,4,377,Yes,15.04.05,7.4,88.2,2686,199,"Cull, Not Pregnant",1,-,-,-,0,0,0,0,0,0,0,0,0,0,0,0,0,0,Inseminate,-,0,-,-,-,1984,-,Female,-,377,Jul,21.07.31,-
6535,-,75,50,22.07.02,41,Female,246,21.12.09,Holstein,3598,4,493,-,15.04.07,7.3,88.2,2684,75,"Pregnant, Dry",5,22.02.28,-,-,4,0,1027,880,949,879,675,244,4,0,1126,1003,985,1052,Conf. Step  Up,Yes,2,22.02.28,-,565,1655,-,Female,-,534,Feb,21.02.24,Easy
6544,-,50,7,22.08.11,1,Female,216,22.01.08,Holstein,7962,6,281,-,15.04.08,7.3,88.1,2683,50,Pregnant,4,22.04.04,28.3,176.3,1080,337,1615,1464,1527,1412,1352,1183,1080,337,57,0,1002,1531,Conf. Dry Off,Yes,2,22.04.04,-,342,2336,-,Female,-,281,Nov,21.11.04,Easy
6546,-,2,22,22.07.31,12,Female,0,-,Holstein,5710,5,55,-,15.04.09,7.3,88.1,2682,2,Fresh,1,-,46.8,292.5,1621,560,1074,728,527,0,0,466,1621,560,1311,1295,1241,1181,Inseminate,-,0,-,-,-,13197,-,Male,-,55,Jun,22.06.18,Hard
6550,-,199,190,22.03.31,134,Female,0,22.01.10,Holstein,-,5,597,Yes,15.04.10,7.3,88.1,2681,199,"Cull, Not Pregnant",1,22.02.22,-,-,0,0,0,0,0,0,0,0,0,0,0,0,0,0,Inseminate,-,0,22.02.22,21.12.17,660,11729,-,Male,-,597,Dec,20.12.23,-
6557,-,5,4,22.07.31,12,Female,147,22.03.18,Holstein,1715,5,330,-,15.04.11,7.3,88,2680,5,Pregnant,4,22.06.20,31.4,191.2,1075,349,1496,1244,1337,1230,1223,1083,1075,349,444,1542,1579,1596,Conf. Dry Off,Yes,2,22.06.20,-,460,12390,-,Male,-,330,Sep,21.09.16,Easy
6558,-,3,2,22.07.31,12,Female,0,22.05.14,Holstein,9481,6,164,-,15.04.11,7.3,88,2680,3,Pregnant (1st Preg Check),3,22.06.27,44.1,262,1458,474,0,0,1286,1551,1574,1490,1458,474,896,679,719,397,2nd Pregn. Check,-,1,22.06.27,-,351,12895,-,Male,-,164,Mar,22.03.01,Normal
6559,-,199,190,22.03.31,134,Female,0,21.09.11,Holstein,-,4,582,Yes,15.04.12,7.3,88,2679,199,"Cull, Not Pregnant",1,21.12.11,-,-,0,0,0,0,0,0,0,0,0,0,0,0,0,0,Inseminate,-,0,21.12.11,22.02.25,524,11769,-,Male,-,582,Jan,21.01.07,Easy
6565,-,7,6,22.07.20,23,Female,166,22.02.27,Holstein,4530,5,345,-,15.04.12,7.3,88,2679,7,Pregnant,4,22.05.30,14.4,90.2,571,169,891,775,913,705,632,614,571,169,1198,1256,1014,940,Conf. Dry Off,Yes,2,22.05.30,-,456,2128,-,Female,-,345,Sep,21.09.01,-
6571,-,22,1,22.08.10,2,Female,0,-,Holstein,5809,5,18,-,15.04.14,7.3,88,2677,22,Fresh,0,-,46.1,270.4,212,493,982,702,506,118,0,0,212,493,1411,1228,1142,1053,Report Heat,-,0,-,-,-,2967,-,Female,-,18,Jul,22.07.25,-
6579,-,1,80,22.08.01,11,Female,0,-,Holstein,1018,6,12,-,15.04.16,7.3,87.9,2675,1,Fresh,0,-,38.1,187.4,0,276,1029,970,1133,1018,987,51,0,276,764,1048,1220,1113,Report Heat,-,0,-,-,-,2992,-,Female,-,12,Jul,22.07.31,-
6582,-,3,2,22.07.31,12,Female,114,22.04.20,Holstein,1409,6,163,-,15.04.19,7.3,87.8,2672,3,Pregnant,4,22.07.16,36.8,212.2,1216,392,125,0,1095,1287,1403,1312,1216,392,1003,1004,934,709,Conf. Dry Off,Yes,2,22.07.16,-,326,12906,-,Male,-,163,Mar,22.03.02,Easy
6587,-,4,3,22.07.31,12,Female,0,22.05.24,Holstein,9436,6,241,-,15.04.21,7.3,87.7,2670,4,Pregnant (1st Preg Check),3,22.07.11,36.6,239.1,1332,436,1648,1543,1615,1392,1485,1352,1332,436,1052,555,0,579,2nd Pregn. Check,-,1,22.07.11,-,438,12697,-,Male,-,241,Dec,21.12.14,Normal
6589,-,199,190,22.03.01,164,Female,0,21.08.28,Holstein,-,4,696,Yes,15.04.22,7.3,87.7,2669,199,"Cull, Not Pregnant",1,21.10.07,-,-,0,0,0,0,0,0,0,0,0,0,0,0,0,0,Inseminate,-,0,21.10.07,-,624,1276,-,Female,-,696,Sep,20.09.15,Easy
6603,-,5,4,22.07.31,12,Female,0,22.06.22,Holstein,4730,5,267,-,15.04.28,7.3,87.5,2663,5,Pregnant (1st Preg Check),3,22.07.30,26.3,196.7,1082,362,1493,1119,1222,1194,1226,1160,1082,362,514,0,340,1341,2nd Pregn. Check,-,1,22.07.30,-,493,12625,-,Male,-,267,Nov,21.11.18,Hard
6610,-,1,80,22.08.03,9,Female,0,-,Holstein,2400,6,9,-,15.05.01,7.3,87.4,2660,1,Fresh,0,-,34,192.7,0,233,1219,1024,1076,767,447,0,0,233,800,1368,1339,1300,Report Heat,-,0,-,-,-,2999,-,Female,-,9,Aug,22.08.03,-
6615,-,199,190,22.03.01,164,Female,0,21.09.09,Holstein,-,4,719,Yes,15.05.03,7.3,87.3,2658,199,"Cull, Not Pregnant",1,21.02.20,-,-,0,0,0,0,0,0,0,0,0,0,0,0,0,0,Inseminate,-,0,21.02.20,21.06.17,659,11259,-,Male,-,719,Aug,20.08.23,Easy
6616,-,4,3,22.07.31,12,Female,0,22.08.03,Holstein,549,5,273,-,15.05.03,7.3,87.3,2658,4,Bred,1,22.05.11,33.2,220.4,1250,412,1511,1091,1355,1344,1245,1102,1250,412,0,0,645,1521,Inseminate,-,0,22.05.11,-,541,12635,-,-,-,273,Nov,21.11.12,Easy
6619,-,199,190,22.03.01,164,Female,0,21.10.22,Holstein,-,4,495,Yes,15.05.03,7.3,87.3,2658,199,"Cull, Not Pregnant",1,22.01.15,-,-,0,0,0,0,0,0,0,0,0,0,0,0,0,0,Inseminate,-,0,22.01.15,22.02.26,478,-,-,-,-,495,Apr,21.04.04,Hard
6620,-,199,190,22.03.31,134,Female,0,21.12.05,Holstein,-,3,683,Yes,15.05.04,7.3,87.3,2657,199,"Cull, Not Pregnant",1,21.12.04,-,-,0,0,0,0,0,0,0,0,0,0,0,0,0,0,Inseminate,-,0,21.12.04,-,710,11447,-,Male,-,683,Sep,20.09.28,Hard
6621,-,199,190,22.05.01,103,Female,0,22.01.10,Holstein,-,4,572,Yes,15.05.06,7.3,87.2,2655,199,"Cull, Not Pregnant",1,22.03.08,-,-,0,0,0,0,0,0,0,0,0,0,0,0,0,0,Inseminate,-,0,22.03.08,-,635,11816,-,Male,-,572,Jan,21.01.17,Hard
6622,-,190,99,22.08.07,5,Female,0,22.06.17,Holstein,-,5,345,Yes,15.05.07,7.3,87.2,2654,190,"Cull, Not Pregnant",1,22.08.07,-,-,0,0,0,0,0,0,0,0,0,0,0,0,0,0,Inseminate,-,0,22.08.07,-,566,2131,-,Female,-,345,Sep,21.09.01,-
6623,-,4,3,22.07.31,12,Female,0,22.06.29,Holstein,229,4,315,-,15.05.07,7.3,87.2,2654,4,Open,1,22.06.05,41.1,251.7,1396,460,1696,1321,1435,1513,1431,1428,1396,460,0,1419,1724,1745,Inseminate,-,0,22.06.05,-,548,2233,-,Female,-,315,Oct,21.10.01,Easy
6627,-,4,3,22.07.31,12,Female,0,22.07.29,Holstein,1110,5,220,-,15.05.08,7.3,87.2,2653,4,Bred,1,22.07.23,34.4,210.6,1236,380,1144,1364,1481,1389,1408,1231,1236,380,979,846,223,0,Inseminate,-,0,22.07.23,-,483,12752,-,Male,-,220,Jan,22.01.04,-
6628,-,75,50,22.07.23,20,Female,231,21.12.24,Holstein,4014,5,272,-,15.05.09,7.3,87.1,2652,75,"Pregnant, Dry",5,22.03.15,-,-,630,0,1242,1106,1244,1201,1162,1062,630,0,7,179,1033,1246,Conf. Step  Up,Yes,2,22.03.15,-,338,12536,-,Male,-,292,Oct,21.10.24,Easy
6630,-,199,190,22.05.01,103,Female,0,21.12.24,Holstein,-,4,582,Yes,15.05.11,7.3,87.1,2650,199,"Cull, Not Pregnant",1,22.02.18,-,-,0,0,0,0,0,0,0,0,0,0,0,0,0,0,Inseminate,-,0,22.02.18,22.02.23,628,-,-,-,-,582,Jan,21.01.07,Easy
6634,-,199,190,22.02.01,192,Female,0,20.09.27,Holstein,-,4,740,Yes,15.05.12,7.3,87,2649,199,"Cull, Not Pregnant",1,-,-,-,0,0,0,0,0,0,0,0,0,0,0,0,0,0,Inseminate,-,0,-,-,333,1124,-,Female,-,740,Aug,20.08.02,Easy
6635,-,199,190,22.03.01,164,Female,0,22.01.27,Holstein,-,5,360,Yes,15.05.13,7.2,87,2648,199,"Cull, Not Pregnant",3,21.12.23,-,-,0,0,0,0,0,0,0,0,0,0,0,0,0,0,2nd Pregn. Check,-,0,21.12.23,-,440,12242,-,Male,-,360,Aug,21.08.17,-
6636,-,5,4,22.07.31,12,Female,148,22.03.17,Holstein,4162,4,309,-,15.05.13,7.2,87,2648,5,Pregnant,4,22.06.20,30.7,188.2,1060,355,1259,1092,1206,1234,1242,1079,1060,355,0,857,1229,1169,Conf. Dry Off,Yes,2,22.06.20,-,438,2250,-,Female,-,309,Oct,21.10.07,-
6638,-,75,50,22.07.23,20,Female,239,21.12.16,Holstein,3952,5,322,-,15.05.15,7.2,86.9,2646,75,"Pregnant, Dry",5,22.03.07,-,-,431,0,1395,1117,1248,1246,1252,1059,431,0,1122,1344,1443,1460,Conf. Step  Up,Yes,2,22.03.07,-,380,12319,-,Male,-,342,Sep,21.09.04,-
6649,-,199,190,22.06.04,69,Female,0,22.01.12,Holstein,-,5,359,Yes,15.05.21,7.2,86.7,2640,199,"Cull, Not Pregnant",1,22.02.26,-,-,0,0,0,0,0,0,0,0,0,0,0,0,0,0,Inseminate,-,0,22.02.26,-,424,12243,-,Male,-,359,Aug,21.08.18,-
6656,-,4,3,22.07.31,12,Female,0,22.08.10,Holstein,6333,5,228,-,15.05.23,7.2,86.7,2638,4,Bred,1,22.06.18,32.8,195.2,1152,369,1532,1468,1624,1537,1470,1187,1152,369,612,269,0,172,Inseminate,-,0,22.06.18,-,503,2454,-,Female,-,228,Dec,21.12.27,-
6660,-,75,50,22.07.10,33,Female,229,21.12.26,Holstein,10591,5,425,-,15.05.24,7.2,86.6,2637,75,"Pregnant, Dry",5,22.03.21,-,-,64,0,990,842,859,696,615,466,64,0,1274,1238,1143,1061,Conf. Step  Up,Yes,2,22.03.21,-,506,12038,-,Male,-,458,May,21.05.11,Easy
6661,-,6,5,22.07.31,12,Female,0,22.07.27,Holstein,1845,4,397,-,15.05.24,7.2,86.6,2637,6,Bred,1,22.07.27,16,143.4,907,280,1272,1046,1126,1084,1121,1002,907,280,1262,1236,1345,1327,Inseminate,-,0,22.07.27,-,658,1913,-,Female,-,397,Jul,21.07.11,-
6663,-,199,190,22.02.01,192,Female,0,21.10.13,Holstein,-,3,667,Yes,15.05.25,7.2,86.6,2636,199,"Cull, Not Pregnant",1,21.11.20,-,-,0,0,0,0,0,0,0,0,0,0,0,0,0,0,Inseminate,-,0,21.11.20,-,641,1375,-,Female,-,667,Oct,20.10.14,Easy
6664,-,199,190,22.06.04,69,Female,0,22.03.31,Holstein,-,5,188,Yes,15.05.24,7.2,86.6,2637,199,"Cull, Not Pregnant",1,22.05.03,-,-,0,0,0,0,0,0,0,0,0,0,0,0,0,0,Inseminate,-,0,22.05.03,-,331,12828,-,Male,-,188,Feb,22.02.05,Easy
6667,-,5,4,22.07.31,12,Female,0,22.07.20,Holstein,1,4,338,-,15.05.26,7.2,86.6,2635,5,Bred (Aborted) ,1,22.03.07,35.7,205.6,1131,382,1401,1235,1310,1238,1232,1183,1131,382,771,1336,1426,1421,Inseminate,-,0,22.03.07,22.05.22,592,12363,-,Male,-,338,Sep,21.09.08,Easy
6669,-,7,6,22.07.20,23,Female,176,22.02.17,Holstein,7878,4,546,-,15.05.26,7.2,86.6,2635,7,Pregnant,4,22.05.16,14.7,94.2,625,186,876,727,729,825,794,734,625,186,1266,1195,962,990,Conf. Dry Off,Yes,2,22.05.16,-,647,1642,-,Female,-,546,Feb,21.02.12,-
6674,-,75,50,22.07.16,27,Female,246,21.12.09,Holstein,7513,5,289,-,15.05.29,7.2,86.5,2632,75,"Pregnant, Dry",5,22.02.28,-,-,257,0,1305,1084,1126,1059,1021,855,257,0,11,1214,1327,1378,Conf. Step  Up,Yes,2,22.02.28,-,347,12444,-,Male,-,316,Sep,21.09.30,-
6679,-,199,190,22.03.01,164,Female,0,21.03.25,Holstein,-,3,925,Yes,15.05.30,7.2,86.4,2631,199,"Cull, Not Pregnant",1,21.05.11,-,-,0,0,0,0,0,0,0,0,0,0,0,0,0,0,Inseminate,-,0,21.05.11,-,697,10785,-,Male,-,925,Jan,20.01.30,Hard
6684,-,199,190,22.02.01,192,Female,0,21.07.13,Holstein,-,4,671,Yes,15.06.01,7.2,86.4,2629,199,"Cull, Not Pregnant",1,21.04.30,-,-,0,0,0,0,0,0,0,0,0,0,0,0,0,0,Inseminate,-,0,21.04.30,21.06.13,553,1356,-,Female,-,671,Oct,20.10.10,Normal
6685,-,4,3,22.07.31,12,Female,0,22.07.15,Holstein,2307,5,228,-,15.06.02,7.2,86.3,2628,4,Bred,1,22.06.18,39.3,247.6,1448,463,1612,1490,1687,1536,1572,1462,1448,463,792,302,0,158,Inseminate,-,0,22.06.18,-,477,2450,-,Female,-,228,Dec,21.12.27,-
6692,-,2,22,22.07.31,12,Female,0,22.08.03,Holstein,749,5,95,-,15.06.03,7.2,86.3,2627,2,Bred,1,-,38.8,227.9,1307,431,268,0,0,0,847,1402,1307,431,872,728,639,596,Inseminate,-,0,-,-,363,2797,-,Female,-,95,May,22.05.09,Easy
6694,-,80,75,22.08.10,2,Female,253,21.12.02,Holstein,5790,5,297,-,15.06.04,7.2,86.3,2626,80,"Pregnant, Dry",5,22.02.21,-,-,122,0,1409,1142,1169,1014,974,756,122,0,403,1331,1322,1434,Conf. Step  Up,Yes,2,22.02.21,-,354,12394,-,Male,-,330,Sep,21.09.16,Easy
6700,-,1,40,22.08.10,2,Female,0,-,Holstein,1506,6,4,-,15.06.05,7.2,86.2,2625,1,Fresh,0,-,30.1,76.2,0,76,1398,1218,1232,1096,1071,169,0,76,1563,1578,1497,1498,Report Heat,-,0,-,-,-,3019,-,Female,-,4,Aug,22.08.08,-
6709,-,199,190,22.06.04,69,Female,0,-,Holstein,-,6,96,Yes,15.06.07,7.2,86.2,2623,199,"Cull, Not Pregnant",1,-,-,-,0,0,0,0,0,0,0,0,0,0,0,0,0,0,Inseminate,-,0,-,-,-,-,-,-,-,96,May,22.05.08,Easy
6710,-,5,4,22.07.31,12,Female,134,22.03.31,Holstein,969,5,305,-,15.06.07,7.2,86.2,2623,5,Pregnant,4,22.06.20,25.9,202.1,1193,385,1686,1539,1668,1579,1467,1223,1193,385,0,849,1773,1655,Conf. Dry Off,Yes,2,22.06.20,-,448,12482,-,Male,-,305,Oct,21.10.11,Easy
6711,-,199,190,22.02.01,192,Female,0,-,Holstein,-,5,307,Yes,15.06.07,7.2,86.2,2623,199,"Cull, Not Pregnant",1,-,-,-,0,0,0,0,0,0,0,0,0,0,0,0,0,0,Inseminate,-,0,-,-,-,2255,-,Female,-,307,Oct,21.10.09,-
6715,-,75,50,22.08.02,10,Female,229,21.12.26,Holstein,7497,5,318,-,15.06.11,7.2,86,2619,75,"Pregnant, Dry",5,22.03.21,-,-,808,9,1349,1190,1246,1144,1096,1008,808,9,478,1429,1411,1419,Conf. Step  Up,Yes,2,22.03.21,-,376,2196,-,Female,-,328,Sep,21.09.18,-
6729,-,5,4,22.07.31,12,Female,156,22.03.09,Holstein,15092,4,256,-,15.06.15,7.2,85.9,2615,5,Pregnant,4,22.05.30,23.6,139.4,888,256,1242,1070,1122,1091,1081,962,888,256,233,0,24,1046,Conf. Dry Off,Yes,2,22.05.30,-,377,2385,-,Female,-,256,Nov,21.11.29,-
6733,-,22,1,22.08.01,11,Female,0,-,Holstein,752,5,38,-,15.06.17,7.2,85.8,2613,22,Fresh,0,-,52.4,301.2,899,520,111,0,0,0,0,0,899,520,876,697,467,329,Report Heat,-,0,-,-,-,-,-,-,-,38,Jul,22.07.05,Hard
6735,-,6,5,22.07.31,12,Female,148,22.03.17,Holstein,1812,5,328,-,15.06.19,7.1,85.8,2611,6,Pregnant,4,22.06.20,24.9,148.4,839,271,1410,1217,1340,1115,1103,960,839,271,425,1446,1392,1390,Conf. Dry Off,Yes,2,22.06.20,-,457,2197,-,Female,-,328,Sep,21.09.18,-
6739,-,6,5,22.07.31,12,Female,166,22.02.27,Holstein,901,5,359,-,15.06.20,7.1,85.7,2610,6,Pregnant,4,22.05.30,26.7,164.1,984,308,1281,1124,1269,1180,1218,1085,984,308,1405,1381,1353,1442,Conf. Dry Off,Yes,2,22.05.30,-,470,2076,2077,Female,Female,359,Aug,21.08.18,-
6747,-,5,4,22.07.31,12,Female,0,22.07.18,Holstein,15662,4,309,-,15.06.23,7.1,85.7,2607,5,Bred,1,-,36.7,206.9,1132,386,1515,1312,1321,1298,1367,1251,1132,386,0,1017,1407,1531,Inseminate,-,0,-,-,561,12471,-,Male,-,309,Oct,21.10.07,-
6749,-,4,3,22.07.31,12,Female,190,22.02.03,Holstein,4775,4,271,-,15.06.24,7.1,85.6,2606,4,Pregnant,4,22.05.02,26.5,161.8,978,300,1435,1130,954,1075,1127,1026,978,300,239,0,457,1448,Conf. Dry Off,Yes,2,22.05.02,-,358,2356,-,Female,-,271,Nov,21.11.14,Easy
6750,-,5,1,22.08.08,4,Female,0,22.07.13,Holstein,14945,5,282,-,15.06.24,7.1,85.6,2606,5,Bred,1,22.05.14,29.7,164.1,935,278,1661,1450,1566,1416,1319,1018,935,278,162,0,1127,1707,Inseminate,-,0,22.05.14,-,529,12576,12575,Male,Male,282,Nov,21.11.03,-
6755,-,4,3,22.07.31,12,Female,0,22.05.30,Holstein,386,5,230,-,15.06.25,7.1,85.6,2605,4,Pregnant (1st Preg Check),3,22.07.11,44.4,267.8,1508,494,1438,1550,1611,1480,1529,1511,1508,494,931,534,0,177,2nd Pregn. Check,-,1,22.07.11,-,433,2443,-,Female,-,230,Dec,21.12.25,Easy
6760,-,7,6,22.07.20,23,Female,189,22.02.04,Holstein,928,5,365,-,15.06.28,7.1,85.5,2602,7,Pregnant,4,22.05.02,16.2,97.3,626,195,876,757,822,775,712,656,626,195,1173,1126,905,966,Conf. Dry Off,Yes,2,22.05.02,-,453,12209,-,Male,-,365,Aug,21.08.12,-
6762,-,22,1,22.08.01,11,Female,0,-,Holstein,5666,6,30,-,15.06.28,7.1,85.5,2602,22,Fresh,0,-,49.2,316.1,916,578,302,0,0,0,0,0,916,578,1466,1389,1140,828,Report Heat,-,0,-,-,-,13304,-,Male,-,30,Jul,22.07.13,-
6767,-,4,3,22.07.31,12,Female,0,22.07.29,Holstein,2650,5,273,-,15.06.29,7.1,85.5,2601,4,Bred,1,22.04.19,40.4,219.3,1353,423,1701,1544,1606,1532,1482,1385,1353,423,448,0,726,1675,Inseminate,-,0,22.04.19,-,536,-,-,-,-,273,Nov,21.11.12,-
6773,-,6,5,22.07.31,12,Female,0,22.08.08,Holstein,9,5,253,-,15.06.30,7.1,85.4,2600,6,Bred,1,22.07.22,23,112.2,939,227,1450,1236,1313,1095,1067,1040,939,227,774,140,0,1019,Inseminate,-,0,22.07.22,-,526,2395,-,Female,-,253,Dec,21.12.02,Hard
6781,-,3,2,22.07.31,12,Female,0,22.08.04,Holstein,74,5,179,-,15.07.03,7.1,85.3,2597,3,Bred,1,22.07.11,41,239.4,1383,441,0,599,1523,1599,1522,1420,1383,441,945,892,798,249,Inseminate,-,0,22.07.11,-,448,12849,-,Male,-,179,Feb,22.02.14,-
6785,-,4,5,22.08.10,2,Female,147,22.03.18,Holstein,14605,5,345,-,15.07.05,7.1,85.3,2595,4,Pregnant,4,22.06.20,37.4,216.9,1230,409,1259,1195,1440,1367,1346,1284,1230,409,1334,1608,1566,1323,Conf. Dry Off,Yes,2,22.06.20,-,475,12306,-,Male,-,345,Sep,21.09.01,Easy
6787,-,3,2,22.07.31,12,Female,0,22.07.17,Holstein,7506,5,183,-,15.07.05,7.1,85.3,2595,3,Bred,1,22.07.17,51.7,297,1626,529,0,619,1571,1690,1664,1594,1626,529,1474,1314,942,209,Inseminate,-,0,22.07.17,-,434,2595,-,Female,-,183,Feb,22.02.10,-
6793,-,199,190,22.03.31,134,Female,0,22.03.20,Holstein,-,6,197,Yes,15.07.07,7.1,85.2,2593,199,"Cull, Not Pregnant",3,-,-,-,0,0,0,0,0,0,0,0,0,0,0,0,0,0,2nd Pregn. Check,-,0,-,-,329,2548,-,Female,-,197,Jan,22.01.27,-
6796,-,5,4,22.07.31,12,Female,0,22.08.03,Holstein,2086,5,263,-,15.07.09,7.1,85.1,2591,5,Bred,1,22.07.14,31.9,198.9,1094,366,1181,1046,1158,1172,1174,1111,1094,366,442,0,202,1149,Inseminate,-,0,22.07.14,-,531,12636,-,Male,-,263,Nov,21.11.22,Hard
6797,-,22,1,22.08.01,11,Female,0,-,Holstein,2954,6,38,-,15.07.09,7.1,85.1,2591,22,Fresh,0,-,55,342.3,1268,620,1032,822,817,483,0,0,1268,620,1461,1364,1222,1150,Report Heat,-,0,-,-,-,13246,-,Male,-,38,Jul,22.07.05,Hard
6802,-,3,2,22.07.31,12,Female,0,22.08.01,Holstein,788,4,155,-,15.07.13,7.1,85,2587,3,Bred,1,22.07.30,28.7,169.6,988,326,321,0,852,1587,1696,1369,988,326,1427,1391,1270,1209,Inseminate,-,0,22.07.30,-,421,2653,-,Female,-,155,Mar,22.03.10,Easy
6804,-,5,4,22.07.31,12,Female,158,22.03.07,Holstein,4609,5,269,-,15.07.13,7.1,85,2587,5,Pregnant,4,22.05.30,31.5,193.7,1038,346,1319,1071,1161,1160,1170,1072,1038,346,405,0,517,1448,Conf. Dry Off,Yes,2,22.05.30,-,388,12616,-,Male,-,269,Nov,21.11.16,-
6806,-,4,3,22.07.31,12,Female,140,22.03.25,Holstein,9147,5,219,-,15.07.15,7.1,84.9,2585,4,Pregnant,4,22.06.20,39.3,208.1,1282,388,1122,1517,1588,1511,1487,1314,1282,388,825,736,190,0,Conf. Dry Off,Yes,2,22.06.20,-,356,2477,-,Female,-,219,Jan,22.01.05,-
6812,-,5,4,22.07.31,12,Female,0,22.07.27,Holstein,14909,4,293,-,15.07.18,7.1,84.8,2582,5,Bred,1,22.06.27,30.5,187.4,1096,344,1363,1218,1226,1194,1123,1105,1096,344,0,204,1132,1469,Inseminate,-,0,22.06.27,-,554,2307,-,Female,-,293,Oct,21.10.23,-
6820,-,6,5,22.07.31,12,Female,0,22.06.21,Holstein,14037,5,298,-,15.07.21,7.1,84.7,2579,6,Pregnant (1st Preg Check),3,22.07.30,27.4,151.8,918,284,1427,1115,949,1083,1116,966,918,284,44,449,1373,1474,2nd Pregn. Check,-,1,22.07.30,-,523,12549,12550,Male,Male,298,Oct,21.10.18,Easy
6827,-,5,4,22.07.31,12,Female,127,22.04.07,Holstein,5458,4,397,-,15.07.22,7.1,84.7,2578,5,Pregnant,4,22.07.02,33.8,203,1090,374,1414,1216,1306,1226,1234,1125,1090,374,1508,1500,1410,1452,Conf. Dry Off,Yes,2,22.07.02,-,547,12116,-,Male,-,397,Jul,21.07.11,-
6830,-,5,4,22.07.31,12,Female,0,22.06.05,Holstein,429,5,258,-,15.07.23,7.1,84.7,2577,5,Pregnant (1st Preg Check),3,22.07.14,34.4,197.4,1126,369,1449,1192,1330,1221,1250,1157,1126,369,828,176,110,1374,2nd Pregn. Check,-,1,22.07.14,-,467,2378,-,Female,-,258,Nov,21.11.27,-
6837,-,80,75,22.07.16,27,Female,276,21.11.09,Holstein,2924,4,476,-,15.07.25,7,84.6,2575,80,"Pregnant, Dry",5,22.01.23,-,-,0,0,422,0,0,0,0,0,0,0,803,820,749,624,Conf. Step  Up,Yes,2,22.01.23,21.08.07,670,11501,-,Male,-,669,Oct,20.10.12,-
6842,-,7,6,22.06.19,54,Female,165,22.02.28,Holstein,484,5,376,-,15.07.25,7,84.6,2575,7,Pregnant,4,22.05.30,11.2,72.4,443,141,1049,819,838,748,678,555,443,141,1524,1430,1254,1099,Conf. Dry Off,Yes,2,22.05.30,-,488,12157,-,Male,-,376,Aug,21.08.01,-
6844,-,5,4,22.07.31,12,Female,0,22.06.24,Holstein,4512,5,314,-,15.07.26,7,84.6,2574,5,Open,1,22.07.30,34.9,194.1,1116,343,1469,1274,1327,1253,1289,1198,1116,343,0,1411,1670,1531,Inseminate,-,0,22.07.30,-,542,12451,-,Male,-,314,Oct,21.10.02,-
6846,-,6,5,22.07.31,12,Female,0,22.06.20,Holstein,10712,4,651,-,15.07.27,7,84.5,2573,6,Open,1,22.06.20,22.4,126.7,705,237,873,727,753,795,772,712,705,237,1084,1036,935,831,Inseminate,-,0,22.06.20,-,875,11573,-,Male,-,651,Oct,20.10.30,-
6850,-,199,190,22.03.01,164,Female,0,-,Holstein,-,5,250,Yes,15.07.28,7,84.5,2572,199,"Cull, Not Pregnant",1,-,-,-,0,0,0,0,0,0,0,0,0,0,0,0,0,0,Inseminate,-,0,-,-,-,12677,-,Male,-,250,Dec,21.12.05,Easy
6852,-,199,190,22.05.01,103,Female,0,22.01.29,Holstein,-,4,613,Yes,15.07.29,7,84.5,2571,199,"Cull, Not Pregnant",1,22.03.22,-,-,0,0,0,0,0,0,0,0,0,0,0,0,0,0,Inseminate,-,0,22.03.22,-,695,11682,-,Male,-,613,Dec,20.12.07,Easy
6853,-,199,190,22.02.01,192,Female,0,-,Holstein,-,5,241,Yes,15.07.29,7,84.5,2571,199,"Cull, Not Pregnant",1,-,-,-,0,0,0,0,0,0,0,0,0,0,0,0,0,0,Inseminate,-,0,-,-,-,12699,-,Male,-,241,Dec,21.12.14,Normal
6854,-,5,4,22.07.31,12,Female,0,22.07.20,Holstein,89,5,268,-,15.07.29,7,84.5,2571,5,Bred,1,-,29.7,182.3,980,335,1454,1166,1219,1183,1157,1011,980,335,239,0,519,1380,Inseminate,-,0,-,-,522,12620,-,Male,-,268,Nov,21.11.17,-
6856,-,2,22,22.07.31,12,Female,0,-,Holstein,14459,6,72,-,15.07.29,7,84.5,2571,2,Fresh,1,-,44.5,261,1412,479,1019,756,863,167,0,1166,1412,479,1358,1302,1158,1086,Inseminate,-,0,-,-,-,13146,-,Male,-,72,Jun,22.06.01,-
6858,-,75,50,22.07.23,20,Female,212,22.01.12,Holstein,9776,4,534,-,15.07.30,7,84.4,2570,75,"Pregnant, Dry",5,22.04.04,-,-,73,0,865,686,578,477,377,226,73,0,1175,1146,1097,996,Conf. Step  Up,Yes,2,22.04.04,-,619,11844,-,Male,-,554,Feb,21.02.04,-
6859,-,199,190,22.02.01,192,Female,0,21.11.15,Holstein,-,3,626,Yes,15.07.30,7,84.4,2570,199,"Cull, Not Pregnant",1,22.01.13,-,-,0,0,0,0,0,0,0,0,0,0,0,0,0,0,Inseminate,-,0,22.01.13,22.01.15,633,11657,-,Male,-,626,Nov,20.11.24,Hard
6860,-,5,4,22.07.31,12,Female,0,22.07.27,Holstein,14312,4,302,-,15.07.13,7.1,85,2587,5,Bred,1,22.07.27,34.7,200.2,1097,376,1483,1318,1349,1368,1370,1225,1097,376,0,476,1138,1468,Inseminate,-,0,22.07.27,-,563,12490,-,Male,-,302,Oct,21.10.14,-
6867,-,4,3,22.07.31,12,Female,0,22.08.10,Holstein,9814,5,212,-,15.08.01,7,84.4,2568,4,Bred,1,22.07.23,38.5,219.1,1262,391,651,1272,1433,1406,1428,1308,1262,391,818,619,138,0,Inseminate,-,0,22.07.23,-,487,12774,-,Male,-,212,Jan,22.01.12,Easy
6870,-,5,4,22.07.31,12,Female,180,22.02.13,Holstein,10767,5,344,-,15.08.03,7,84.3,2566,5,Pregnant,4,22.05.16,29.4,190.1,1178,360,1555,1206,1255,1318,1341,1284,1178,360,1291,1572,1519,1594,Conf. Dry Off,Yes,2,22.05.16,-,441,-,-,-,-,344,Sep,21.09.02,Easy
6875,-,4,3,22.07.31,12,Female,115,22.04.19,Holstein,907,5,276,-,15.08.05,7,84.2,2564,4,Pregnant,4,22.07.16,37.9,234.2,1371,411,1668,1490,1734,1610,1614,1425,1371,411,332,0,801,1629,Conf. Dry Off,Yes,2,22.07.16,-,438,12592,-,Male,-,276,Nov,21.11.09,Easy
6876,-,3,2,22.07.31,12,Female,0,22.07.16,Holstein,599,5,188,-,15.08.05,7,84.2,2564,3,Bred,1,-,44,272.4,1495,483,0,845,1521,1619,1632,1494,1495,483,229,0,0,0,Inseminate,-,0,-,-,438,2576,-,Female,-,188,Feb,22.02.05,Easy
6877,-,7,6,22.04.12,122,Female,149,22.03.16,Holstein,1512,4,554,-,15.08.06,7,84.2,2563,7,Pregnant,4,22.06.20,14.1,75.1,417,143,767,639,577,438,389,380,417,143,1125,1080,997,785,Conf. Dry Off,Yes,2,22.06.20,-,682,11846,-,Male,-,554,Feb,21.02.04,Easy
6881,-,1,80,22.08.01,11,Female,0,-,Holstein,14384,5,12,-,15.08.07,7,84.2,2562,1,Fresh,0,-,48.5,279.7,0,415,1170,1009,1026,910,553,0,0,415,1505,1431,1305,1259,Report Heat,-,0,-,-,-,13336,-,Male,-,12,Jul,22.07.31,-
6887,-,1,80,22.08.03,9,Female,0,-,Holstein,340,6,9,-,15.08.08,7,84.1,2561,1,Fresh,0,-,44.9,266.8,0,357,1153,1021,1136,1083,1052,62,0,357,1440,1456,1329,1241,Report Heat,-,0,-,-,-,13344,-,Male,-,9,Aug,22.08.03,-
6889,-,7,6,22.07.20,23,Female,173,22.02.20,Holstein,3518,4,526,-,15.08.08,7,84.1,2561,7,Pregnant,4,22.05.16,12.6,81.1,604,160,1074,939,1008,909,831,711,604,160,1213,1156,1115,1078,Conf. Dry Off,Yes,2,22.05.16,-,630,11887,11891,Male,Male,526,Mar,21.03.04,-
6891,-,4,3,22.07.31,12,Female,152,22.03.13,Holstein,2513,5,261,-,15.08.08,7,84.1,2561,4,Pregnant,4,22.06.20,35.6,211.1,1256,406,1449,1248,1289,1346,1353,1296,1256,406,756,32,181,1351,Conf. Dry Off,Yes,2,22.06.20,-,386,2375,-,Female,-,261,Nov,21.11.24,-
6892,-,6,5,22.07.31,12,Female,0,22.07.06,Holstein,10668,5,286,-,15.08.08,7,84.1,2561,6,Bred,2,22.05.19,13.1,106.6,726,196,1288,654,825,791,849,884,726,196,8,20,1153,1333,Pregn. Check,-,0,22.05.19,-,526,12562,-,Male,-,286,Oct,21.10.30,-
6897,-,5,4,22.07.31,12,Female,177,22.02.16,Holstein,9973,5,335,-,15.08.10,7,84.1,2559,5,Pregnant,4,22.05.16,31.7,197.8,1102,363,1523,1311,1383,1318,1281,1181,1102,363,865,1669,1603,1575,Conf. Dry Off,Yes,2,22.05.16,-,435,12371,-,Male,-,335,Sep,21.09.11,-
6900,-,2,22,22.07.31,12,Female,0,22.08.10,Holstein,5069,6,62,-,15.08.11,7,84,2558,2,Bred,1,-,39.5,241.8,1290,440,768,622,328,0,0,622,1290,440,1015,879,792,793,Inseminate,-,0,-,-,337,2859,-,Female,-,62,Jun,22.06.11,Easy
6906,-,3,2,22.07.31,12,Female,0,22.07.21,Holstein,6878,5,150,-,15.08.12,7,84,2557,3,Bred,1,22.07.11,43.9,254.9,1475,472,171,0,615,1652,1737,1595,1475,472,1054,1063,449,650,Inseminate,-,0,22.07.11,-,405,2666,-,Female,-,150,Mar,22.03.15,Easy
6907,-,3,2,22.07.31,12,Female,0,22.07.31,Holstein,3981,5,166,-,15.08.13,7,84,2556,3,Bred,1,22.07.30,31.7,207,1167,383,0,28,1073,1267,1355,1262,1167,383,1227,1238,1078,840,Inseminate,-,0,22.07.30,-,431,12885,-,Male,-,166,Feb,22.02.27,Hard
6908,-,5,4,22.07.31,12,Female,157,22.03.08,Holstein,5392,5,302,-,15.08.13,7,84,2556,5,Pregnant,4,22.05.30,22,176.2,1062,332,1288,1147,1279,1245,1224,1124,1062,332,0,763,1408,1174,Conf. Dry Off,Yes,2,22.05.30,-,422,12492,-,Male,-,302,Oct,21.10.14,-
6911,-,4,3,22.07.31,12,Female,0,22.07.30,Holstein,1958,4,291,-,15.08.13,7,84,2556,4,Bred,1,22.06.08,35.1,215.4,1229,415,1397,1261,1422,1378,1352,1206,1229,415,154,145,1232,1336,Inseminate,-,0,22.06.08,-,555,2312,-,Female,-,291,Oct,21.10.25,Easy
6915,-,199,190,22.03.31,134,Female,0,21.07.25,Holstein,-,2,995,Yes,15.08.14,7,83.9,2555,199,"Cull, Not Pregnant",1,21.07.25,-,-,0,0,0,0,0,0,0,0,0,0,0,0,0,0,Inseminate,-,0,21.07.25,-,889,10585,-,Male,-,995,Nov,19.11.21,Easy
6917,-,80,75,22.08.10,2,Female,252,21.12.03,Holstein,1027,4,339,-,15.08.15,7,83.9,2554,80,"Pregnant, Dry",5,22.02.21,-,-,198,0,857,808,781,939,1027,974,198,0,1154,1360,1357,1126,Conf. Step  Up,Yes,2,22.02.21,-,397,12174,-,Male,-,372,Aug,21.08.05,-
6919,-,4,3,22.07.31,12,Female,0,22.07.05,Holstein,8142,5,302,-,15.08.16,7,83.9,2553,4,Bred,2,22.07.05,39.9,227.3,1283,427,1426,1141,1305,1340,1376,1297,1283,427,11,552,1498,1591,Pregn. Check,-,0,22.07.05,-,541,2277,-,Female,-,302,Oct,21.10.14,Hard
6923,-,70,6,22.08.11,1,Female,0,22.07.06,Holstein,5707,4,317,-,15.08.16,7,83.9,2553,70,Open,1,22.06.27,14.6,74.3,697,166,1484,1209,1270,1148,1046,926,697,166,30,1464,1549,1480,Inseminate,-,0,22.06.27,-,557,12439,-,Male,-,317,Sep,21.09.29,-
6924,-,7,5,22.08.10,2,Female,194,22.01.30,Holstein,1661,5,330,-,15.08.16,7,83.9,2553,7,Pregnant,4,22.05.16,14.4,143.8,1013,286,1425,1203,1324,1102,946,898,1013,286,547,1510,1494,1484,Conf. Dry Off,Yes,2,22.05.16,-,413,12389,-,Male,-,330,Sep,21.09.16,Easy
6925,-,3,2,22.07.31,12,Female,135,22.03.30,Holstein,5174,5,190,-,15.08.16,7,83.9,2553,3,Pregnant,4,22.06.20,37.2,218.9,1333,397,0,784,1454,1451,1447,1293,1333,397,1140,1012,842,27,Conf. Dry Off,Yes,2,22.06.20,-,332,-,-,-,-,190,Feb,22.02.03,Normal
6926,-,4,3,22.07.31,12,Female,0,22.06.19,Holstein,4310,5,271,-,15.08.16,7,83.9,2553,4,Pregnant (1st Preg Check),3,22.07.30,33.7,195.1,1142,364,1605,1325,1483,1383,1282,1214,1142,364,0,0,750,1766,2nd Pregn. Check,-,1,22.07.30,-,494,12614,-,Male,-,271,Nov,21.11.14,Easy
6927,-,3,2,22.07.31,12,Female,116,22.04.18,Holstein,1304,5,184,-,15.08.17,7,83.8,2552,3,Pregnant,4,22.07.16,40.8,272.5,1633,521,0,867,1732,1768,1762,1653,1633,521,1310,1199,1010,338,Conf. Dry Off,Yes,2,22.07.16,-,345,2590,-,Female,-,184,Feb,22.02.09,-
6929,-,199,190,22.08.02,10,Female,0,22.06.29,Holstein,-,4,498,Yes,15.08.18,7,83.8,2551,199,"Cull, Not Pregnant",2,22.06.18,-,-,0,0,0,0,0,0,0,0,0,0,0,0,0,0,Pregn. Check,-,0,22.06.18,-,731,1726,-,Female,-,498,Apr,21.04.01,Easy
6934,-,199,190,22.03.01,164,Female,0,22.02.26,Holstein,-,4,717,Yes,15.08.18,7,83.8,2551,199,"Cull, Not Pregnant",3,21.02.14,-,-,0,0,0,0,0,0,0,0,0,0,0,0,0,0,2nd Pregn. Check,-,0,21.02.14,-,827,11268,-,Male,-,717,Aug,20.08.25,Easy
6935,-,80,75,22.08.10,2,Female,250,21.12.05,Holstein,2877,3,505,-,15.08.18,7,83.8,2551,80,"Pregnant, Dry",5,22.02.28,-,-,0,0,702,577,615,299,0,0,0,0,742,1001,945,801,Conf. Step  Up,Yes,2,22.02.28,-,642,1493,-,Female,-,615,Dec,20.12.05,Normal
6936,-,5,4,22.07.31,12,Female,0,22.03.04,Holstein,671,4,341,-,15.08.18,7,83.8,2551,5,Aborted,1,22.05.30,39.5,197.5,1319,346,1355,1293,1430,1430,1423,1366,1319,346,1030,1610,1500,1467,Inseminate,-,0,22.05.30,22.08.09,457,2152,-,Female,-,341,Sep,21.09.05,-
6938,-,6,5,22.07.31,12,Female,0,22.08.02,Holstein,7608,5,263,-,15.08.18,7,83.8,2551,6,Bred,1,22.07.30,26.4,142.5,836,273,1288,1120,1113,1050,1029,798,836,273,0,0,213,1104,Inseminate,-,0,22.07.30,-,530,-,-,-,-,263,Nov,21.11.22,Hard
6945,-,4,3,22.07.31,12,Female,0,22.07.19,Holstein,7003,4,237,-,15.08.20,7,83.7,2549,4,Bred,1,22.07.14,39.3,276.9,1578,517,1715,1563,1705,1675,1641,1566,1578,517,989,430,0,529,Inseminate,-,0,22.07.14,-,490,12707,-,Male,-,237,Dec,21.12.18,Easy
6947,-,7,6,22.04.12,122,Female,155,22.03.10,Holstein,2078,4,505,-,15.08.20,7,83.7,2549,7,Pregnant,4,22.05.30,11.3,61.4,372,117,1007,747,642,439,398,368,372,117,1259,1274,1193,1093,Conf. Dry Off,Yes,2,22.05.30,-,627,11931,-,Male,-,505,Mar,21.03.25,Easy
6948,-,3,1,22.08.08,4,Female,0,22.07.05,Holstein,650,5,216,-,15.08.21,7,83.7,2548,3,Bred,2,-,17.5,115.6,729,214,1007,1155,1637,1512,1441,1340,729,214,747,587,44,0,Pregn. Check,-,0,-,-,455,12760,-,Male,-,216,Jan,22.01.08,-
6954,-,199,190,22.03.31,134,Female,0,21.10.13,Holstein,-,3,846,Yes,15.08.22,7,83.7,2547,199,"Cull, Not Pregnant",1,21.02.20,-,-,0,0,0,0,0,0,0,0,0,0,0,0,0,0,Inseminate,-,0,21.02.20,21.05.21,820,10922,-,Male,-,846,Apr,20.04.18,-
6956,-,199,190,22.05.01,103,Female,0,-,Holstein,-,5,157,Yes,15.08.22,7,83.7,2547,199,"Cull, Not Pregnant",1,-,-,-,0,0,0,0,0,0,0,0,0,0,0,0,0,0,Inseminate,-,0,-,-,-,12918,-,Male,-,157,Mar,22.03.08,-
6960,-,50,7,22.08.11,1,Female,214,22.01.10,Holstein,1650,5,265,-,15.08.23,7,83.6,2546,50,Pregnant,4,22.04.04,24.4,161,1089,320,1395,1249,1388,1389,1305,1188,1089,320,904,29,316,1127,Conf. Dry Off,Yes,2,22.04.04,-,328,2368,-,Female,-,265,Nov,21.11.20,-
6961,-,199,190,22.03.31,134,Female,0,-,Holstein,-,5,342,Yes,15.08.23,7,83.6,2546,199,"Cull, Not Pregnant",1,-,-,-,0,0,0,0,0,0,0,0,0,0,0,0,0,0,Inseminate,-,0,-,-,-,2146,-,Female,-,342,Sep,21.09.04,-
6963,-,75,50,22.07.23,20,Female,232,21.12.23,Holstein,8198,5,334,-,15.08.24,7,83.6,2545,75,"Pregnant, Dry",5,22.03.15,-,-,447,0,1330,1160,1172,1004,892,718,447,0,1473,1556,1499,1522,Conf. Step  Up,Yes,2,22.03.15,-,399,2092,-,Female,-,354,Aug,21.08.23,-
6971,-,4,3,22.07.31,12,Female,0,22.07.27,Holstein,5662,5,268,-,15.08.26,7,83.5,2543,4,Bred,1,22.07.07,30.7,182.3,1158,358,1434,1180,1387,1340,1328,1197,1158,358,380,0,493,1497,Inseminate,-,0,22.07.07,-,529,2364,-,Female,-,268,Nov,21.11.17,Hard
6973,-,199,190,22.05.01,103,Female,0,22.03.02,Holstein,-,4,477,Yes,15.08.26,7,83.5,2543,199,"Cull, Not Pregnant",1,21.12.23,-,-,0,0,0,0,0,0,0,0,0,0,0,0,0,0,Inseminate,-,0,21.12.23,-,591,12007,-,Male,-,477,Apr,21.04.22,Easy
6974,-,199,190,22.07.02,41,Female,0,22.05.03,Holstein,-,5,265,Yes,15.08.26,7,83.5,2543,199,"Cull, Not Pregnant",3,22.04.11,-,-,0,0,0,0,0,0,0,0,0,0,0,0,0,0,2nd Pregn. Check,-,0,22.04.11,-,441,12632,-,Male,-,265,Nov,21.11.20,Hard
6975,-,199,190,22.08.02,10,Female,0,21.11.28,Holstein,-,4,339,Yes,15.08.26,7,83.5,2543,199,"Cull, Not Pregnant",1,22.02.21,-,-,0,0,0,0,0,0,0,0,0,0,0,0,0,0,Inseminate,-,0,22.02.21,22.07.03,359,12343,-,Male,-,339,Sep,21.09.07,Easy
6981,-,199,190,22.06.04,69,Female,0,22.03.25,Holstein,-,3,456,Yes,15.08.28,7,83.5,2541,199,"Cull, Not Pregnant",1,22.05.11,-,-,0,0,0,0,0,0,0,0,0,0,0,0,0,0,Inseminate,-,0,22.05.11,-,593,1813,-,Female,-,456,May,21.05.13,Easy
6983,-,3,2,22.07.31,12,Female,0,22.07.05,Holstein,394,4,169,-,15.08.29,7,83.4,2540,3,Bred,2,-,41.1,261.4,1464,468,0,136,1430,1501,1458,1443,1464,468,609,356,0,0,Pregn. Check,-,0,-,-,408,12878,-,Male,-,169,Feb,22.02.24,-
6984,-,199,190,22.03.01,164,Female,0,21.05.26,Holstein,-,4,580,Yes,15.08.30,7,83.4,2539,199,"Cull, Not Pregnant",1,21.08.16,-,-,0,0,0,0,0,0,0,0,0,0,0,0,0,0,Inseminate,-,0,21.08.16,22.02.01,414,1571,-,Female,-,580,Jan,21.01.09,Easy
6986,-,199,190,22.03.01,164,Female,0,21.11.20,Holstein,-,4,601,Yes,15.08.30,7,83.4,2539,199,"Cull, Not Pregnant",1,21.12.27,-,-,0,0,0,0,0,0,0,0,0,0,0,0,0,0,Inseminate,-,0,21.12.27,-,613,11719,-,Male,-,601,Dec,20.12.19,Easy
6989,-,75,50,22.08.11,1,Female,222,22.01.02,Holstein,833,4,420,-,15.08.31,6.9,83.4,2538,75,"Pregnant, Dry",5,22.03.30,13.3,90.3,973,224,1180,1048,1117,1054,1105,1074,973,224,1255,991,939,1098,Conf. Step  Up,Yes,2,22.03.30,-,476,1873,-,Female,-,421,Jun,21.06.17,Easy
6998,-,7,6,22.07.20,23,Female,186,22.02.07,Holstein,1711,5,263,-,15.09.02,6.9,83.3,2536,7,Pregnant,4,22.05.02,19,118.2,651,215,1339,1127,1174,1144,1126,835,651,215,205,0,251,1303,Conf. Dry Off,Yes,2,22.05.02,-,354,2372,-,Female,-,263,Nov,21.11.22,Easy
7001,-,5,4,22.07.31,12,Female,0,22.07.28,Holstein,4855,5,352,-,15.09.02,6.9,83.3,2536,5,Bred,1,22.07.23,28.2,166,993,312,1698,1386,1496,1235,1069,1084,993,312,1465,1659,1729,1737,Inseminate,-,0,22.07.23,-,614,12270,-,Male,-,352,Aug,21.08.25,-
7002,-,5,4,22.07.31,12,Female,127,22.04.07,Holstein,7400,5,325,-,15.09.03,6.9,83.3,2535,5,Pregnant,4,22.07.02,35.3,205.9,1152,383,1659,1335,1446,1206,1229,1194,1152,383,365,1600,1697,1706,Conf. Dry Off,Yes,2,22.07.02,-,475,12409,-,Male,-,325,Sep,21.09.21,Easy
7003,-,199,190,22.05.01,103,Female,0,21.12.14,Holstein,-,4,642,Yes,15.09.03,6.9,83.3,2535,199,"Cull, Not Pregnant",1,22.01.26,-,-,0,0,0,0,0,0,0,0,0,0,0,0,0,0,Inseminate,-,0,22.01.26,-,678,-,-,-,-,642,Nov,20.11.08,-
7005,-,6,5,22.07.31,12,Female,192,22.02.01,Holstein,2151,4,488,-,15.09.04,6.9,83.3,2534,6,Pregnant,4,22.05.02,25.1,152.2,879,279,1118,1036,1108,1006,993,913,879,279,1364,1224,1101,1188,Conf. Dry Off,Yes,2,22.05.02,-,573,1743,-,Female,-,488,Apr,21.04.11,Easy
7010,-,75,50,22.05.16,88,Female,190,22.02.03,Holstein,11863,4,500,-,15.09.05,6.9,83.2,2533,75,"Pregnant, Dry",5,22.05.02,-,-,0,0,762,579,440,242,87,0,0,0,1061,1024,939,779,Conf. Step  Up,Yes,2,22.05.02,-,675,1555,-,Female,-,588,Jan,21.01.01,-
7013,-,5,4,22.07.31,12,Female,0,22.08.02,Holstein,1427,4,298,-,15.09.06,6.9,83.2,2532,5,Bred,1,22.05.19,33,171.2,897,336,1583,1398,1480,1341,1257,1162,897,336,0,442,1483,1560,Inseminate,-,0,22.05.19,-,565,12511,-,Female,-,298,Oct,21.10.18,Easy
7015,-,6,5,22.07.31,12,Female,143,22.03.22,Holstein,1654,5,313,-,15.09.06,6.9,83.2,2532,6,Pregnant,4,22.06.20,23.3,142.7,833,266,1446,1177,1255,1087,1013,897,833,266,0,1132,1485,1520,Conf. Dry Off,Yes,2,22.06.20,-,447,12456,-,Male,-,313,Oct,21.10.03,Hard
7016,-,1,80,22.08.08,4,Female,0,-,Holstein,5128,6,4,-,15.09.06,6.9,83.2,2532,1,Fresh,0,-,34.8,108.8,0,109,1433,1089,1361,1260,1210,75,0,109,1770,1691,1642,1631,Report Heat,-,0,-,-,-,13372,-,Male,-,4,Aug,22.08.08,-
7017,-,199,190,22.02.01,192,Female,0,-,Holstein,-,3,381,Yes,15.09.07,6.9,83.2,2531,199,"Cull, Not Pregnant",1,-,-,-,0,0,0,0,0,0,0,0,0,0,0,0,0,0,Inseminate,-,0,-,-,-,12184,-,Male,-,381,Jul,21.07.27,-
7018,-,5,4,22.07.31,12,Female,191,22.02.02,Holstein,8804,5,332,-,15.09.07,6.9,83.2,2531,5,Pregnant,4,22.05.02,36.1,209.5,1208,387,1352,1174,1350,1293,1348,1256,1208,387,717,1642,1548,1537,Conf. Dry Off,Yes,2,22.05.02,-,418,12385,-,Male,-,332,Sep,21.09.14,Easy
7022,-,7,6,22.06.19,54,Female,183,22.02.10,Holstein,2340,5,337,-,15.09.07,6.9,83.2,2531,7,Pregnant,4,22.05.02,10.4,70.3,545,136,1246,925,1003,869,725,587,545,136,931,1717,1505,1467,Conf. Dry Off,Yes,2,22.05.02,-,431,2172,-,Female,-,337,Sep,21.09.09,Easy
7024,-,199,190,22.05.01,103,Female,0,21.01.25,Holstein,-,3,755,Yes,15.09.08,6.9,83.1,2530,199,"Cull, Not Pregnant",1,21.03.16,-,-,0,0,0,0,0,0,0,0,0,0,0,0,0,0,Inseminate,-,0,21.03.16,-,468,11155,-,Male,-,755,Jul,20.07.18,Easy
7034,-,4,3,22.07.31,12,Female,0,22.08.11,Holstein,9050,5,207,-,15.09.09,6.9,83.1,2529,4,Bred,1,22.06.03,36,226.8,1256,413,474,1300,1531,1393,1212,1228,1256,413,1098,946,373,0,Inseminate,-,0,22.06.03,-,483,12784,-,Male,-,207,Jan,22.01.17,Easy
7039,-,6,5,22.07.31,12,Female,0,22.06.27,Holstein,15905,4,377,-,15.09.10,6.9,83.1,2528,6,Open,1,22.06.18,13.8,103.3,798,213,1309,1191,1226,1114,1112,954,798,213,1658,1528,1423,1127,Inseminate,-,0,22.06.18,-,608,12154,-,Male,-,377,Jul,21.07.31,-
7041,-,1,80,22.08.07,5,Female,0,-,Holstein,14063,5,5,-,15.09.10,6.9,83.1,2528,1,Fresh,0,-,40.9,143.3,0,143,907,703,559,204,0,0,0,143,1172,1100,988,975,Report Heat,-,0,-,-,-,3014,-,Female,-,5,Aug,22.08.07,-
7042,-,199,190,22.02.01,192,Female,0,21.08.07,Holstein,-,2,1342,Yes,15.09.11,6.9,83,2527,199,"Cull, Not Pregnant",1,21.09.30,-,-,0,0,0,0,0,0,0,0,0,0,0,0,0,0,Inseminate,-,0,21.09.30,20.06.26,1249,19518,-,Male,-,1342,Dec,18.12.09,Normal
7043,-,1,80,22.08.03,9,Female,0,-,Holstein,4232,4,9,-,15.09.11,6.9,83,2527,1,Fresh,0,-,33.5,170.4,0,225,714,610,515,128,0,0,0,225,972,986,862,769,Report Heat,-,0,-,-,-,13349,-,Male,-,9,Aug,22.08.03,-
7044,-,3,2,22.07.31,12,Female,100,22.05.04,Holstein,1007,5,188,-,15.09.11,6.9,83,2527,3,Pregnant,4,22.08.01,37.1,240.4,1360,457,0,1049,1669,1615,1672,1586,1360,457,936,765,724,213,Conf. Dry Off,Yes,2,22.08.01,-,365,12831,-,Male,-,188,Feb,22.02.05,Easy
7045,-,3,2,22.07.31,12,Female,0,22.05.18,Holstein,9258,5,142,-,15.09.11,6.9,83,2527,3,Pregnant (1st Preg Check),3,22.07.04,44.2,255.2,1516,475,298,0,264,1325,1619,1537,1516,475,1138,1059,940,758,2nd Pregn. Check,-,1,22.07.04,-,333,2683,-,Female,-,142,Mar,22.03.23,Easy
7047,-,4,3,22.07.31,12,Female,0,22.06.28,Holstein,3369,5,200,-,15.09.21,6.9,82.7,2517,4,Pregnant (1st Preg Check),3,22.08.06,44.7,258.6,1491,476,236,1298,1648,1628,1603,1517,1491,476,1115,1060,486,0,2nd Pregn. Check,-,1,22.08.06,-,432,-,-,-,-,200,Jan,22.01.24,-
7053,-,3,2,22.07.31,12,Female,0,22.08.10,Holstein,90,4,129,-,15.09.14,6.9,82.9,2524,3,Bred,1,-,48.2,267.9,1572,496,313,0,0,1193,1743,1649,1572,496,776,747,601,542,Inseminate,-,0,-,-,404,2712,-,Female,-,129,Apr,22.04.05,Hard
7054,-,199,190,22.03.31,134,Female,0,21.12.13,Holstein,-,4,503,Yes,15.09.15,6.9,82.9,2523,199,"Cull, Not Pregnant",1,22.01.26,-,-,0,0,0,0,0,0,0,0,0,0,0,0,0,0,Inseminate,-,0,22.01.26,-,538,11941,-,Male,-,503,Mar,21.03.27,Hard
7059,-,199,190,22.08.02,10,Female,0,-,Holstein,-,4,55,Yes,15.09.15,6.9,82.9,2523,199,"Cull, Not Pregnant",1,-,-,-,0,0,0,0,0,0,0,0,0,0,0,0,0,0,Inseminate,-,0,-,-,-,2877,-,Female,-,55,Jun,22.06.18,-
7060,-,4,3,22.07.31,12,Female,0,22.07.13,Holstein,13125,4,246,-,15.09.15,6.9,82.9,2523,4,Open,1,22.04.28,38.8,223.3,1349,431,1772,1538,1674,1625,1648,1423,1349,431,960,458,0,1005,Inseminate,-,0,22.04.28,-,493,2409,-,Female,-,246,Dec,21.12.09,Easy
7064,-,7,6,22.07.20,23,Female,141,22.03.24,Holstein,14492,4,490,-,15.09.17,6.9,82.8,2521,7,Pregnant,4,22.06.20,18.5,99.1,581,195,928,774,687,640,723,632,581,195,1070,1095,1035,953,Conf. Dry Off,Yes,2,22.06.20,-,626,11974,-,Male,-,490,Apr,21.04.09,-
7065,-,199,190,22.03.01,164,Female,0,20.06.24,Holstein,-,2,1179,Yes,15.09.17,6.9,82.8,2521,199,"Cull, Not Pregnant",1,20.05.20,-,-,0,0,0,0,0,0,0,0,0,0,0,0,0,0,Inseminate,-,0,20.05.20,-,677,19861,-,Male,-,1179,May,19.05.21,Hard
7067,-,199,190,22.03.01,164,Female,0,21.12.01,Holstein,-,4,615,Yes,15.09.19,6.9,82.8,2519,199,"Cull, Not Pregnant",1,22.01.11,-,-,0,0,0,0,0,0,0,0,0,0,0,0,0,0,Inseminate,-,0,22.01.11,-,638,1494,-,Female,-,615,Dec,20.12.05,Normal
7070,-,6,5,22.07.31,12,Female,114,22.04.20,Holstein,3986,5,286,-,15.09.20,6.9,82.7,2518,6,Pregnant,4,22.07.16,25.3,162.4,1003,306,987,952,1066,1010,1114,1039,1003,306,0,53,1310,1490,Conf. Dry Off,Yes,2,22.07.16,-,449,2322,-,Female,-,286,Oct,21.10.30,-
7197,-,3,2,22.07.31,12,Female,0,22.08.10,Holstein,2231,4,145,-,15.11.19,6.7,80.8,2458,3,Bred,1,22.07.23,46.7,259.6,1636,503,47,0,372,1656,1796,1645,1636,503,1268,1102,862,496,Inseminate,-,0,22.07.23,-,420,12946,-,Male,-,145,Mar,22.03.20,Easy
7204,-,2,22,22.07.31,12,Female,0,22.08.03,Holstein,4443,5,97,-,15.11.22,6.7,80.7,2455,2,Bred,1,-,30.4,204.5,1118,392,188,0,0,0,695,1089,1118,392,887,657,580,444,Inseminate,-,0,-,-,365,13094,-,Male,-,97,May,22.05.07,Easy
7206,-,199,190,22.06.04,69,Female,0,21.08.17,Holstein,-,4,620,Yes,15.11.23,6.7,80.6,2454,199,"Cull, Not Pregnant",1,21.11.08,-,-,0,0,0,0,0,0,0,0,0,0,0,0,0,0,Inseminate,-,0,21.11.08,22.05.08,537,11668,-,Male,-,620,Nov,20.11.30,Easy
7218,-,6,5,22.07.31,12,Female,0,22.06.11,Holstein,4547,5,324,-,15.11.30,6.7,80.4,2447,6,Pregnant (1st Preg Check),3,22.07.23,29.5,179.9,1001,327,1335,1121,1176,1090,1124,1036,1001,327,192,1115,1306,1349,2nd Pregn. Check,-,1,22.07.23,-,539,12411,-,Male,-,324,Sep,21.09.22,-
7226,-,75,50,22.05.16,88,Female,188,22.02.05,Holstein,717,3,466,-,15.12.05,6.7,80.2,2442,75,"Pregnant, Dry",5,22.05.02,-,-,0,0,580,407,334,284,134,0,0,0,912,814,744,697,Conf. Step  Up,Yes,2,22.05.02,-,643,1627,-,Female,-,554,Feb,21.02.04,Easy
7232,-,75,50,22.07.16,27,Female,244,21.12.11,Holstein,217,5,300,-,15.12.06,6.7,80.2,2441,75,"Pregnant, Dry",5,22.03.07,-,-,311,0,1317,1148,1209,1110,1079,953,311,0,342,1226,1342,1323,Conf. Step  Up,Yes,2,22.03.07,-,360,2205,-,Female,-,327,Sep,21.09.19,Hard
7245,-,4,3,22.07.31,12,Female,0,22.08.09,Holstein,138,5,219,-,15.12.09,6.7,80.1,2438,4,Bred,1,22.07.10,14.4,186.5,1121,352,1006,1234,1548,1405,1225,1170,1121,352,890,889,275,0,Inseminate,-,0,22.07.10,-,493,-,-,-,-,219,Jan,22.01.05,-
7250,-,199,190,22.07.02,41,Female,0,22.03.02,Holstein,-,3,621,Yes,15.12.10,6.7,80.1,2437,199,"Cull, Not Pregnant",1,22.01.26,-,-,0,0,0,0,0,0,0,0,0,0,0,0,0,0,Inseminate,-,0,22.01.26,-,735,1478,-,Female,-,621,Nov,20.11.29,Easy
7259,-,199,190,22.03.31,134,Female,0,21.11.13,Holstein,-,4,515,Yes,15.12.14,6.7,79.9,2433,199,"Cull, Not Pregnant",1,21.10.02,-,-,0,0,0,0,0,0,0,0,0,0,0,0,0,0,Inseminate,-,0,21.10.02,-,520,1686,-,Female,-,515,Mar,21.03.15,-
7270,-,80,75,22.08.02,10,Female,256,21.11.29,Holstein,9102,4,447,-,15.12.19,6.6,79.8,2428,80,"Pregnant, Dry",5,22.02.21,-,-,0,0,894,690,626,501,492,282,0,0,1373,1288,1160,1024,Conf. Step  Up,Yes,2,22.02.21,-,520,1723,-,Female,-,499,Mar,21.03.31,-
7274,-,2,22,22.07.31,12,Female,0,22.07.23,Holstein,6818,5,79,-,15.12.24,6.6,79.6,2423,2,Bred,1,-,39.9,238.5,1278,432,732,518,0,0,214,1163,1278,432,931,877,815,788,Inseminate,-,0,-,-,336,13129,-,Male,-,79,May,22.05.25,-
7285,-,75,50,22.07.10,33,Female,237,21.12.18,Holstein,9947,4,545,-,15.12.31,6.6,79.4,2416,75,"Pregnant, Dry",5,22.03.15,-,-,24,0,864,706,643,420,295,147,24,0,1064,980,924,933,Conf. Step  Up,Yes,2,22.03.15,-,618,11830,-,Male,-,578,Jan,21.01.11,-
7301,-,199,190,22.05.01,103,Female,0,22.03.17,Holstein,-,5,303,Yes,16.01.06,6.6,79.2,2410,199,"Cull, Not Pregnant",3,22.02.26,-,-,0,0,0,0,0,0,0,0,0,0,0,0,0,0,2nd Pregn. Check,-,0,22.02.26,-,432,2270,-,Female,-,303,Oct,21.10.13,-
7308,-,80,75,22.07.23,20,Female,268,21.11.17,Holstein,1720,4,446,-,16.01.09,6.6,79.1,2407,80,"Pregnant, Dry",5,22.02.07,-,-,0,0,547,400,0,0,0,0,0,0,914,898,881,712,Conf. Step  Up,Yes,2,22.02.07,-,620,1508,-,Female,-,611,Dec,20.12.09,-
7318,-,22,1,22.08.01,11,Female,0,-,Holstein,1712,5,38,-,16.01.14,6.6,78.9,2402,22,Fresh,0,-,59.3,337.2,1033,615,818,736,673,111,0,0,1033,615,1410,1303,1129,1014,Report Heat,-,0,-,-,-,13249,-,Male,-,38,Jul,22.07.05,Easy
7332,-,4,3,22.07.31,12,Female,157,22.03.08,Holstein,1666,5,211,-,16.01.18,6.6,78.8,2398,4,Pregnant,4,22.05.30,35.4,211.7,973,389,567,1178,1376,1318,1372,1263,973,389,787,735,315,0,Conf. Dry Off,Yes,2,22.05.30,-,331,2505,-,Female,-,211,Jan,22.01.13,Normal
7345,-,199,190,22.07.02,41,Female,0,22.03.22,Holstein,-,3,582,Yes,16.01.24,6.5,78.6,2392,199,"Cull, Not Pregnant",1,22.05.11,-,-,0,0,0,0,0,0,0,0,0,0,0,0,0,0,Inseminate,-,0,22.05.11,-,716,1568,-,Female,-,582,Jan,21.01.07,-
7352,-,199,190,22.03.31,134,Female,0,22.02.16,Holstein,-,3,300,Yes,16.01.27,6.5,78.5,2389,199,"Cull, Not Pregnant",3,-,-,-,0,0,0,0,0,0,0,0,0,0,0,0,0,0,2nd Pregn. Check,-,0,-,-,400,2313,-,Female,-,300,Oct,21.10.16,Easy
7353,-,4,3,22.07.31,12,Female,0,22.06.13,Holstein,2739,4,224,-,16.01.28,6.5,78.5,2388,4,Pregnant (1st Preg Check),3,22.07.23,41.1,242.5,1404,466,1631,1058,1620,1628,1533,1388,1404,466,1177,967,0,31,2nd Pregn. Check,-,1,22.07.23,-,441,2463,-,Female,-,224,Dec,21.12.31,-
7359,-,4,3,22.07.31,12,Female,0,22.06.24,Holstein,601,4,286,-,16.01.20,6.6,78.7,2396,4,Open,1,22.07.30,24.3,142.1,851,266,1372,968,1128,1086,1115,1007,851,266,36,20,1093,1389,Inseminate,-,0,22.07.30,-,514,12561,-,Male,-,286,Oct,21.10.30,-
7364,-,5,4,22.07.31,12,Female,109,22.04.25,Holstein,13792,5,338,-,16.02.02,6.5,78.3,2383,5,Pregnant,4,22.07.16,37.3,216.8,1169,398,1473,1294,1488,1362,1377,1159,1169,398,1010,1567,1516,1505,Conf. Dry Off,Yes,2,22.07.16,-,506,2168,-,Female,-,338,Sep,21.09.08,-
7365,-,1,80,22.08.10,2,Female,0,-,Holstein,4941,4,3,-,16.02.02,6.5,78.3,2383,1,Fresh,0,-,12,21.4,0,22,297,0,0,0,0,0,0,22,917,845,722,539,Report Heat,-,0,-,-,-,13383,-,Male,-,3,Aug,22.08.09,Hard
7372,-,5,4,22.07.31,12,Female,0,22.06.29,Holstein,4066,3,496,-,16.02.06,6.5,78.2,2379,5,Open,1,22.08.06,36.7,170.6,1151,329,1360,1121,1277,1241,1291,1188,1151,329,1461,1358,1326,1348,Inseminate,-,0,22.08.06,-,729,11962,-,Male,-,496,Apr,21.04.03,Hard
7380,-,199,190,22.03.31,134,Female,0,22.02.26,Holstein,-,3,323,Yes,16.02.16,6.5,77.8,2369,199,"Cull, Not Pregnant",3,22.02.26,-,-,0,0,0,0,0,0,0,0,0,0,0,0,0,0,2nd Pregn. Check,-,0,22.02.26,-,433,-,-,-,-,323,Sep,21.09.23,Easy
7394,-,4,3,22.07.31,12,Female,0,22.08.01,Holstein,5646,4,207,-,16.02.19,6.5,77.7,2366,4,Bred,1,22.06.30,34.2,208.3,1103,389,459,1400,1520,1455,1487,1354,1103,389,843,776,463,0,Inseminate,-,0,22.06.30,-,473,2522,-,Female,-,207,Jan,22.01.17,Hard
7408,-,4,5,22.08.10,2,Female,0,22.06.23,Holstein,4711,3,331,-,16.02.27,6.5,77.5,2358,4,Open,1,22.07.27,36.1,217.3,1318,412,1734,1539,1724,1611,1562,1371,1318,412,581,1546,1649,1766,Inseminate,-,0,22.07.27,-,558,-,-,Male,-,331,Sep,21.09.15,Easy
7416,-,5,4,22.07.31,12,Female,0,22.08.03,Holstein,3854,4,319,-,16.03.02,6.4,77.3,2354,5,Bred,1,22.07.30,33.9,186.6,1105,335,1428,1285,1341,1269,1192,1204,1105,335,88,1351,1496,1599,Inseminate,-,0,22.07.30,-,587,2222,-,Female,-,319,Sep,21.09.27,-
7424,-,199,190,22.02.01,192,Female,0,22.06.13,Holstein,-,4,281,Yes,16.03.09,6.4,77.1,2347,199,"Cull, Not Pregnant",2,-,-,-,0,0,0,0,0,0,0,0,0,0,0,0,0,0,Pregn. Check,-,0,-,-,498,2334,-,Female,-,281,Nov,21.11.04,Easy
7425,-,22,1,22.08.10,2,Female,0,-,Holstein,7234,5,19,-,16.03.10,6.4,77.1,2346,22,Fresh,0,-,46.5,242.8,256,449,980,621,631,634,209,0,256,449,1271,1229,1142,1083,Report Heat,-,0,-,-,-,13309,-,Male,-,19,Jul,22.07.24,Easy
7428,-,80,75,22.07.16,27,Female,276,21.11.09,Holstein,677,4,441,-,16.03.13,6.4,77,2343,80,"Pregnant, Dry",5,22.02.07,-,-,0,0,789,636,363,0,0,0,0,0,894,766,867,851,Conf. Step  Up,Yes,2,22.02.07,-,584,1562,-,Female,-,583,Jan,21.01.06,-
7429,-,4,3,22.07.31,12,Female,0,22.08.01,Holstein,1496,3,346,-,16.03.13,6.4,77,2343,4,Bred,1,22.05.18,34.4,223.4,1285,436,1585,1342,1485,1427,1401,1284,1285,436,1374,1582,1585,1644,Inseminate,-,0,22.05.18,-,612,2127,-,Female,-,346,Aug,21.08.31,-
7433,-,3,2,22.07.31,12,Female,103,22.05.01,Holstein,4420,5,171,-,16.03.13,6.4,77,2343,3,Pregnant,4,22.08.01,39.3,227.3,1396,428,0,228,1417,1720,1713,1540,1396,428,1029,962,906,553,Conf. Dry Off,Yes,2,22.08.01,-,345,2622,-,Female,-,171,Feb,22.02.22,Easy
7434,-,3,2,22.07.31,12,Female,0,22.07.22,Holstein,4446,4,158,-,16.03.14,6.4,76.9,2342,3,Bred,1,22.07.22,45.5,270.7,1609,507,0,0,1197,1853,1835,1670,1609,507,1185,1061,833,380,Inseminate,-,0,22.07.22,-,414,12913,-,Male,-,158,Mar,22.03.07,-
7435,-,4,3,22.07.31,12,Female,0,22.06.29,Holstein,4342,4,282,-,16.03.14,6.4,76.9,2342,4,Pregnant (1st Preg Check),3,22.08.06,21,146.3,917,280,1400,1223,1298,1197,1178,1027,917,280,3,0,1325,1602,2nd Pregn. Check,-,1,22.08.06,-,515,12572,-,Male,-,282,Nov,21.11.03,-
7437,-,199,190,22.03.01,164,Female,0,21.12.01,Holstein,-,3,705,Yes,16.03.14,6.4,76.9,2342,199,"Cull, Not Pregnant",1,21.10.23,-,-,0,0,0,0,0,0,0,0,0,0,0,0,0,0,Inseminate,-,0,21.10.23,-,728,1219,-,Female,-,705,Sep,20.09.06,-
7439,-,22,1,22.08.04,8,Female,0,-,Holstein,6601,5,26,-,16.03.15,6.4,76.9,2341,22,Fresh,0,-,34.1,207.7,466,388,905,803,668,385,0,0,466,388,1096,1046,967,966,Report Heat,-,0,-,-,-,13283,-,Male,-,26,Jul,22.07.17,-
7450,-,6,5,22.07.31,12,Female,0,22.06.30,Holstein,3492,4,302,-,16.03.22,6.4,76.7,2334,6,Pregnant (1st Preg Check),3,22.08.06,26.9,166.3,954,300,1433,1281,1375,1336,1330,1022,954,300,0,485,1260,1465,2nd Pregn. Check,-,1,22.08.06,-,536,2280,-,Female,-,302,Oct,21.10.14,Easy
7451,-,4,3,22.07.31,12,Female,95,22.05.09,Holstein,6490,4,288,-,16.03.24,6.4,76.6,2332,4,Pregnant,4,22.08.01,40.6,231.9,1282,425,1655,1507,1591,1519,1536,1365,1282,425,10,79,1509,1782,Conf. Dry Off,Yes,2,22.08.01,-,470,12556,-,Male,-,288,Oct,21.10.28,Easy
7460,-,4,3,22.07.31,12,Female,138,22.03.27,Holstein,5998,5,227,-,16.03.26,6.4,76.6,2330,4,Pregnant,4,22.06.20,43.3,267.3,1546,507,1454,1595,1791,1644,1689,1576,1546,507,1075,722,0,75,Conf. Dry Off,Yes,2,22.06.20,-,366,12733,-,Male,-,227,Dec,21.12.28,-
7463,-,190,99,22.08.08,4,Female,0,-,Holstein,-,4,48,Yes,16.03.27,6.4,76.5,2329,190,"Cull, Not Pregnant",1,-,-,-,0,0,0,0,0,0,0,0,0,0,0,0,0,0,Inseminate,-,0,-,-,-,-,-,-,-,48,Jun,22.06.25,-
7464,-,75,50,22.08.11,1,Female,205,22.01.19,Holstein,5391,3,603,-,16.03.28,6.4,76.5,2328,75,"Pregnant, Dry",5,22.04.11,3.1,28.4,387,75,846,688,634,487,418,371,387,75,1077,1079,986,856,Conf. Step  Up,Yes,2,22.04.11,-,676,11709,-,Male,-,604,Dec,20.12.16,Easy
7470,-,75,50,22.08.02,10,Female,215,22.01.09,Holstein,4564,4,487,-,16.03.21,6.4,76.7,2335,75,"Pregnant, Dry",5,22.04.04,-,-,338,6,892,710,688,518,464,422,338,6,1079,997,943,927,Conf. Step  Up,Yes,2,22.04.04,-,559,11959,-,Male,-,497,Apr,21.04.02,Easy
7472,-,199,190,22.03.31,134,Female,0,21.11.13,Holstein,-,3,645,Yes,16.04.02,6.4,76.3,2323,199,"Cull, Not Pregnant",1,21.06.27,-,-,0,0,0,0,0,0,0,0,0,0,0,0,0,0,Inseminate,-,0,21.06.27,-,650,1420,-,Female,-,645,Nov,20.11.05,-
7479,-,1,20,22.08.10,2,Female,0,-,Holstein,13,5,3,-,16.04.04,6.4,76.3,2321,1,Fresh,0,-,26.9,43.3,0,43,1176,984,1037,917,623,0,0,43,1597,1547,1383,1332,Report Heat,-,0,-,-,-,3024,-,Female,-,3,Aug,22.08.09,Easy
7480,-,7,6,22.06.19,54,Female,156,22.03.09,Holstein,2459,3,635,-,16.04.06,6.3,76.2,2319,7,Pregnant,4,22.05.30,18.8,101.1,570,168,875,712,714,698,682,567,570,168,939,1001,976,918,Conf. Dry Off,Yes,2,22.05.30,-,756,11617,-,Male,-,635,Nov,20.11.15,Hard
7489,-,75,50,22.08.02,10,Female,227,21.12.28,Holstein,7464,4,321,-,16.04.14,6.3,75.9,2311,75,"Pregnant, Dry",5,22.03.21,-,-,537,15,1366,1126,1097,923,771,621,537,15,556,1338,1491,1491,Conf. Step  Up,Yes,2,22.03.21,-,381,12387,-,Male,-,331,Sep,21.09.15,Easy
7490,-,4,3,22.07.31,12,Female,155,22.03.10,Holstein,5665,5,209,-,16.04.16,6.3,75.9,2309,4,Pregnant,4,22.05.30,38,242.8,1338,455,699,1481,1597,1477,1496,1340,1338,455,1069,863,180,0,Conf. Dry Off,Yes,2,22.05.30,-,331,12779,-,Male,-,209,Jan,22.01.15,Easy
7492,-,4,3,22.07.31,12,Female,0,22.08.07,Holstein,632,4,263,-,16.04.17,6.3,75.8,2308,4,Bred,1,-,38.9,235.4,1429,440,1709,1417,1648,1578,1596,1425,1429,440,686,33,290,1565,Inseminate,-,0,-,-,535,12638,-,Male,-,263,Nov,21.11.22,Easy
7503,-,6,5,22.07.31,12,Female,0,22.06.28,Holstein,6825,3,697,-,16.04.27,6.3,75.5,2298,6,Pregnant (1st Preg Check),3,22.08.06,30.8,187.8,1051,350,1279,1081,1203,1096,1022,1051,1051,350,1315,1337,1249,1294,2nd Pregn. Check,-,1,22.08.06,-,929,11376,-,Male,-,697,Sep,20.09.14,-
7507,-,22,1,22.08.01,11,Female,0,-,Holstein,2077,4,38,-,16.05.05,6.3,75.2,2290,22,Fresh,0,-,32.8,190.3,809,332,447,0,0,0,0,0,809,332,806,717,653,597,Report Heat,-,0,-,-,-,13248,-,Male,-,38,Jul,22.07.05,Hard
7510,-,7,6,22.06.19,54,Female,147,22.03.18,Holstein,83,4,379,-,16.05.07,6.3,75.2,2288,7,Pregnant,4,22.06.20,16.2,99.4,544,184,1044,894,840,760,658,558,544,184,1234,1219,1111,1147,Conf. Dry Off,Yes,2,22.06.20,-,509,12152,-,Male,-,379,Jul,21.07.29,-
7511,-,199,190,22.03.31,134,Female,0,21.09.19,Holstein,-,3,717,Yes,16.05.09,6.3,75.1,2286,199,"Cull, Not Pregnant",1,21.10.29,-,-,0,0,0,0,0,0,0,0,0,0,0,0,0,0,Inseminate,-,0,21.10.29,-,667,-,-,-,-,717,Aug,20.08.25,-
7514,-,80,75,22.07.23,20,Female,274,21.11.11,Holstein,2357,4,298,-,16.05.10,6.3,75.1,2285,80,"Pregnant, Dry",5,22.02.07,2.5,2.5,0,3,1408,1153,1427,1360,1284,378,0,3,1470,1405,1390,1522,Conf. Step  Up,Yes,2,22.02.07,-,358,12259,-,Male,-,355,Aug,21.08.22,-
7515,-,3,2,22.07.31,12,Female,0,22.06.29,Holstein,986,4,137,-,16.05.10,6.3,75.1,2285,3,Open,1,22.08.06,48,285.4,1677,543,0,0,107,1413,1393,1678,1677,543,775,772,590,149,Inseminate,-,0,22.08.06,-,370,12967,-,Male,-,137,Mar,22.03.28,-
7518,-,3,2,22.07.31,12,Female,0,22.05.25,Holstein,6963,4,166,-,16.05.16,6.2,74.9,2279,3,Pregnant (1st Preg Check),3,22.07.11,50.1,310.1,1794,578,0,4,1480,1832,1793,1790,1794,578,1331,1205,1009,540,2nd Pregn. Check,-,1,22.07.11,-,364,12889,-,Male,-,166,Feb,22.02.27,Easy
7519,-,3,2,22.07.31,12,Female,0,22.07.27,Holstein,5226,4,186,-,16.05.16,6.2,74.9,2279,3,Bred,1,22.06.12,48.7,278.8,1541,513,0,823,1655,1664,1620,1581,1541,513,414,147,0,0,Inseminate,-,0,22.06.12,-,447,12836,-,Male,-,186,Feb,22.02.07,Easy
7520,-,3,2,22.07.31,12,Female,0,22.07.18,Holstein,7407,4,129,-,16.05.16,6.2,74.9,2279,3,Bred,1,-,44,265.7,1566,490,705,0,0,1074,1712,1578,1566,490,1143,1110,1030,882,Inseminate,-,0,-,-,381,12999,-,Male,-,129,Apr,22.04.05,Easy
7521,-,199,190,22.06.04,69,Female,0,22.03.16,Holstein,-,4,256,Yes,16.05.17,6.2,74.8,2278,199,"Cull, Not Pregnant",1,22.05.15,-,-,0,0,0,0,0,0,0,0,0,0,0,0,0,0,Inseminate,-,0,22.05.15,-,384,12663,-,Male,-,256,Nov,21.11.29,-
7523,-,3,2,22.07.31,12,Female,0,22.05.19,Holstein,8066,4,194,-,16.05.17,6.2,74.8,2278,3,Pregnant (1st Preg Check),3,22.07.04,47.5,262.7,1552,483,43,1086,1646,1639,1618,1599,1552,483,771,639,307,0,2nd Pregn. Check,-,1,22.07.04,-,386,2558,-,Female,-,194,Jan,22.01.30,-
7525,-,3,2,22.07.31,12,Female,0,22.08.10,Holstein,2781,4,178,-,16.05.19,6.2,74.8,2276,3,Bred,1,22.06.27,39.4,250.5,1522,478,0,537,1716,1681,1655,1611,1522,478,1036,841,688,183,Inseminate,-,0,22.06.27,-,453,12851,-,Male,-,178,Feb,22.02.15,-
7528,-,4,3,22.07.31,12,Female,0,22.07.21,Holstein,3846,4,207,-,16.05.21,6.2,74.7,2274,4,Bred,1,22.07.14,44.7,262.9,1357,450,505,1322,1022,1179,1004,1217,1357,450,1110,1050,514,0,Inseminate,-,0,22.07.14,-,462,2521,-,Female,-,207,Jan,22.01.17,Easy
7530,-,199,190,22.03.01,164,Female,0,21.08.21,Holstein,-,3,715,Yes,16.05.23,6.2,74.6,2272,199,"Cull, Not Pregnant",1,21.05.02,-,-,0,0,0,0,0,0,0,0,0,0,0,0,0,0,Inseminate,-,0,21.05.02,-,636,11273,-,Male,-,715,Aug,20.08.27,Easy
7533,-,1,80,22.08.08,4,Female,0,-,Holstein,14948,5,4,-,16.05.25,6.2,74.6,2270,1,Fresh,0,-,25.3,128.9,0,129,1270,1070,1096,1019,917,52,0,129,1252,1447,1384,1362,Report Heat,-,0,-,-,-,3016,-,Female,-,4,Aug,22.08.08,-
7535,-,4,3,22.07.31,12,Female,162,22.03.03,Holstein,6475,4,220,-,16.05.26,6.2,74.5,2269,4,Pregnant,4,22.05.30,32.2,206.8,1219,391,1220,1494,1538,1201,1343,1271,1219,391,978,858,73,0,Conf. Dry Off,Yes,2,22.05.30,-,335,12751,-,Male,-,220,Jan,22.01.04,-
7537,-,3,2,22.07.31,12,Female,0,22.07.03,Holstein,4439,4,174,-,16.05.26,6.2,74.5,2269,3,Open,1,22.06.27,37.8,233,1397,424,0,298,1438,1584,1600,1529,1397,424,1232,1177,1096,667,Inseminate,-,0,22.06.27,-,411,2611,-,Female,-,174,Feb,22.02.19,-
7539,-,50,7,22.08.11,1,Female,216,22.01.08,Holstein,80,4,369,-,16.05.25,6.2,74.6,2270,50,Pregnant,4,22.04.04,12.8,75.4,757,155,1350,1179,1234,1110,1069,983,757,155,1351,1416,1393,1407,Conf. Dry Off,Yes,2,22.04.04,-,430,12191,-,Male,-,369,Aug,21.08.08,-
7541,-,199,190,22.07.02,41,Female,0,21.12.10,Holstein,-,4,396,Yes,16.05.28,6.2,74.5,2267,199,"Cull, Not Pregnant",1,22.02.28,-,-,0,0,0,0,0,0,0,0,0,0,0,0,0,0,Inseminate,-,0,22.02.28,22.06.19,428,1918,-,Female,-,396,Jul,21.07.12,-
7543,-,22,1,22.08.01,11,Female,0,-,Holstein,4863,4,31,-,16.05.28,6.2,74.5,2267,22,Fresh,0,-,48.2,286.3,871,535,653,428,0,0,0,0,871,535,769,526,641,664,Report Heat,-,0,-,-,-,13260,-,Male,-,31,Jul,22.07.12,Easy
7544,-,5,4,22.07.31,12,Female,183,22.02.10,Holstein,5748,4,302,-,16.05.29,6.2,74.4,2266,5,Pregnant,4,22.05.02,27.8,166.4,970,308,1564,1213,1402,1300,1168,1008,970,308,0,672,1520,1669,Conf. Dry Off,Yes,2,22.05.02,-,396,2275,-,Female,-,302,Oct,21.10.14,-
7545,-,80,75,22.07.23,20,Female,267,21.11.18,Holstein,9512,4,283,-,16.05.30,6.2,74.4,2265,80,"Pregnant, Dry",5,22.02.07,-,-,0,0,1285,1087,1148,1027,859,303,0,0,763,1359,1275,1334,Conf. Step  Up,Yes,2,22.02.07,-,345,12370,-,Male,-,335,Sep,21.09.11,-
7548,-,3,2,22.07.31,12,Female,0,22.08.05,Holstein,288,4,169,-,16.06.02,6.2,74.3,2262,3,Bred,1,22.07.04,41.4,256,1600,463,0,168,1579,1902,1915,1791,1600,463,1149,930,588,181,Inseminate,-,0,22.07.04,-,439,12877,-,Male,-,169,Feb,22.02.24,-
7550,-,6,5,22.07.31,12,Female,140,22.03.25,Holstein,5078,4,327,-,16.06.03,6.2,74.3,2261,6,Pregnant,4,22.06.20,25.3,149.7,803,277,1206,827,1132,751,647,825,803,277,413,1427,1392,1365,Conf. Dry Off,Yes,2,22.06.20,-,464,2200,-,Female,-,327,Sep,21.09.19,-
7551,-,3,2,22.07.31,12,Female,0,22.07.27,Holstein,7511,4,164,-,16.06.04,6.2,74.3,2260,3,Bred,1,-,40,225.1,1274,407,0,0,1194,1596,1591,1463,1274,407,699,544,439,81,Inseminate,-,0,-,-,425,12894,-,Male,-,164,Mar,22.03.01,-
7552,-,5,4,22.07.31,12,Female,170,22.02.23,Holstein,159,4,294,-,16.06.06,6.2,74.2,2258,5,Pregnant,4,22.05.16,26.5,196.7,1147,360,1418,1071,1329,1277,1355,1222,1147,360,0,266,1195,1392,Conf. Dry Off,Yes,2,22.05.16,-,401,2304,-,Female,-,294,Oct,21.10.22,-
7555,-,4,3,22.07.31,12,Female,122,22.04.12,Holstein,5062,4,212,-,16.06.08,6.2,74.1,2256,4,Pregnant,4,22.07.02,34.1,207.9,1214,400,678,1428,1465,1458,1482,1374,1214,400,683,446,0,0,Conf. Dry Off,Yes,2,22.07.02,-,367,2503,-,Female,-,212,Jan,22.01.12,Easy
7557,-,75,50,22.07.16,27,Female,244,21.12.11,Holstein,710,3,389,-,16.05.31,6.2,74.4,2264,75,"Pregnant, Dry",5,22.03.07,-,-,304,0,1579,1267,1393,1276,1208,961,304,0,1511,1491,1566,1614,Conf. Step  Up,Yes,2,22.03.07,-,449,1882,-,Female,-,416,Jun,21.06.22,-
7561,-,3,2,22.07.31,12,Female,0,22.08.06,Holstein,457,4,194,-,16.06.12,6.2,74,2252,3,Bred,1,22.07.04,42,243.6,1566,455,32,1390,1824,1789,1768,1657,1566,455,1273,1147,814,0,Inseminate,-,0,22.07.04,-,465,12809,-,Male,-,194,Jan,22.01.30,-
7562,-,4,3,22.07.31,12,Female,0,22.06.22,Holstein,1436,4,242,-,16.06.12,6.2,74,2252,4,Pregnant (1st Preg Check),3,22.07.30,44.3,264,1423,482,1872,1474,1696,1560,1606,1432,1423,482,211,0,0,875,2nd Pregn. Check,-,1,22.07.30,-,468,2413,-,Female,-,242,Dec,21.12.13,-
7565,-,4,3,22.07.31,12,Female,0,22.05.18,Holstein,216,4,239,-,16.06.13,6.2,74,2251,4,Pregnant (1st Preg Check),3,22.07.04,30.7,142.3,1393,316,1716,1581,1715,1647,1590,1426,1393,316,821,263,0,648,2nd Pregn. Check,-,1,22.07.04,-,430,12704,-,Male,-,239,Dec,21.12.16,Easy
7568,-,5,4,22.07.31,12,Female,0,22.08.06,Holstein,7492,4,302,-,16.06.14,6.2,73.9,2250,5,Bred,1,22.06.18,32.6,196.2,1244,349,1691,1447,1503,1478,1478,1281,1244,349,0,775,1629,1701,Inseminate,-,0,22.06.18,-,573,12489,-,Male,-,302,Oct,21.10.14,-
7570,-,4,3,22.07.31,12,Female,189,22.02.04,Holstein,1222,4,286,-,16.06.18,6.1,73.8,2246,4,Pregnant,4,22.05.02,18.7,125,827,233,1574,1270,1343,1226,1163,911,827,233,603,33,1330,1603,Conf. Dry Off,Yes,2,22.05.02,-,374,12558,-,Male,-,286,Oct,21.10.30,-
7572,-,6,5,22.07.31,12,Female,116,22.04.18,Holstein,3037,4,339,-,16.06.20,6.1,73.7,2244,6,Pregnant,4,22.07.16,28.7,169.3,931,311,1335,1191,1285,1192,1086,998,931,311,812,1214,1262,1365,Conf. Dry Off,Yes,2,22.07.16,-,500,-,-,-,-,339,Sep,21.09.07,Easy
7577,-,4,3,22.07.31,12,Female,142,22.03.23,Holstein,6750,4,241,-,16.06.25,6.1,73.6,2239,4,Pregnant,4,22.06.20,35.4,215.7,1195,390,1575,1283,1408,1181,1305,1249,1195,390,234,0,0,746,Conf. Dry Off,Yes,2,22.06.20,-,376,2418,-,Female,-,241,Dec,21.12.14,-
7578,-,75,50,22.07.16,27,Female,242,21.12.13,Holstein,45,4,332,-,16.06.27,6.1,73.5,2237,75,"Pregnant, Dry",5,22.03.07,-,-,265,0,1202,902,1081,988,929,755,265,0,1381,1382,1348,1288,Conf. Step  Up,Yes,2,22.03.07,-,394,12244,-,Male,-,359,Aug,21.08.18,-
7580,-,199,190,22.02.01,192,Female,0,21.12.01,Holstein,-,2,506,Yes,16.06.27,6.1,73.5,2237,199,"Cull, Not Pregnant",3,21.07.08,-,-,0,0,0,0,0,0,0,0,0,0,0,0,0,0,2nd Pregn. Check,-,0,21.07.08,-,529,11923,-,Male,-,506,Mar,21.03.24,-
7581,-,75,50,22.03.23,142,Female,242,21.12.13,Holstein,3793,4,372,-,16.06.28,6.1,73.5,2236,75,"Pregnant, Dry",5,22.03.07,-,-,0,0,631,451,282,0,0,0,0,0,1308,1088,924,792,Conf. Step  Up,Yes,2,22.03.07,-,549,1688,-,Female,-,514,Mar,21.03.16,Easy
7584,-,199,190,22.06.04,69,Female,0,21.11.19,Holstein,-,3,684,Yes,16.06.30,6.1,73.4,2234,199,"Cull, Not Pregnant",1,-,-,-,0,0,0,0,0,0,0,0,0,0,0,0,0,0,Inseminate,-,0,-,-,695,1315,-,Female,-,684,Sep,20.09.27,-
7587,-,4,40,22.08.06,6,Female,176,22.02.17,Holstein,7427,4,288,-,16.07.01,6.1,73.4,2233,4,Pregnant,4,22.05.16,27.3,154.9,1018,261,1566,1308,1345,1225,1215,1080,1018,261,11,85,1371,1609,Conf. Dry Off,Yes,2,22.05.16,-,389,2317,-,Female,-,288,Oct,21.10.28,-
7588,-,3,2,22.07.31,12,Female,0,22.07.23,Holstein,4808,4,157,-,16.07.01,6.1,73.4,2233,3,Bred,1,-,42.7,256.4,1521,478,239,0,748,1497,1619,1439,1521,478,920,962,985,863,Inseminate,-,0,-,-,414,12920,-,Male,-,157,Mar,22.03.08,-
7589,-,1,80,22.08.09,3,Female,0,-,Holstein,7667,5,3,-,16.07.02,6.1,73.3,2232,1,Fresh,0,-,19.1,37.5,0,38,1371,1176,1222,1137,1092,218,0,38,891,1535,1457,1432,Report Heat,-,0,-,-,-,-,-,-,-,3,Aug,22.08.09,-
7590,-,80,75,22.08.02,10,Female,261,21.11.24,Holstein,1220,4,298,-,16.07.02,6.1,73.3,2232,80,"Pregnant, Dry",5,22.02.21,-,-,0,0,1463,1257,1348,1235,1230,816,0,0,1213,1419,1369,1479,Conf. Step  Up,Yes,2,22.02.21,-,360,12318,-,Male,-,344,Sep,21.09.02,Easy
7592,-,80,75,22.08.10,2,Female,254,21.12.01,Holstein,1608,3,310,-,16.07.03,6.1,73.3,2231,80,"Pregnant, Dry",5,22.02.21,-,-,21,0,1156,982,1029,1001,1048,878,21,0,1109,1375,1276,1305,Conf. Step  Up,Yes,2,22.02.21,-,374,12271,-,Male,-,351,Aug,21.08.26,-
7596,-,3,2,22.07.31,12,Female,0,22.08.04,Holstein,5912,4,139,-,16.07.06,6.1,73.2,2228,3,Bred,1,-,45.2,267.9,1464,498,63,0,144,1274,1392,1339,1464,498,854,708,505,401,Inseminate,-,0,-,-,408,2688,-,Female,-,139,Mar,22.03.26,-
7599,-,5,4,22.07.31,12,Female,0,22.05.20,Holstein,1656,4,257,-,16.07.08,6.1,73.1,2226,5,Pregnant (1st Preg Check),3,22.07.04,30.3,180.4,1083,338,1480,1307,1395,1367,1340,1136,1083,338,618,20,81,1422,2nd Pregn. Check,-,1,22.07.04,-,450,12660,-,Male,-,257,Nov,21.11.28,-
7600,-,3,2,22.07.31,12,Female,0,22.08.07,Holstein,5947,4,175,-,16.07.19,6.1,72.8,2215,3,Bred,1,22.07.04,47.7,282.4,1615,524,0,455,1639,1786,1798,1677,1615,524,1114,1043,900,505,Inseminate,-,0,22.07.04,-,447,12854,-,Male,-,175,Feb,22.02.18,-
7601,-,5,4,22.07.31,12,Female,168,22.02.25,Holstein,3861,4,300,-,16.07.09,6.1,73.1,2225,5,Pregnant,4,22.05.16,28.1,170.6,1037,318,1506,1386,1510,1394,1292,1120,1037,318,0,492,1515,1575,Conf. Dry Off,Yes,2,22.05.16,-,409,12503,-,Male,-,300,Oct,21.10.16,Easy
7602,-,199,190,22.07.02,41,Female,0,22.04.04,Holstein,-,2,602,Yes,16.07.10,6.1,73.1,2224,199,"Cull, Not Pregnant",1,22.05.11,-,-,0,0,0,0,0,0,0,0,0,0,0,0,0,0,Inseminate,-,0,22.05.11,-,749,11717,-,Male,-,602,Dec,20.12.18,Easy
7607,-,199,190,22.03.01,164,Female,0,21.09.19,Holstein,-,3,635,Yes,16.07.01,6.1,73.4,2233,199,"Cull, Not Pregnant",1,21.11.06,-,-,0,0,0,0,0,0,0,0,0,0,0,0,0,0,Inseminate,-,0,21.11.06,-,585,-,-,-,-,635,Nov,20.11.15,Hard
7611,-,2,22,22.07.31,12,Female,0,22.08.03,Holstein,2392,4,92,-,16.07.12,6.1,73,2222,2,Bred,1,-,37.5,264.3,1416,479,178,0,0,0,760,1421,1416,479,851,726,595,496,Inseminate,-,0,-,-,360,13100,-,Male,-,92,May,22.05.12,Easy
7613,-,22,1,22.08.04,8,Female,0,-,Holstein,2449,5,25,-,16.07.12,6.1,73,2222,22,Fresh,0,-,50.2,280.8,521,504,1065,977,991,685,88,0,521,504,1129,1197,1096,1118,Report Heat,-,0,-,-,-,13292,-,Male,-,25,Jul,22.07.18,-
7614,-,3,2,22.07.31,12,Female,0,22.07.19,Holstein,5123,4,178,-,16.07.13,6.1,73,2221,3,Bred,1,22.07.14,45.4,254.8,1541,480,0,546,1711,1769,1717,1619,1541,480,660,581,371,9,Inseminate,-,0,22.07.14,-,431,-,-,-,-,178,Feb,22.02.15,Easy
7616,-,1,80,22.08.05,7,Female,0,-,Holstein,1076,4,8,-,16.07.14,6.1,72.9,2220,1,Fresh,0,-,39.8,207.3,0,244,306,0,0,0,0,0,0,244,1035,905,810,576,Report Heat,-,0,-,-,-,3006,-,Female,-,8,Aug,22.08.04,Easy
7617,-,6,5,22.07.31,12,Female,180,22.02.13,Holstein,14571,4,332,-,16.07.14,6.1,72.9,2220,6,Pregnant,4,22.05.16,24.6,151.5,932,289,1459,1272,1339,1220,1168,1055,932,289,572,1544,1342,1456,Conf. Dry Off,Yes,2,22.05.16,-,429,-,-,-,-,332,Sep,21.09.14,Easy
7618,-,80,75,22.08.02,10,Female,261,21.11.24,Holstein,3015,4,299,-,16.07.15,6.1,72.9,2219,80,"Pregnant, Dry",5,22.02.21,-,-,0,0,1349,1103,1206,1088,947,529,0,0,1415,1570,1464,1422,Conf. Step  Up,Yes,2,22.02.21,-,361,2129,-,Female,-,345,Sep,21.09.01,-
7619,-,199,190,22.06.04,69,Female,0,21.12.06,Holstein,-,3,312,Yes,16.07.13,6.1,73,2221,199,"Cull, Not Pregnant",1,22.02.28,-,-,0,0,0,0,0,0,0,0,0,0,0,0,0,0,Inseminate,-,0,22.02.28,22.05.19,340,2242,-,Female,-,312,Oct,21.10.04,Easy
7620,-,199,190,22.02.01,192,Female,0,-,Holstein,-,4,302,Yes,16.07.17,6.1,72.8,2217,199,"Cull, Not Pregnant",1,-,-,-,0,0,0,0,0,0,0,0,0,0,0,0,0,0,Inseminate,-,0,-,-,-,12488,-,Male,-,302,Oct,21.10.14,-
7623,-,4,3,22.07.31,12,Female,100,22.05.04,Holstein,4471,4,242,-,16.07.17,6.1,72.8,2217,4,Pregnant,4,22.08.01,39.7,248.6,1382,456,1762,1558,1622,1398,1443,1319,1382,456,948,395,0,841,Conf. Dry Off,Yes,2,22.08.01,-,419,12692,-,Male,-,242,Dec,21.12.13,-
7624,-,199,190,22.06.04,69,Female,0,22.05.25,Holstein,-,4,279,Yes,16.07.18,6.1,72.8,2216,199,"Cull, Not Pregnant",2,22.02.16,-,-,0,0,0,0,0,0,0,0,0,0,0,0,0,0,Pregn. Check,-,0,22.02.16,-,477,2338,-,Female,-,279,Nov,21.11.06,-
7629,-,4,3,22.07.31,12,Female,0,22.07.20,Holstein,2254,3,224,-,16.07.20,6.1,72.7,2214,4,Bred,1,22.07.08,43,254.7,1415,477,1334,1490,1378,1453,1532,1404,1415,477,873,707,77,23,Inseminate,-,0,22.07.08,-,478,12741,-,Male,-,224,Dec,21.12.31,-
7632,-,75,50,22.07.23,20,Female,240,21.12.15,Holstein,2973,4,347,-,16.07.20,6.1,72.7,2214,75,"Pregnant, Dry",5,22.03.07,-,-,538,0,1333,1190,1235,1205,1223,1043,538,0,1373,1369,1353,1342,Conf. Step  Up,Yes,2,22.03.07,-,404,12201,-,Male,-,367,Aug,21.08.10,-
7634,-,4,3,22.07.31,12,Female,0,22.07.14,Holstein,9334,4,233,-,16.07.21,6.1,72.7,2213,4,Bred,1,22.07.11,41.7,273.3,1468,506,1547,1423,1602,1550,1559,1492,1468,506,981,700,0,312,Inseminate,-,0,22.07.11,-,481,12722,-,Male,-,233,Dec,21.12.22,Easy
7635,-,22,1,22.08.01,11,Female,0,-,Holstein,10691,4,33,-,16.07.22,6.1,72.7,2212,22,Fresh,0,-,51.4,280.9,862,520,960,699,463,86,0,0,862,520,1200,1236,1099,1074,Report Heat,-,0,-,-,-,13303,-,Male,-,33,Jul,22.07.10,Hard
7643,-,7,6,22.08.10,2,Female,199,22.01.25,Holstein,5469,4,323,-,16.07.25,6,72.6,2209,7,Pregnant,4,22.05.02,19.5,128.4,893,250,1508,1214,1251,1085,1078,918,893,250,237,1580,1700,1647,Conf. Dry Off,Yes,2,22.05.02,-,401,12418,-,Male,-,323,Sep,21.09.23,Hard
7646,-,80,75,22.07.23,20,Female,264,21.11.21,Holstein,255,4,281,-,16.07.27,6,72.5,2207,80,"Pregnant, Dry",5,22.02.21,-,-,0,0,1447,1208,1324,1189,1156,782,0,0,374,1339,1395,1478,Conf. Step  Up,Yes,2,22.02.21,-,340,2199,-,Female,-,327,Sep,21.09.19,-
7647,-,3,2,22.07.31,12,Female,0,22.07.13,Holstein,1925,4,157,-,16.08.04,6,72.2,2199,3,Bred,1,-,41.4,262.7,1456,491,109,0,1074,1702,1709,1615,1456,491,1133,991,827,635,Inseminate,-,0,-,-,404,2649,-,Female,-,157,Mar,22.03.08,-
7648,-,75,50,22.07.23,20,Female,233,21.12.22,Holstein,7118,4,272,-,16.07.28,6,72.5,2206,75,"Pregnant, Dry",5,22.03.15,-,-,627,0,1389,1189,1327,1281,1187,1059,627,0,12,259,1204,1358,Conf. Step  Up,Yes,2,22.03.15,-,336,12538,-,Male,-,292,Oct,21.10.24,Easy
7649,-,75,50,22.07.16,27,Female,241,21.12.14,Holstein,9333,4,318,-,16.07.28,6,72.5,2206,75,"Pregnant, Dry",5,22.03.07,-,-,262,0,1444,1197,1258,1048,926,742,262,0,1220,1419,1413,1494,Conf. Step  Up,Yes,2,22.03.07,-,381,12302,-,Male,-,345,Sep,21.09.01,-
7650,-,7,6,22.07.21,22,Female,0,22.04.25,Holstein,1071,3,546,-,16.07.28,6,72.5,2206,7,Open,1,22.06.18,17.1,101.3,586,194,1117,912,887,779,728,649,586,194,1456,1377,1276,1197,Inseminate,-,0,22.06.18,-,714,1640,-,Female,-,546,Feb,21.02.12,-
7656,-,199,190,22.07.02,41,Female,0,21.11.24,Holstein,-,3,605,Yes,16.07.31,6,72.4,2203,199,"Cull, Not Pregnant",1,22.02.21,-,-,0,0,0,0,0,0,0,0,0,0,0,0,0,0,Inseminate,-,0,22.02.21,22.06.05,621,11700,-,Male,-,605,Dec,20.12.15,-
7660,-,4,3,22.07.31,12,Female,164,22.03.01,Holstein,227,4,236,-,16.08.02,6,72.3,2201,4,Pregnant,4,22.05.30,36.1,203,1114,373,1366,1316,1499,1362,1248,1127,1114,373,1098,883,0,365,Conf. Dry Off,Yes,2,22.05.30,-,349,12716,-,Male,-,236,Dec,21.12.19,Easy
7661,-,75,50,22.07.16,27,Female,247,21.12.08,Holstein,6842,4,321,-,16.08.02,6,72.3,2201,75,"Pregnant, Dry",5,22.02.28,-,-,320,0,1356,901,1148,1062,1044,892,320,0,1276,1376,1357,1407,Conf. Step  Up,Yes,2,22.02.28,-,378,-,-,-,-,348,Aug,21.08.29,-
7664,-,4,3,22.07.31,12,Female,136,22.03.29,Holstein,3583,4,235,-,16.08.13,6,72,2190,4,Pregnant,4,22.06.20,42.2,236.6,1387,443,1561,1388,1620,1400,1539,1426,1387,443,714,564,0,334,Conf. Dry Off,Yes,2,22.06.20,-,376,2431,-,Female,-,235,Dec,21.12.20,Easy
7666,-,1,80,22.08.05,7,Female,0,-,Holstein,328,4,8,-,16.08.03,6,72.3,2200,1,Fresh,0,-,30.3,173.4,0,180,58,0,0,0,0,0,0,180,823,669,534,287,Report Heat,-,0,-,-,-,3008,-,Female,-,8,Aug,22.08.04,Easy
7667,-,199,190,22.08.02,10,Female,0,22.05.18,Holstein,-,3,431,Yes,16.08.04,6,72.2,2199,199,"Cull, Not Pregnant",1,22.06.29,-,-,0,0,0,0,0,0,0,0,0,0,0,0,0,0,Inseminate,-,0,22.06.29,-,622,12074,-,Male,-,431,Jun,21.06.07,Easy
7668,-,1,80,22.08.11,1,Female,0,-,Holstein,8004,5,2,-,16.08.05,6,72.2,2198,1,Fresh,0,-,20.6,24,0,24,1584,1273,1376,1272,1090,57,0,24,1609,1713,1633,1662,Report Heat,-,0,-,-,-,13396,-,Male,-,2,Aug,22.08.10,Easy
7669,-,6,5,22.07.31,12,Female,163,22.03.02,Holstein,7254,3,389,-,16.08.05,6,72.2,2198,6,Pregnant,4,22.05.30,27.2,157.7,979,295,1328,1143,1184,1171,1232,1081,979,295,1399,1237,1192,1283,Conf. Dry Off,Yes,2,22.05.30,-,503,12133,-,Male,-,389,Jul,21.07.19,-
7673,-,1,80,22.08.04,8,Female,0,-,Holstein,6648,4,9,-,16.08.06,6,72.2,2197,1,Fresh,0,-,30.3,161.4,0,190,1193,992,794,886,1026,334,0,190,973,1267,1245,1218,Report Heat,-,0,-,-,-,13351,-,Male,-,9,Aug,22.08.03,Easy
7678,-,5,4,22.07.31,12,Female,0,22.06.22,Holstein,6418,4,300,-,16.08.09,6,72.1,2194,5,Pregnant (1st Preg Check),3,22.07.30,29.5,170.7,986,317,1212,1012,1120,1081,990,988,986,317,0,491,1435,1486,2nd Pregn. Check,-,1,22.07.30,-,526,2286,-,Female,-,300,Oct,21.10.16,-
7679,-,75,50,22.07.16,27,Female,241,21.12.14,Holstein,1665,4,275,-,16.08.09,6,72.1,2194,75,"Pregnant, Dry",5,22.03.07,-,-,330,0,1592,1351,1412,1371,1203,1024,330,0,0,719,1672,1657,Conf. Step  Up,Yes,2,22.03.07,-,338,12495,-,Male,-,302,Oct,21.10.14,Hard
7680,-,4,3,22.07.31,12,Female,135,22.03.30,Holstein,2721,4,285,-,16.08.10,6,72,2193,4,Pregnant,4,22.06.20,27,161,898,294,1315,1107,1219,1098,1070,936,898,294,4,3,1241,1388,Conf. Dry Off,Yes,2,22.06.20,-,427,12565,-,Male,-,285,Oct,21.10.31,-
7684,-,4,3,22.07.31,12,Female,163,22.03.02,Holstein,1756,4,229,-,16.08.11,6,72,2192,4,Pregnant,4,22.05.30,37.8,230.6,1312,428,1408,1499,1534,1541,1601,1411,1312,428,1202,1081,91,140,Conf. Dry Off,Yes,2,22.05.30,-,343,2446,-,Female,-,229,Dec,21.12.26,-
7685,-,2,22,22.07.31,12,Female,0,22.07.27,Holstein,7471,4,106,-,16.08.12,6,72,2191,2,Bred,1,-,29.5,241.8,1533,470,637,84,0,75,1323,1587,1533,470,1192,1140,1011,887,Inseminate,-,0,-,-,367,2779,-,Female,-,106,Apr,22.04.28,-
7686,-,199,190,22.03.01,164,Female,0,20.11.14,Holstein,-,2,1060,Yes,16.08.12,6,72,2191,199,"Cull, Not Pregnant",1,20.06.20,-,-,0,0,0,0,0,0,0,0,0,0,0,0,0,0,Inseminate,-,0,20.06.20,-,701,10336,-,Male,-,1060,Sep,19.09.17,Easy
7687,-,75,50,22.08.11,1,Female,218,22.01.06,Holstein,6448,4,346,-,16.07.13,6.1,73,2221,75,"Pregnant, Dry",5,22.03.30,7.6,49.5,513,122,1125,917,1032,850,747,572,513,122,1216,1418,1410,1237,Conf. Step  Up,Yes,2,22.03.30,-,406,12288,-,Male,-,347,Aug,21.08.30,-
7689,-,75,50,22.07.23,20,Female,239,21.12.16,Holstein,3094,4,318,-,16.08.13,6,72,2190,75,"Pregnant, Dry",5,22.03.07,-,-,685,0,1498,1357,1445,1358,1344,1205,685,0,898,1506,1495,1532,Conf. Step  Up,Yes,2,22.03.07,-,376,2171,-,Female,-,338,Sep,21.09.08,Easy
7690,-,50,7,22.08.11,1,Female,173,22.02.20,Holstein,14558,4,362,-,16.08.13,6,72,2190,50,Pregnant,4,22.05.16,8.2,51.5,375,105,1008,711,704,515,389,351,375,105,1227,1244,953,1099,Conf. Dry Off,Yes,2,22.05.16,-,466,2064,-,Female,-,362,Aug,21.08.15,-
7693,-,4,3,22.07.31,12,Female,0,22.07.18,Holstein,5946,4,209,-,16.08.19,6,71.8,2184,4,Bred,1,22.05.16,38,222.8,1263,415,490,1247,1453,1417,1426,1273,1263,415,941,807,358,0,Inseminate,-,0,22.05.16,-,461,12781,-,Male,-,209,Jan,22.01.15,Easy
7694,-,199,190,22.07.02,41,Female,0,22.06.08,Holstein,-,3,227,Yes,16.08.19,6,71.8,2184,199,"Cull, Not Pregnant",2,-,-,-,0,0,0,0,0,0,0,0,0,0,0,0,0,0,Pregn. Check,-,0,-,-,439,2461,-,Female,-,227,Dec,21.12.28,Easy
7697,-,3,2,22.07.31,12,Female,125,22.04.09,Holstein,6454,4,192,-,16.08.17,6,71.8,2186,3,Pregnant,4,22.07.02,51.5,311.6,1727,582,0,1217,1789,1876,1852,1744,1727,582,1146,1037,800,152,Conf. Dry Off,Yes,2,22.07.02,-,344,12821,-,Male,-,192,Feb,22.02.01,Easy
7700,-,199,190,22.05.01,103,Female,0,22.04.04,Holstein,-,4,361,Yes,16.08.19,6,71.8,2184,199,"Cull, Not Pregnant",3,22.02.03,-,-,0,0,0,0,0,0,0,0,0,0,0,0,0,0,2nd Pregn. Check,-,0,22.02.03,-,508,2067,-,Female,-,361,Aug,21.08.16,-
7703,-,199,190,22.03.31,134,Female,0,22.02.17,Holstein,-,2,717,Yes,16.08.20,6,71.7,2183,199,"Cull, Not Pregnant",1,22.01.25,-,-,0,0,0,0,0,0,0,0,0,0,0,0,0,0,Inseminate,-,0,22.01.25,-,818,11272,-,Male,-,717,Aug,20.08.25,Easy
7707,-,190,99,22.08.08,4,Female,0,21.11.17,Holstein,-,4,346,Yes,16.08.21,6,71.7,2182,190,"Cull, Not Pregnant",1,22.02.07,-,-,0,0,0,0,0,0,0,0,0,0,0,0,0,0,Inseminate,-,0,22.02.07,22.08.08,355,12297,-,Male,-,346,Aug,21.08.31,-
7709,-,75,50,22.07.23,20,Female,237,21.12.18,Holstein,12634,4,321,-,16.08.22,6,71.7,2181,75,"Pregnant, Dry",5,22.03.15,-,-,641,0,1449,1240,1274,1286,1253,1045,641,0,1043,1465,1488,1511,Conf. Step  Up,Yes,2,22.03.15,-,381,12334,-,Male,-,341,Sep,21.09.05,Easy
7710,-,199,190,22.07.02,41,Female,0,22.02.19,Holstein,-,4,314,Yes,16.08.22,6,71.7,2181,199,"Cull, Not Pregnant",1,22.05.30,-,-,0,0,0,0,0,0,0,0,0,0,0,0,0,0,Inseminate,-,0,22.05.30,-,417,12452,-,Male,-,314,Oct,21.10.02,-
7712,-,3,2,22.07.31,12,Female,0,22.07.09,Holstein,714,4,178,-,16.08.22,6,71.7,2181,3,Bred,2,22.06.27,41.9,241.1,1425,445,0,571,1702,1724,1695,1496,1425,445,1091,1001,967,286,Pregn. Check,-,0,22.06.27,-,421,12850,-,Male,-,178,Feb,22.02.15,-
7717,-,7,5,22.08.10,2,Female,211,22.01.13,Holstein,36,3,292,-,16.08.23,6,71.6,2180,7,Pregnant,4,22.04.04,25.1,179.2,1055,340,1514,1340,1444,1413,1378,901,1055,340,0,171,1423,1629,Conf. Dry Off,Yes,2,22.04.04,-,358,2309,-,Female,-,292,Oct,21.10.24,Easy
7718,-,5,4,22.07.31,12,Female,0,-,Holstein,5227,4,303,-,16.08.24,6,71.6,2179,5,Fresh,1,-,30.3,173.9,1096,332,1523,1352,1402,1419,1364,1145,1096,332,0,829,1476,1534,Inseminate,-,0,-,-,-,12484,-,Male,-,303,Oct,21.10.13,-
7723,-,4,3,22.07.31,12,Female,0,22.07.26,Holstein,2908,3,272,-,16.08.26,6,71.5,2177,4,Bred,1,22.03.31,46.1,268.9,1534,506,1537,1421,1609,1553,1602,1487,1534,506,186,0,659,1510,Inseminate,-,0,22.03.31,-,532,2352,-,Female,-,272,Nov,21.11.13,Hard
7724,-,75,50,22.08.02,10,Female,201,22.01.23,Holstein,3823,3,488,-,16.08.26,6,71.5,2177,75,"Pregnant, Dry",5,22.04.18,-,-,239,2,878,598,526,503,509,416,239,2,1024,1082,859,824,Conf. Step  Up,Yes,2,22.04.18,-,574,11951,-,Male,-,498,Apr,21.04.01,-
7725,-,4,3,22.07.31,12,Female,132,22.04.02,Holstein,4009,4,209,-,16.08.26,6,71.5,2177,4,Pregnant,4,22.07.02,42.3,261.7,1460,499,605,1477,1639,1616,1618,1350,1460,499,1093,953,406,0,Conf. Dry Off,Yes,2,22.07.02,-,354,2513,-,Female,-,209,Jan,22.01.15,Easy
7726,-,4,3,22.07.31,12,Female,98,22.05.06,Holstein,4213,4,278,-,16.08.26,6,71.5,2177,4,Pregnant,4,22.08.01,35,216.9,1294,409,1528,1297,1458,1315,1391,1296,1294,409,219,0,1007,1613,Conf. Dry Off,Yes,2,22.08.01,-,457,12584,-,Male,-,278,Nov,21.11.07,-
7729,-,199,190,22.02.01,192,Female,0,-,Holstein,-,3,282,Yes,16.08.27,6,71.5,2176,199,"Cull, Not Pregnant",1,-,-,-,0,0,0,0,0,0,0,0,0,0,0,0,0,0,Inseminate,-,0,-,-,-,-,-,-,-,282,Nov,21.11.03,-
7733,-,6,5,22.07.31,12,Female,0,22.06.22,Holstein,9669,4,334,-,16.08.28,6,71.5,2175,6,Pregnant (1st Preg Check),3,22.07.30,25.6,154.5,939,293,1429,1233,1280,1221,1214,1060,939,293,898,1603,1433,1515,2nd Pregn. Check,-,1,22.07.30,-,560,12374,-,Male,-,334,Sep,21.09.12,-
7734,-,4,3,22.07.31,12,Female,0,22.07.20,Holstein,13641,3,374,-,16.08.29,6,71.4,2174,4,Bred,1,22.05.16,36.7,230.9,1318,441,1603,1474,1488,1445,1482,1373,1318,441,1536,1516,1524,1634,Inseminate,-,0,22.05.16,-,628,12165,-,Male,-,374,Aug,21.08.03,-
7736,-,1,6,22.08.11,1,Female,0,22.08.06,Holstein,13471,3,309,-,16.08.29,6,71.4,2174,1,Bred,1,22.06.18,23.4,145.1,1007,297,1453,1122,1379,950,1036,1054,1007,297,0,1069,1606,1560,Inseminate,-,0,22.06.18,-,580,12468,-,Male,-,309,Oct,21.10.07,-
7737,-,80,75,22.08.02,10,Female,258,21.11.27,Holstein,12202,3,477,-,16.08.29,6,71.4,2174,80,"Pregnant, Dry",5,22.02.21,-,-,0,0,587,636,561,409,6,0,0,0,982,853,788,705,Conf. Step  Up,Yes,2,22.02.21,-,599,11778,-,Male,-,580,Jan,21.01.09,Easy
7740,-,5,4,22.07.31,12,Female,133,22.04.01,Holstein,4921,3,334,-,16.08.30,5.9,71.4,2173,5,Pregnant,4,22.06.20,35.3,199.3,1110,358,1282,1106,1235,1244,1241,1147,1110,358,817,1567,1576,1451,Conf. Dry Off,Yes,2,22.06.20,-,478,2178,-,Female,-,334,Sep,21.09.12,-
7741,-,75,50,22.08.02,10,Female,202,22.01.22,Holstein,1963,4,335,-,16.08.31,5.9,71.4,2172,75,"Pregnant, Dry",5,22.04.18,-,-,407,7,1288,942,926,767,672,619,407,7,1677,1917,1812,1553,Conf. Step  Up,Yes,2,22.04.18,-,420,2132,-,Female,-,345,Sep,21.09.01,-
7743,-,3,2,22.07.31,12,Female,0,22.08.03,Holstein,3484,4,164,-,16.08.31,5.9,71.4,2172,3,Bred,1,-,34,199.9,1194,370,0,0,1561,1908,1922,1532,1194,370,1045,989,902,562,Inseminate,-,0,-,-,432,12898,-,Male,-,164,Mar,22.03.01,Normal
7745,-,1,70,22.08.10,2,Female,0,-,Holstein,12395,4,8,-,16.08.31,5.9,71.4,2172,1,Fresh,0,-,31.1,146.7,0,174,1507,1307,1395,1361,1213,225,0,174,1698,1646,1604,1574,Report Heat,-,0,-,-,-,13352,-,Male,-,8,Aug,22.08.04,Easy
7747,-,199,190,22.05.01,103,Female,0,21.02.24,Holstein,-,2,1056,Yes,16.09.01,5.9,71.3,2171,199,"Cull, Not Pregnant",1,21.05.21,-,-,0,0,0,0,0,0,0,0,0,0,0,0,0,0,Inseminate,-,0,21.05.21,21.09.16,799,431,-,Female,-,1056,Sep,19.09.21,Hard
7748,-,2,22,22.07.31,12,Female,0,22.07.27,Holstein,12118,4,77,-,16.09.01,5.9,71.3,2171,2,Bred,1,-,49.8,285.9,1621,538,1027,901,642,0,126,1454,1621,538,1411,1362,1234,1113,Inseminate,-,0,-,-,338,13134,-,Male,-,77,May,22.05.27,Easy
7749,-,7,6,22.08.10,2,Female,196,22.01.28,Holstein,9161,4,348,-,16.09.01,5.9,71.3,2171,7,Pregnant,4,22.04.18,22.2,143.8,980,267,1430,1258,1335,1272,1163,1111,980,267,1224,1472,1470,1455,Conf. Dry Off,Yes,2,22.04.18,-,429,2110,-,Female,-,348,Aug,21.08.29,-
7751,-,75,50,22.07.10,33,Female,226,21.12.29,Holstein,7062,3,568,-,16.09.02,5.9,71.3,2170,75,"Pregnant, Dry",5,22.03.21,-,-,55,0,803,603,498,484,449,324,55,0,1035,1019,895,820,Conf. Step  Up,Yes,2,22.03.21,-,652,11720,-,Male,-,601,Dec,20.12.19,Hard
7752,-,50,4,22.08.11,1,Female,213,22.01.11,Holstein,3805,4,290,-,16.09.03,5.9,71.3,2169,50,Pregnant,4,22.04.04,28,164.9,1005,311,1295,1215,1297,1246,1236,1085,1005,311,102,49,1079,1333,Conf. Dry Off,Yes,2,22.04.04,-,354,2315,-,Female,-,290,Oct,21.10.26,Easy
7753,-,4,3,22.07.31,12,Female,123,22.04.11,Holstein,1806,4,271,-,16.09.03,5.9,71.3,2169,4,Pregnant,4,22.07.02,29.2,183.1,1069,339,1291,931,1142,1122,1182,1091,1069,339,365,0,484,1321,Conf. Dry Off,Yes,2,22.07.02,-,425,2355,-,Female,-,271,Nov,21.11.14,Hard
7754,-,7,4,22.08.10,2,Female,210,22.01.14,Holstein,7656,4,288,-,16.09.04,5.9,71.2,2168,7,Pregnant,4,22.04.04,21.4,137.6,949,263,1469,1029,1244,1187,1280,1120,949,263,42,66,1382,1474,Conf. Dry Off,Yes,2,22.04.04,-,355,2321,-,Female,-,288,Oct,21.10.28,Easy
7760,-,7,5,22.08.10,2,Female,199,22.01.25,Holstein,2085,4,313,-,16.09.05,5.9,71.2,2167,7,Pregnant,4,22.04.18,17.8,126.3,714,234,1412,1229,1300,1203,1145,837,714,234,0,1067,1560,1537,Conf. Dry Off,Yes,2,22.04.18,-,391,2239,-,Female,-,313,Oct,21.10.03,Easy
7761,-,80,75,22.08.02,10,Female,262,21.11.23,Holstein,1945,4,282,-,16.09.05,5.9,71.2,2167,80,"Pregnant, Dry",5,22.02.21,-,-,0,0,1532,1253,1319,1226,1149,645,0,0,411,1436,1530,1591,Conf. Step  Up,Yes,2,22.02.21,-,343,-,-,-,-,328,Sep,21.09.18,-
7762,-,1,80,22.08.06,6,Female,0,-,Holstein,5603,5,6,-,16.09.05,5.9,71.2,2167,1,Fresh,0,-,21.6,79.1,0,79,731,647,621,599,321,0,0,79,778,949,896,801,Report Heat,-,0,-,-,-,3011,-,Female,-,6,Aug,22.08.06,-
7763,-,75,50,22.07.23,20,Female,236,21.12.19,Holstein,3097,4,280,-,16.09.05,5.9,71.2,2167,75,"Pregnant, Dry",5,22.03.15,-,-,676,0,1536,1339,1509,1475,1440,1278,676,0,94,430,1384,1556,Conf. Step  Up,Yes,2,22.03.15,-,341,12553,-,Male,-,300,Oct,21.10.16,-
7765,-,4,3,22.07.31,12,Female,0,22.07.24,Holstein,4565,4,300,-,16.09.05,5.9,71.2,2167,4,Bred,1,22.07.04,40.5,227.8,1320,426,1674,1507,1516,1460,1444,1311,1320,426,0,507,1379,1682,Inseminate,-,0,22.07.04,-,558,2299,-,Female,-,300,Oct,21.10.16,-
7766,-,4,7,22.08.10,2,Female,208,22.01.16,Holstein,4924,4,273,-,16.09.06,5.9,71.2,2166,4,Pregnant,4,22.04.11,30.3,169.3,1110,327,1518,1342,1500,1391,1304,1144,1110,327,156,0,752,1589,Conf. Dry Off,Yes,2,22.04.11,-,342,12603,-,Male,-,273,Nov,21.11.12,-
7767,-,199,190,22.08.02,10,Female,0,-,Holstein,-,4,323,Yes,16.09.06,5.9,71.2,2166,199,"Cull, Not Pregnant",1,-,-,-,0,0,0,0,0,0,0,0,0,0,0,0,0,0,Inseminate,-,0,-,-,-,12420,-,Male,-,323,Sep,21.09.23,Easy
7768,-,75,50,22.08.11,1,Female,220,22.01.04,Holstein,6610,3,369,-,16.09.07,5.9,71.1,2165,75,"Pregnant, Dry",5,22.03.30,13.5,83.5,976,217,1372,1153,1194,1050,1081,1042,976,217,1596,1595,1446,1443,Conf. Step  Up,Yes,2,22.03.30,-,427,12183,-,Male,-,370,Aug,21.08.07,-
7769,-,4,3,22.07.31,12,Female,0,22.06.23,Holstein,4356,4,276,-,16.09.07,5.9,71.1,2165,4,Pregnant (1st Preg Check),3,22.07.30,36.5,210.2,1233,398,1282,1077,1258,1252,1310,1214,1233,398,318,0,793,1621,2nd Pregn. Check,-,1,22.07.30,-,503,12590,-,Male,-,276,Nov,21.11.09,Easy
7771,-,22,1,22.08.01,11,Female,0,-,Holstein,5668,5,30,-,16.09.08,5.9,71.1,2164,22,Fresh,0,-,48.3,287.4,730,531,1107,1055,1176,1076,11,0,730,531,1457,1482,1412,1234,Report Heat,-,0,-,-,-,2940,-,Female,-,30,Jul,22.07.13,-
7772,-,5,4,22.07.31,12,Female,142,22.03.23,Holstein,2268,3,341,-,16.09.08,5.9,71.1,2164,5,Pregnant,4,22.06.20,31.2,175.3,1060,326,1495,1300,1449,1350,1371,1180,1060,326,931,1404,1429,1511,Conf. Dry Off,Yes,2,22.06.20,-,476,-,-,-,-,341,Sep,21.09.05,-
7774,-,75,25,22.04.24,110,Female,246,21.12.09,Holstein,6138,3,451,-,16.09.09,5.9,71.1,2163,75,"Pregnant, Dry",5,22.02.28,-,-,0,0,590,554,525,314,0,0,0,0,1049,946,871,744,Conf. Step  Up,Yes,2,22.02.28,-,592,11836,-,Male,-,561,Jan,21.01.28,Easy
7775,-,5,4,22.07.31,12,Female,0,22.08.09,Holstein,1050,4,302,-,16.09.09,5.9,71.1,2163,5,Bred,1,22.07.14,27.1,160.6,950,299,1309,1133,1237,1131,1100,991,950,299,0,627,1359,1389,Inseminate,-,0,22.07.14,-,576,2274,-,Female,-,302,Oct,21.10.14,-
7780,-,4,7,22.08.10,2,Female,197,22.01.27,Holstein,12158,4,282,-,16.09.12,5.9,71,2160,4,Pregnant,4,22.04.18,27.6,173.5,988,324,1129,1031,1116,1073,1086,1006,988,324,242,0,937,1169,Conf. Dry Off,Yes,2,22.04.18,-,362,12573,-,Male,-,282,Nov,21.11.03,-
7782,-,22,1,22.08.01,11,Female,0,-,Holstein,417,5,36,-,16.09.12,5.9,71,2160,22,Fresh,0,-,42.2,259.1,877,480,1304,966,1100,1093,588,0,877,480,1334,1343,1151,1220,Report Heat,-,0,-,-,-,13251,-,Male,-,36,Jul,22.07.07,Easy
7786,-,4,3,22.07.31,12,Female,0,22.06.21,Holstein,6846,4,229,-,16.09.13,5.9,70.9,2159,4,Pregnant (1st Preg Check),3,22.07.30,37.4,225.6,1308,422,1402,1417,1477,1333,1411,1326,1308,422,1096,939,88,146,2nd Pregn. Check,-,1,22.07.30,-,454,2448,-,Female,-,229,Dec,21.12.26,-
7788,-,4,3,22.07.31,12,Female,0,22.06.24,Holstein,6319,4,232,-,16.09.14,5.9,70.9,2158,4,Pregnant (1st Preg Check),3,22.08.06,35.5,223.4,1269,413,1557,1600,1710,1605,1449,1312,1269,413,780,615,0,219,2nd Pregn. Check,-,1,22.08.06,-,460,2442,-,Female,-,232,Dec,21.12.23,Easy
7790,-,6,5,22.07.31,12,Female,0,22.06.15,Holstein,326,3,476,-,16.09.14,5.9,70.9,2158,6,Pregnant (1st Preg Check),3,22.07.23,27.4,160.2,912,290,1273,1050,1093,991,955,888,912,290,1334,1329,1296,1250,2nd Pregn. Check,-,1,22.07.23,-,695,12009,-,Male,-,476,Apr,21.04.23,-
7791,-,80,75,22.08.10,2,Female,253,21.12.02,Holstein,3142,4,286,-,16.09.15,5.9,70.9,2157,80,"Pregnant, Dry",5,22.02.21,-,-,208,0,1572,1363,1467,1365,1357,1075,208,0,95,1465,1624,1650,Conf. Step  Up,Yes,2,22.02.21,-,343,12430,-,Male,-,319,Sep,21.09.27,-
7792,-,6,5,22.07.31,12,Female,0,22.07.26,Holstein,508,4,331,-,16.09.15,5.9,70.9,2157,6,Bred,1,22.05.09,24.1,152.2,933,270,1208,1053,1088,1059,1079,951,933,270,461,1189,1295,1316,Inseminate,-,0,22.05.09,-,591,-,-,Female,-,331,Sep,21.09.15,Hard
7793,-,4,3,22.07.31,12,Female,93,22.05.11,Holstein,4266,4,285,-,16.09.15,5.9,70.9,2157,4,Pregnant,4,22.08.01,29.1,175.4,1018,308,1194,990,1133,1106,1131,1076,1018,308,10,22,1074,1251,Conf. Dry Off,Yes,2,22.08.01,-,469,2324,-,Female,-,285,Oct,21.10.31,-
7796,-,80,75,22.07.23,20,Female,268,21.11.17,Holstein,241,3,490,-,16.09.16,5.9,70.8,2156,80,"Pregnant, Dry",5,22.02.07,-,-,0,0,1297,1127,1130,862,503,29,0,0,1368,1349,1294,1289,Conf. Step  Up,Yes,2,22.02.07,-,560,-,-,-,-,551,Feb,21.02.07,-
7797,-,22,1,22.08.10,2,Female,0,-,Holstein,12942,4,22,-,16.09.16,5.9,70.8,2156,22,Fresh,0,-,56.8,331.1,445,600,1567,1325,1386,1299,710,0,445,600,1745,1797,1705,1682,Report Heat,-,0,-,-,-,13298,-,Male,-,22,Jul,22.07.21,-
7798,-,80,75,22.08.02,10,Female,260,21.11.25,Holstein,1486,4,281,-,16.09.17,5.9,70.8,2155,80,"Pregnant, Dry",5,22.02.21,-,-,0,0,1352,1170,1239,1127,1132,782,0,0,294,1343,1478,1467,Conf. Step  Up,Yes,2,22.02.21,-,344,2204,-,Female,-,327,Sep,21.09.19,Easy
7799,-,3,2,22.07.31,12,Female,0,22.07.20,Holstein,13762,4,164,-,16.09.17,5.9,70.8,2155,3,Bred,1,-,42.2,249.6,1476,459,0,0,1242,1685,1691,1561,1476,459,1246,1205,1056,654,Inseminate,-,0,-,-,418,2637,-,Female,-,164,Mar,22.03.01,Normal
7802,-,6,5,22.07.31,12,Female,186,22.02.07,Holstein,1147,4,337,-,16.09.19,5.9,70.7,2153,6,Pregnant,4,22.05.02,20.6,118.7,735,225,1294,1057,1078,1026,990,795,735,225,808,1570,1539,1400,Conf. Dry Off,Yes,2,22.05.02,-,428,12366,-,Male,-,337,Sep,21.09.09,Hard
7806,-,5,4,22.07.31,12,Female,160,22.03.05,Holstein,12806,4,365,-,16.09.20,5.9,70.7,2152,5,Pregnant,4,22.05.30,31.2,187.8,1068,349,1426,1294,1358,1275,1278,1112,1068,349,1578,1554,1494,1492,Conf. Dry Off,Yes,2,22.05.30,-,482,2051,-,Female,-,365,Aug,21.08.12,Easy
7807,-,3,2,22.07.31,12,Female,0,22.08.03,Holstein,4292,4,181,-,16.09.20,5.9,70.7,2152,3,Bred,1,-,40,204.9,1273,385,0,537,1490,1533,1507,1357,1273,385,931,940,900,364,Inseminate,-,0,-,-,449,2633,-,Female,-,181,Feb,22.02.12,-
7810,-,75,50,22.07.23,20,Female,231,21.12.24,Holstein,5832,4,278,-,16.09.21,5.9,70.7,2151,75,"Pregnant, Dry",5,22.03.15,-,-,462,0,1378,1113,928,958,960,872,462,0,11,424,1103,1338,Conf. Step  Up,Yes,2,22.03.15,-,344,12551,12552,Male,Male,298,Oct,21.10.18,Hard
7811,-,7,40,22.07.23,20,Female,0,22.06.08,Holstein,4481,4,190,-,16.09.21,5.9,70.7,2151,7,Open,1,22.07.14,10.2,79.8,704,184,0,764,1033,840,940,803,704,184,753,600,395,0,Inseminate,-,0,22.07.14,-,402,2570,-,Female,-,190,Feb,22.02.03,-
7812,-,199,190,22.08.02,10,Female,0,-,Holstein,-,5,18,Yes,16.09.21,5.9,70.7,2151,199,"Cull, Not Pregnant",0,-,-,-,0,0,0,0,0,0,0,0,0,0,0,0,0,0,Report Heat,-,0,-,-,-,2968,-,Female,-,18,Jul,22.07.25,-
7816,-,3,2,22.07.31,12,Female,0,22.08.03,Holstein,1964,4,183,-,16.09.22,5.9,70.6,2150,3,Bred,1,22.07.14,40.4,248.1,1353,444,0,701,1641,1584,1468,1374,1353,444,1049,1107,1013,402,Inseminate,-,0,22.07.14,-,451,2597,-,Female,-,183,Feb,22.02.10,Easy
7818,-,4,3,22.07.31,12,Female,0,22.07.25,Holstein,14614,4,227,-,16.09.22,5.9,70.6,2150,4,Bred,1,22.07.25,27.4,167.3,967,312,972,1125,1293,1222,1153,902,967,312,555,240,0,74,Inseminate,-,0,22.07.25,-,486,2457,-,Female,-,227,Dec,21.12.28,-
7819,-,199,190,22.07.02,41,Female,0,-,Holstein,-,4,133,Yes,16.09.22,5.9,70.6,2150,199,"Cull, Not Pregnant",1,-,-,-,0,0,0,0,0,0,0,0,0,0,0,0,0,0,Inseminate,-,0,-,-,-,2699,-,Female,-,133,Apr,22.04.01,Easy
7820,-,4,3,22.07.31,12,Female,98,22.05.06,Holstein,8113,4,213,-,16.09.23,5.9,70.6,2149,4,Pregnant,4,22.08.01,38.4,215.3,1272,403,713,1275,1371,1376,1405,1216,1272,403,975,888,277,0,Conf. Dry Off,Yes,2,22.08.01,-,392,12771,-,Male,-,213,Jan,22.01.11,Easy
7821,-,1,80,22.07.31,12,Female,0,-,Holstein,4614,5,13,-,16.09.24,5.9,70.6,2148,1,Fresh,0,-,47.2,298.4,8,486,1398,1235,1232,1122,948,63,8,486,1626,1626,1597,1522,Report Heat,-,0,-,-,-,2989,-,Female,-,13,Jul,22.07.30,Easy
7822,-,80,75,22.08.10,2,Female,253,21.12.02,Holstein,12947,4,290,-,16.09.24,5.9,70.6,2148,80,"Pregnant, Dry",5,22.02.21,-,-,170,0,1479,1246,1307,1238,1176,851,170,0,286,1617,1697,1660,Conf. Step  Up,Yes,2,22.02.21,-,347,12416,-,Male,-,323,Sep,21.09.23,Easy
7827,-,6,5,22.07.31,12,Female,0,22.06.26,Holstein,7534,3,486,-,16.09.25,5.9,70.5,2147,6,Pregnant (1st Preg Check),3,22.08.06,28.8,154.3,895,278,1118,925,1035,985,976,959,895,278,1250,1145,1185,1179,2nd Pregn. Check,-,1,22.08.06,-,716,1746,-,Female,-,486,Apr,21.04.13,Easy
7828,-,80,75,22.07.23,20,Female,272,21.11.13,Holstein,12923,4,284,-,16.09.25,5.9,70.5,2147,80,"Pregnant, Dry",5,22.02.07,-,-,0,0,1421,1200,1204,1157,1073,406,0,0,1108,1476,1496,1475,Conf. Step  Up,Yes,2,22.02.07,-,346,12329,-,Male,-,341,Sep,21.09.05,-
7830,-,3,2,22.07.31,12,Female,0,22.07.27,Holstein,6069,4,149,-,16.09.26,5.9,70.5,2146,3,Bred,1,-,45.6,259.1,1512,471,46,0,602,1648,1685,1535,1512,471,1288,1261,1079,655,Inseminate,-,0,-,-,410,12934,-,Male,-,149,Mar,22.03.16,Normal
7833,-,3,2,22.07.31,12,Female,0,22.07.27,Holstein,7286,4,172,-,16.09.26,5.9,70.5,2146,3,Bred,1,22.06.11,27.8,166.6,842,274,0,186,889,864,904,849,842,274,740,669,516,273,Inseminate,-,0,22.06.11,-,433,12864,-,Male,-,172,Feb,22.02.21,-
7834,-,75,50,22.08.02,10,Female,226,21.12.29,Holstein,10697,3,317,-,16.09.26,5.9,70.5,2146,75,"Pregnant, Dry",5,22.03.21,-,-,607,16,1049,859,1013,986,968,867,607,16,197,1036,1089,1017,Conf. Step  Up,Yes,2,22.03.21,-,378,-,-,-,-,327,Sep,21.09.19,-
7835,-,80,75,22.08.10,2,Female,253,21.12.02,Holstein,914,4,390,-,16.09.27,5.9,70.5,2145,80,"Pregnant, Dry",5,22.02.21,-,-,0,0,998,893,895,763,484,108,0,0,1311,1148,1209,1150,Conf. Step  Up,Yes,2,22.02.21,-,466,12064,-,Male,-,442,May,21.05.27,Easy
7836,-,3,2,22.07.31,12,Female,0,22.07.24,Holstein,155,4,181,-,16.09.27,5.9,70.5,2145,3,Bred,1,22.07.23,35.4,211.3,1310,408,0,690,1613,1592,1508,1261,1310,408,719,716,564,199,Inseminate,-,0,22.07.23,-,439,2599,-,Female,-,181,Feb,22.02.12,-
7839,-,3,2,22.07.31,12,Female,0,22.07.05,Holstein,6031,4,171,-,16.09.27,5.9,70.5,2145,3,Bred,2,22.07.05,40.4,249.5,1238,464,0,188,1347,1446,1571,1465,1238,464,653,685,486,31,Pregn. Check,-,0,22.07.05,-,410,12867,-,Male,-,171,Feb,22.02.22,Hard
7840,-,4,3,22.07.31,12,Female,0,22.07.27,Holstein,13247,4,218,-,16.09.27,5.9,70.5,2145,4,Bred (Aborted) ,1,22.05.30,39.1,240.9,1354,461,1065,1256,1655,1533,1530,1417,1354,461,991,951,278,0,Inseminate,-,0,22.05.30,22.07.05,479,2484,-,Female,-,218,Jan,22.01.06,Easy
7842,-,22,1,22.08.04,8,Female,0,-,Holstein,6086,5,26,-,16.09.27,5.9,70.5,2145,22,Fresh,0,-,41.2,235.7,486,431,1242,1088,1102,1051,594,0,486,431,1400,1420,1287,1324,Report Heat,-,0,-,-,-,2950,-,Female,-,26,Jul,22.07.17,-
7844,-,2,22,22.07.31,12,Female,0,22.07.29,Holstein,7706,4,109,-,16.09.28,5.9,70.4,2144,2,Bred,1,-,54.1,314.4,1717,594,1111,539,0,196,1596,1618,1717,594,1440,1423,1274,1162,Inseminate,-,0,-,-,372,13057,-,Male,-,109,Apr,22.04.25,-
7845,-,199,190,22.03.31,134,Female,0,21.12.26,Holstein,-,3,600,Yes,16.09.28,5.9,70.4,2144,199,"Cull, Not Pregnant",1,22.02.04,-,-,0,0,0,0,0,0,0,0,0,0,0,0,0,0,Inseminate,-,0,22.02.04,-,648,1525,-,Female,-,600,Dec,20.12.20,Easy
7846,-,3,1,22.08.08,4,Female,0,22.01.17,Holstein,2302,4,269,-,16.09.28,5.9,70.4,2144,3,Aborted,1,22.04.11,33.8,195.7,1078,360,1380,1212,1352,1287,1286,1129,1078,360,48,0,493,1371,Inseminate,-,0,22.04.11,22.08.06,339,12617,-,Male,-,269,Nov,21.11.16,-
7847,-,6,5,22.07.31,12,Female,0,22.07.19,Holstein,4632,3,387,-,16.09.28,5.9,70.4,2144,6,Bred,1,22.02.27,26.3,146.3,948,275,1163,614,897,961,964,971,948,275,1409,1304,1224,1210,Inseminate,-,0,22.02.27,-,640,12137,-,Male,-,387,Jul,21.07.21,Easy
7850,-,6,5,22.07.31,12,Female,0,22.08.03,Holstein,15190,2,598,-,16.09.28,5.9,70.4,2144,6,Bred,1,22.06.18,25.5,150.5,813,264,1008,881,902,952,901,844,813,264,1226,1220,889,994,Inseminate,-,0,22.06.18,-,866,1527,-,Female,-,598,Dec,20.12.22,-
7852,-,1,80,22.07.27,16,Female,0,-,Holstein,3347,5,16,-,16.09.28,5.9,70.4,2144,1,Fresh,0,-,40.6,222.2,92,388,727,644,631,527,136,0,92,388,1202,1106,904,849,Report Heat,-,0,-,-,-,13314,-,Male,-,16,Jul,22.07.27,-
7853,-,4,3,22.07.31,12,Female,121,22.04.13,Holstein,5428,4,211,-,16.09.29,5.9,70.4,2143,4,Pregnant,4,22.07.02,42.1,253.4,1344,470,667,1375,1539,1485,1473,1385,1344,470,841,459,0,0,Conf. Dry Off,Yes,2,22.07.02,-,367,2504,-,Female,-,211,Jan,22.01.13,Normal
7854,-,1,80,22.08.08,4,Female,0,-,Holstein,12143,5,4,-,16.09.29,5.9,70.4,2143,1,Fresh,0,-,15.1,42.5,0,43,1229,1050,1088,1000,860,348,0,43,1208,1226,1230,1244,Report Heat,-,0,-,-,-,-,-,-,-,4,Aug,22.08.08,-
7855,-,4,3,22.07.31,12,Female,137,22.03.28,Holstein,4546,3,298,-,16.09.29,5.9,70.4,2143,4,Pregnant,4,22.06.20,24.4,205.5,1320,403,1308,1084,1333,1419,1410,1310,1320,403,0,568,1540,1462,Conf. Dry Off,Yes,2,22.06.20,-,438,12507,-,Male,-,298,Oct,21.10.18,-
7856,-,4,3,22.07.31,12,Female,180,22.02.13,Holstein,13629,4,235,-,16.09.29,5.9,70.4,2143,4,Pregnant,4,22.05.16,30.9,194.9,1156,367,1503,1377,1518,1414,1359,1222,1156,367,982,654,0,345,Conf. Dry Off,Yes,2,22.05.16,-,332,12718,-,Male,-,235,Dec,21.12.20,Easy
7859,-,6,5,22.07.31,12,Female,0,22.08.03,Holstein,12361,4,368,-,16.09.29,5.9,70.4,2143,6,Bred,1,22.06.18,28.7,166.8,967,301,1195,947,1099,1065,1050,1012,967,301,1242,1235,1183,1234,Inseminate,-,0,22.06.18,-,636,2030,-,Female,-,368,Aug,21.08.09,-
7860,-,75,50,22.07.16,27,Female,244,21.12.11,Holstein,1326,4,321,-,16.09.30,5.9,70.4,2142,75,"Pregnant, Dry",5,22.03.07,-,-,280,0,1311,1089,1143,1090,1103,887,280,0,1384,1384,1365,1332,Conf. Step  Up,Yes,2,22.03.07,-,381,12283,-,Male,-,348,Aug,21.08.29,-
7861,-,5,4,22.07.31,12,Female,155,22.03.10,Holstein,13100,4,291,-,16.09.30,5.9,70.4,2142,5,Pregnant,4,22.05.30,31.8,191.1,1094,349,1571,1323,1360,1263,1283,1164,1094,349,0,209,1509,1636,Conf. Dry Off,Yes,2,22.05.30,-,413,2311,-,Female,-,291,Oct,21.10.25,Easy
7862,-,75,50,22.07.16,27,Female,246,21.12.09,Holstein,4826,4,350,-,16.09.30,5.9,70.4,2142,75,"Pregnant, Dry",5,22.02.28,-,-,257,0,1243,1071,1085,928,861,714,257,0,1469,1482,1368,1328,Conf. Step  Up,Yes,2,22.02.28,-,408,1986,-,Female,-,377,Jul,21.07.31,-
7863,-,75,50,22.08.11,1,Female,218,22.01.06,Holstein,3361,4,364,-,16.09.30,5.9,70.4,2142,75,"Pregnant, Dry",5,22.03.30,6.7,46,598,123,1114,974,1005,891,806,671,598,123,1230,1236,1170,1180,Conf. Step  Up,Yes,2,22.03.30,-,424,2046,-,Female,-,365,Aug,21.08.12,-
7864,-,199,190,22.05.01,103,Female,0,21.03.28,Holstein,-,2,937,Yes,16.10.01,5.9,70.3,2141,199,"Cull, Not Pregnant",1,21.05.24,-,-,0,0,0,0,0,0,0,0,0,0,0,0,0,0,Inseminate,-,0,21.05.24,-,712,741,-,Female,-,937,Jan,20.01.18,Easy
7865,-,199,190,22.03.01,164,Female,0,-,Holstein,-,1,1464,Yes,16.10.01,5.9,70.3,2141,199,"Cull, Not Pregnant",1,-,-,-,0,0,0,0,0,0,0,0,0,0,0,0,0,0,Inseminate,-,0,-,-,-,-,-,-,-,1464,Aug,18.08.09,Hard
7867,-,4,3,22.07.31,12,Female,0,22.07.09,Holstein,222,3,274,-,16.10.01,5.9,70.3,2141,4,Bred,2,22.06.22,39.5,240.2,1314,444,1552,1406,1539,1454,1505,1409,1314,444,3,0,822,1580,Pregn. Check,-,0,22.06.22,-,517,12602,-,Male,-,274,Nov,21.11.11,-
7868,-,199,190,22.06.04,69,Female,0,22.02.25,Holstein,-,3,569,Yes,16.10.01,5.9,70.3,2141,199,"Cull, Not Pregnant",1,22.01.13,-,-,0,0,0,0,0,0,0,0,0,0,0,0,0,0,Inseminate,-,0,22.01.13,-,678,1597,-,Female,-,569,Jan,21.01.20,-
7869,-,75,50,22.07.23,20,Female,233,21.12.22,Holstein,12195,4,325,-,16.10.02,5.9,70.3,2140,75,"Pregnant, Dry",5,22.03.15,-,-,458,0,915,855,949,858,855,764,458,0,782,1132,795,852,Conf. Step  Up,Yes,2,22.03.15,-,389,2133,-,Female,-,345,Sep,21.09.01,-
7870,-,6,5,22.07.31,12,Female,0,22.07.20,Holstein,339,3,365,-,16.10.02,5.9,70.3,2140,6,Bred,1,22.06.27,29.4,169,949,321,1242,879,1073,1066,1050,970,949,321,1493,1455,1379,1374,Inseminate,-,0,22.06.27,-,619,12214,-,Male,-,365,Aug,21.08.12,-
7874,-,4,3,22.07.31,12,Female,0,22.06.12,Holstein,5600,3,268,-,16.10.08,5.8,70.1,2134,4,Pregnant (1st Preg Check),3,22.07.23,43.3,252.6,1469,472,1554,1393,1529,1523,1524,1451,1469,472,44,0,361,1479,2nd Pregn. Check,-,1,22.07.23,-,484,2365,-,Female,-,268,Nov,21.11.17,Easy
7875,-,199,190,22.08.02,10,Female,0,22.07.03,Holstein,-,4,176,Yes,16.10.09,5.8,70.1,2133,199,"Cull, Not Pregnant",2,22.06.08,-,-,0,0,0,0,0,0,0,0,0,0,0,0,0,0,Pregn. Check,-,0,22.06.08,-,413,2609,-,Female,-,176,Feb,22.02.17,-
7876,-,2,22,22.07.31,12,Female,0,22.06.29,Holstein,5437,4,113,-,16.10.06,5.8,70.2,2136,2,Pregnant (1st Preg Check),3,22.08.06,58.9,324,1814,614,690,197,0,329,1670,1907,1814,614,1155,1060,978,864,2nd Pregn. Check,-,1,22.08.06,-,346,13050,-,Male,-,113,Apr,22.04.21,Easy
7877,-,3,2,22.07.31,12,Female,0,22.05.18,Holstein,6060,4,169,-,16.10.10,5.8,70,2132,3,Pregnant (1st Preg Check),3,22.07.04,46.9,258.3,1544,494,68,103,1566,1635,1561,1546,1544,494,1236,1128,946,640,2nd Pregn. Check,-,1,22.07.04,-,360,12881,-,Male,-,169,Feb,22.02.24,Easy
7878,-,3,2,22.07.31,12,Female,0,22.08.03,Holstein,5979,4,156,-,16.10.10,5.8,70,2132,3,Bred,1,22.07.14,39,228,1335,406,278,0,917,1557,1612,1416,1335,406,1168,1125,1067,954,Inseminate,-,0,22.07.14,-,424,-,-,-,-,156,Mar,22.03.09,-
7879,-,190,99,22.08.08,4,Female,0,22.03.11,Holstein,-,3,569,Yes,16.10.11,5.8,70,2131,190,"Cull, Not Pregnant",1,22.05.28,-,-,0,0,0,0,0,0,0,0,0,0,0,0,0,0,Inseminate,-,0,22.05.28,-,692,1598,-,Female,-,569,Jan,21.01.20,-
7880,-,5,4,22.07.31,12,Female,126,22.04.08,Holstein,12426,4,341,-,16.10.11,5.8,70,2131,5,Pregnant,4,22.07.02,31.4,186.5,1024,347,1440,1205,1347,1229,1186,1095,1024,347,997,1550,1484,1533,Conf. Dry Off,Yes,2,22.07.02,22.03.21,492,12336,-,Male,-,341,Sep,21.09.05,Easy
7882,-,75,50,22.07.23,20,Female,240,21.12.15,Holstein,5974,2,847,-,16.10.12,5.8,70,2130,75,"Pregnant, Dry",5,22.03.07,-,-,415,0,1452,890,1049,1053,1043,750,415,0,44,889,1490,1543,Conf. Step  Up,Yes,2,22.03.07,21.10.07,904,10884,-,Male,-,867,Mar,20.03.28,-
7885,-,75,50,22.07.16,27,Female,234,21.12.21,Holstein,14525,3,431,-,16.10.13,5.8,69.9,2129,75,"Pregnant, Dry",5,22.03.15,-,-,166,0,1092,868,935,816,685,529,166,0,1405,1359,1226,1147,Conf. Step  Up,Yes,2,22.03.15,-,501,12039,-,Male,-,458,May,21.05.11,Easy
7887,-,4,3,22.07.31,12,Female,118,22.04.16,Holstein,3070,4,211,-,16.10.14,5.8,69.9,2128,4,Pregnant,4,22.07.16,24.9,161.3,930,306,705,818,1052,1031,1098,947,930,306,1001,841,176,0,Conf. Dry Off,Yes,2,22.07.16,-,370,12777,-,Male,-,211,Jan,22.01.13,Normal
7888,-,1,80,22.08.10,2,Female,0,-,Holstein,12995,5,3,-,16.10.14,5.8,69.9,2128,1,Fresh,0,-,16.1,21.3,0,21,1537,1318,1337,1087,1129,202,0,21,1375,1630,1567,1602,Report Heat,-,0,-,-,-,13392,-,Male,-,3,Aug,22.08.09,Easy
7891,-,2,22,22.07.31,12,Female,0,-,Holstein,2716,4,65,-,16.10.15,5.8,69.9,2127,2,Fresh,1,-,46.2,288.6,1582,539,707,582,469,0,0,810,1582,539,966,985,902,786,Inseminate,-,0,-,-,-,13160,-,Male,-,65,Jun,22.06.08,Easy
7892,-,75,50,22.07.23,20,Female,230,21.12.25,Holstein,5945,4,333,-,16.10.15,5.8,69.9,2127,75,"Pregnant, Dry",5,22.03.21,-,-,296,0,1234,1037,1083,904,811,577,296,0,1121,1309,1253,1299,Conf. Step  Up,Yes,2,22.03.21,-,400,12263,-,Male,-,353,Aug,21.08.24,-
7894,-,7,6,22.04.12,122,Female,144,22.03.21,Holstein,12145,3,466,-,16.10.15,5.8,69.9,2127,7,Pregnant,4,22.06.20,12.9,71.4,448,131,983,702,614,497,442,422,448,131,1276,1260,1167,1036,Conf. Dry Off,Yes,2,22.06.20,-,599,1790,-,Female,-,466,May,21.05.03,Easy
7895,-,3,2,22.07.31,12,Female,0,22.08.03,Holstein,8476,4,130,-,16.10.15,5.8,69.9,2127,3,Bred,1,22.07.30,44.9,285,1560,514,883,0,0,1252,1733,1288,1560,514,1412,1342,1153,1053,Inseminate,-,0,22.07.30,-,398,12994,-,Male,-,130,Apr,22.04.04,Easy
7897,-,4,3,22.07.31,12,Female,162,22.03.03,Holstein,8038,4,215,-,16.10.16,5.8,69.8,2126,4,Pregnant,4,22.05.30,36.5,221.9,1279,406,949,1423,1573,1398,1432,1351,1279,406,1078,945,287,0,Conf. Dry Off,Yes,2,22.05.30,-,330,12767,-,Male,-,215,Jan,22.01.09,Easy
7908,-,3,2,22.07.31,12,Female,0,22.07.05,Holstein,3199,4,192,-,16.10.18,5.8,69.8,2124,3,Bred,2,-,45.9,267.7,1524,499,0,1098,1566,1631,1611,1512,1524,499,1291,1170,872,0,Pregn. Check,-,0,-,-,431,12820,-,Male,-,192,Feb,22.02.01,Easy
7910,-,1,80,22.08.01,11,Female,0,-,Holstein,9977,5,12,-,16.10.18,5.8,69.8,2124,1,Fresh,0,-,45.9,284.5,0,453,1423,1162,1367,1288,777,0,0,453,1562,1573,1359,1470,Report Heat,-,0,-,-,-,13335,-,Male,-,12,Jul,22.07.31,-
7911,-,80,75,22.08.10,2,Female,255,21.11.30,Holstein,12103,4,314,-,16.10.19,5.8,69.7,2123,80,"Pregnant, Dry",5,22.02.21,-,-,21,0,1316,1170,1271,1187,1148,914,21,0,1300,1438,1352,1367,Conf. Step  Up,Yes,2,22.02.21,-,377,12260,-,Male,-,355,Aug,21.08.22,-
7912,-,199,190,22.08.02,10,Female,0,22.05.04,Holstein,-,4,442,Yes,16.10.19,5.8,69.7,2123,199,"Cull, Not Pregnant",1,22.05.03,-,-,0,0,0,0,0,0,0,0,0,0,0,0,0,0,Inseminate,-,0,22.05.03,-,619,12063,-,Male,-,442,May,21.05.27,Easy
7914,-,4,3,22.07.31,12,Female,107,22.04.27,Holstein,3186,3,292,-,16.10.18,5.8,69.8,2124,4,Pregnant,4,22.07.16,38.4,237.7,1325,437,1676,1422,1680,1565,1476,1392,1325,437,0,311,1694,1817,Conf. Dry Off,Yes,2,22.07.16,-,462,12535,-,Male,-,292,Oct,21.10.24,Easy
7918,-,6,5,22.07.31,12,Female,0,22.05.16,Holstein,2463,4,395,-,16.10.22,5.8,69.7,2120,6,Pregnant (1st Preg Check),3,22.07.04,32.7,185.5,1042,340,1251,1127,1089,1006,1110,1089,1042,340,1315,1365,1275,1320,2nd Pregn. Check,-,1,22.07.04,22.02.02,584,1922,-,Female,-,395,Jul,21.07.13,-
7919,-,1,80,22.08.11,1,Female,0,-,Holstein,4864,5,2,-,16.10.22,5.8,69.7,2120,1,Fresh,0,-,12.8,14.8,0,15,1368,1205,1299,1261,1170,59,0,15,1384,1364,1362,1382,Report Heat,-,0,-,-,-,-,-,-,-,2,Aug,22.08.10,Hard
7920,-,4,3,22.07.31,12,Female,137,22.03.28,Holstein,7116,4,278,-,16.10.23,5.8,69.6,2119,4,Pregnant,4,22.06.20,33.7,206.8,1210,384,1418,1179,1382,1352,1358,1185,1210,384,66,0,1007,1478,Conf. Dry Off,Yes,2,22.06.20,-,418,12586,-,Male,-,278,Nov,21.11.07,-
7921,-,80,75,22.07.23,20,Female,268,21.11.17,Holstein,14461,3,478,-,16.10.23,5.8,69.6,2119,80,"Pregnant, Dry",5,22.01.13,-,-,0,0,132,0,0,0,0,0,0,0,922,821,588,449,Conf. Step  Up,Yes,2,22.01.13,-,698,-,-,-,-,689,Sep,20.09.22,Easy
7922,-,80,75,22.07.16,27,Female,279,21.11.06,Holstein,3910,4,294,-,16.10.23,5.8,69.6,2119,80,"Pregnant, Dry",5,22.02.07,-,-,0,0,1378,1189,1295,1207,1147,212,0,0,1309,1430,1355,1414,Conf. Step  Up,Yes,2,22.02.07,-,353,12261,-,Male,-,355,Aug,21.08.22,-
7923,-,3,2,22.07.31,12,Female,103,22.05.01,Holstein,9383,4,190,-,16.10.24,5.8,69.6,2118,3,Pregnant,4,22.08.01,43.9,279.1,1538,528,0,1113,1543,1573,1614,1472,1538,528,960,713,430,0,Conf. Dry Off,Yes,2,22.08.01,-,364,12823,-,Male,-,190,Feb,22.02.03,-
7924,-,4,3,22.07.31,12,Female,185,22.02.08,Holstein,5994,4,237,-,16.10.24,5.8,69.6,2118,4,Pregnant,4,22.05.02,36.7,223.7,1306,423,1366,1385,1512,1461,1431,1233,1306,423,1042,629,0,444,Conf. Dry Off,Yes,2,22.05.02,-,329,2424,-,Female,-,237,Dec,21.12.18,Easy
7926,-,75,50,22.07.23,20,Female,231,21.12.24,Holstein,12425,4,278,-,16.10.24,5.8,69.6,2118,75,"Pregnant, Dry",5,22.03.15,-,-,602,0,1214,976,1159,1142,1163,1009,602,0,0,504,1384,1272,Conf. Step  Up,Yes,2,22.03.15,-,344,2296,-,Female,-,298,Oct,21.10.18,Hard
7929,-,4,3,22.07.31,12,Female,164,22.03.01,Holstein,6078,4,239,-,16.10.24,5.8,69.6,2118,4,Pregnant,4,22.05.30,37.8,231.1,1116,424,1603,1438,1515,1231,1285,968,1116,424,930,649,0,579,Conf. Dry Off,Yes,2,22.05.30,-,352,2423,-,Female,-,239,Dec,21.12.16,Easy
7931,-,2,22,22.07.31,12,Female,0,-,Holstein,5834,4,67,-,16.10.25,5.8,69.6,2117,2,Fresh,1,-,48.7,273.3,1461,517,136,0,0,0,0,921,1461,517,915,814,678,505,Inseminate,-,0,-,-,-,13155,-,Male,-,67,Jun,22.06.06,Hard
7932,-,2,22,22.07.31,12,Female,0,-,Holstein,13490,4,51,-,16.10.25,5.8,69.6,2117,2,Fresh,1,-,35.9,229.6,1189,424,702,457,0,0,0,245,1189,424,1075,1008,929,870,Inseminate,-,0,-,-,-,13216,-,Male,-,51,Jun,22.06.22,Hard
7934,-,4,3,22.07.31,12,Female,0,22.07.01,Holstein,1585,4,251,-,16.10.26,5.8,69.5,2116,4,Open,1,22.08.04,23.5,147.1,820,267,909,845,919,871,719,805,820,267,877,358,0,465,Inseminate,-,0,22.08.04,-,486,2401,-,Female,-,251,Dec,21.12.04,Easy
7938,-,4,3,22.07.31,12,Female,141,22.03.24,Holstein,1799,4,230,-,16.10.29,5.8,69.4,2113,4,Pregnant,4,22.06.20,45.2,261.5,1466,483,1520,1531,1590,1548,1548,1436,1466,483,601,232,0,216,Conf. Dry Off,Yes,2,22.06.20,-,366,12726,-,Male,-,230,Dec,21.12.25,Hard
7940,-,3,2,22.07.31,12,Female,0,22.07.22,Holstein,13261,4,163,-,16.10.29,5.8,69.4,2113,3,Bred,1,22.06.18,39.7,220.7,1337,424,0,0,1376,1773,1694,1529,1337,424,1030,1012,848,610,Inseminate,-,0,22.06.18,-,419,12905,-,Male,-,163,Mar,22.03.02,Easy
7943,-,80,75,22.08.10,2,Female,253,21.12.02,Holstein,14620,4,292,-,16.10.31,5.8,69.4,2111,80,"Pregnant, Dry",5,22.02.21,-,-,13,0,1099,919,985,875,787,525,13,0,564,1223,1239,1199,Conf. Step  Up,Yes,2,22.02.21,-,357,2183,-,Female,-,333,Sep,21.09.13,-
7945,-,4,3,22.07.31,12,Female,0,22.05.16,Holstein,12412,4,278,-,16.10.31,5.8,69.4,2111,4,Pregnant (1st Preg Check),3,22.07.04,34.6,206.8,1203,391,1639,1338,1459,1416,1330,1152,1203,391,223,0,1096,1725,2nd Pregn. Check,-,1,22.07.04,-,467,12585,-,Male,-,278,Nov,21.11.07,-
7947,-,4,3,22.07.31,12,Female,0,22.08.10,Holstein,5431,4,218,-,16.10.31,5.8,69.4,2111,4,Bred,1,22.07.23,29.8,179.1,1016,346,1032,1380,1450,1216,1184,938,1016,346,911,786,72,0,Inseminate,-,0,22.07.23,-,493,2482,-,Female,-,218,Jan,22.01.06,Hard
7949,-,4,3,22.07.31,12,Female,182,22.02.11,Holstein,5803,4,251,-,16.10.31,5.8,69.4,2111,4,Pregnant,4,22.05.02,34,208.7,1243,392,1665,1473,1588,1510,1484,1263,1243,392,497,0,0,1260,Conf. Dry Off,Yes,2,22.05.02,-,346,2397,-,Female,-,251,Dec,21.12.04,-
7950,-,80,75,22.07.16,27,Female,277,21.11.08,Holstein,3112,3,284,-,16.11.01,5.8,69.3,2110,80,"Pregnant, Dry",5,22.02.07,-,-,0,0,1458,1336,1497,1406,1377,429,0,0,777,1473,1636,1675,Conf. Step  Up,Yes,2,22.02.07,-,341,12338,-,Male,-,341,Sep,21.09.05,-
7951,-,3,2,22.07.31,12,Female,0,22.07.13,Holstein,1412,4,169,-,16.11.03,5.8,69.3,2108,3,Bred,1,-,33.8,217.8,1254,401,0,133,1283,1379,1420,1261,1254,401,1066,990,856,445,Inseminate,-,0,-,-,416,12875,-,Male,-,169,Feb,22.02.24,-
7954,-,80,75,22.07.23,20,Female,265,21.11.20,Holstein,1706,4,299,-,16.11.03,5.8,69.3,2108,80,"Pregnant, Dry",5,22.02.21,-,-,0,0,1083,912,973,893,841,458,0,0,976,1190,1126,1158,Conf. Step  Up,Yes,2,22.02.21,-,357,12303,-,Male,-,345,Sep,21.09.01,-
7956,-,199,190,22.03.31,134,Female,0,21.12.08,Holstein,-,3,634,Yes,16.11.04,5.8,69.2,2107,199,"Cull, Not Pregnant",1,21.12.04,-,-,0,0,0,0,0,0,0,0,0,0,0,0,0,0,Inseminate,-,0,21.12.04,-,664,11620,-,Male,-,634,Nov,20.11.16,-
7960,-,1,40,22.08.07,5,Female,0,-,Holstein,5838,5,8,-,16.11.05,5.8,69.2,2106,1,Fresh,0,-,23.4,109.5,24,117,1280,1053,1190,1105,1111,901,24,117,1417,1469,1378,1335,Report Heat,-,0,-,-,-,-,-,-,-,8,Aug,22.08.04,Easy
7961,-,22,1,22.08.01,11,Female,0,-,Holstein,12186,4,27,-,16.11.05,5.8,69.2,2106,22,Fresh,0,-,45.2,271.3,526,495,1004,838,991,887,345,0,526,495,1193,1153,1081,1030,Report Heat,-,0,-,-,-,13281,-,Male,-,27,Jul,22.07.16,-
7963,-,199,190,22.03.31,134,Female,0,-,Holstein,-,4,156,Yes,16.11.06,5.8,69.2,2105,199,"Cull, Not Pregnant",1,-,-,-,0,0,0,0,0,0,0,0,0,0,0,0,0,0,Inseminate,-,0,-,-,-,2650,-,Female,-,156,Mar,22.03.09,Hard
7964,-,4,3,22.07.31,12,Female,113,22.04.21,Holstein,5878,4,317,-,16.11.06,5.8,69.2,2105,4,Pregnant,4,22.07.16,39.1,233.5,1325,443,1386,1109,1304,1347,1205,1263,1325,443,36,1499,1666,1621,Conf. Dry Off,Yes,2,22.07.16,-,481,12441,-,Male,-,317,Sep,21.09.29,-
7966,-,3,2,22.07.31,12,Female,0,22.08.10,Holstein,5025,4,130,-,16.11.06,5.8,69.2,2105,3,Bred,1,22.08.06,26.8,171.6,725,313,401,0,0,801,1057,949,725,313,1071,1041,889,814,Inseminate,-,0,22.08.06,-,405,12993,-,Male,-,130,Apr,22.04.04,Easy
7967,-,2,22,22.07.31,12,Female,0,22.08.03,Holstein,5931,4,90,-,16.11.06,5.8,69.2,2105,2,Bred,1,-,48.1,275.2,1610,502,585,212,0,0,691,1512,1610,502,1041,952,842,673,Inseminate,-,0,-,-,358,2806,-,Female,-,90,May,22.05.14,Easy
7968,-,2,22,22.07.31,12,Female,0,-,Holstein,1635,4,51,-,16.11.07,5.8,69.1,2104,2,Fresh,1,-,53.5,293.1,1633,566,468,0,0,0,0,301,1633,566,1006,895,752,575,Inseminate,-,0,-,-,-,13215,-,Male,-,51,Jun,22.06.22,Easy
7971,-,4,3,22.07.31,12,Female,0,22.07.25,Holstein,12621,4,202,-,16.11.07,5.8,69.1,2104,4,Bred,1,22.05.06,31,202.5,1072,388,176,781,1221,1149,1178,1103,1072,388,864,755,413,0,Inseminate,-,0,22.05.06,-,461,12790,-,Male,-,202,Jan,22.01.22,Easy
7972,-,7,6,22.04.05,129,Female,202,22.01.22,Holstein,13156,4,354,-,16.11.08,5.8,69.1,2103,7,Pregnant,4,22.04.18,12.7,71.8,448,141,944,722,703,500,434,426,448,141,1320,1373,1229,1107,Conf. Dry Off,Yes,2,22.04.18,-,429,12262,-,Male,-,354,Aug,21.08.23,-
7974,-,199,190,22.05.01,103,Female,0,22.02.15,Holstein,-,4,250,Yes,16.11.08,5.8,69.1,2103,199,"Cull, Not Pregnant",1,22.03.31,-,-,0,0,0,0,0,0,0,0,0,0,0,0,0,0,Inseminate,-,0,22.03.31,-,349,12679,-,Male,-,250,Dec,21.12.05,Easy
7975,-,3,2,22.07.31,12,Female,0,22.08.09,Holstein,1130,4,149,-,16.11.10,5.8,69,2101,3,Bred,1,-,40.7,236.8,1469,448,291,0,568,1539,1625,1574,1469,448,1225,1078,1046,983,Inseminate,-,0,-,-,423,12931,-,Male,-,149,Mar,22.03.16,Normal
7979,-,199,190,22.02.01,192,Female,0,21.09.24,Holstein,-,3,605,Yes,16.11.11,5.7,69,2100,199,"Cull, Not Pregnant",1,21.09.24,-,-,0,0,0,0,0,0,0,0,0,0,0,0,0,0,Inseminate,-,0,21.09.24,-,560,11705,-,Male,-,605,Dec,20.12.15,Easy
7981,-,75,50,22.07.16,27,Female,246,21.12.09,Holstein,5936,4,335,-,16.11.12,5.7,69,2099,75,"Pregnant, Dry",5,22.02.28,-,-,328,0,1293,1137,1162,1092,1130,875,328,0,1370,1397,1349,1376,Conf. Step  Up,Yes,2,22.02.28,-,393,12228,-,Male,-,362,Aug,21.08.15,-
7986,-,80,75,22.07.23,20,Female,270,21.11.15,Holstein,4660,3,340,-,16.11.16,5.7,68.8,2095,80,"Pregnant, Dry",5,22.01.20,-,-,0,0,353,0,0,0,0,0,0,0,1020,952,859,784,Conf. Step  Up,Yes,2,22.01.20,21.10.23,548,1649,-,Female,-,541,Feb,21.02.17,-
7988,-,4,3,22.07.31,12,Female,124,22.04.10,Holstein,5650,4,202,-,16.11.17,5.7,68.8,2094,4,Pregnant,4,22.07.02,34.1,204.1,1180,363,308,1280,1507,1383,1342,1206,1180,363,1081,993,701,0,Conf. Dry Off,Yes,2,22.07.02,-,355,2537,-,Female,-,202,Jan,22.01.22,-
7993,-,4,3,22.07.31,12,Female,153,22.03.12,Holstein,6403,4,237,-,16.11.18,5.7,68.8,2093,4,Pregnant,4,22.06.20,35.4,210.3,1193,395,1284,1240,1398,1328,1282,1225,1193,395,960,568,0,370,Conf. Dry Off,Yes,2,22.06.20,-,361,12709,-,Male,-,237,Dec,21.12.18,Easy
7994,-,3,2,22.07.31,12,Female,0,22.08.03,Holstein,5703,4,145,-,16.11.18,5.7,68.8,2093,3,Bred,1,22.07.30,43.8,260.6,1547,488,315,0,381,1500,1706,1559,1547,488,1231,1172,1074,880,Inseminate,-,0,22.07.30,-,413,-,-,-,-,145,Mar,22.03.20,-
7996,-,2,22,22.07.31,12,Female,0,22.07.29,Holstein,390,3,81,-,16.11.20,5.7,68.7,2091,2,Bred,1,-,49.7,295.9,1571,543,752,532,0,0,253,1405,1571,543,1020,914,818,743,Inseminate,-,0,-,-,344,13125,-,Male,-,81,May,22.05.23,Easy
7997,-,1,80,22.07.28,15,Female,0,-,Holstein,3334,5,16,-,16.11.20,5.7,68.7,2091,1,Fresh,0,-,36.6,213,69,362,1133,979,998,889,674,0,69,362,1205,1164,1180,1217,Report Heat,-,0,-,-,-,2977,-,Female,-,16,Jul,22.07.27,Easy
7999,-,199,190,22.08.02,10,Female,0,22.05.19,Holstein,-,4,319,Yes,16.11.23,5.7,68.6,2088,199,"Cull, Not Pregnant",1,22.07.04,-,-,0,0,0,0,0,0,0,0,0,0,0,0,0,0,Inseminate,-,0,22.07.04,-,511,2221,-,Female,-,319,Sep,21.09.27,-
8000,-,199,190,22.03.01,164,Female,0,21.05.11,Holstein,-,2,819,Yes,16.11.24,5.7,68.6,2087,199,"Cull, Not Pregnant",1,20.11.10,-,-,0,0,0,0,0,0,0,0,0,0,0,0,0,0,Inseminate,-,0,20.11.10,-,638,10105,-,Male,-,819,May,20.05.15,Hard
8001,-,75,50,22.08.02,10,Female,226,21.12.29,Holstein,4539,3,379,-,16.11.24,5.7,68.6,2087,75,"Pregnant, Dry",5,22.03.21,-,-,430,13,1102,909,924,825,703,384,430,13,1560,1470,1338,1271,Conf. Step  Up,Yes,2,22.03.21,-,440,1943,-,Female,-,389,Jul,21.07.19,-
8002,-,199,190,22.05.01,103,Female,0,21.07.28,Holstein,-,3,590,Yes,16.11.25,5.7,68.5,2086,199,"Cull, Not Pregnant",1,21.10.22,-,-,0,0,0,0,0,0,0,0,0,0,0,0,0,0,Inseminate,-,0,21.10.22,22.01.09,487,1548,-,Female,-,590,Dec,20.12.30,Easy
8005,-,2,22,22.07.31,12,Female,0,22.07.21,Holstein,13067,5,86,-,16.11.25,5.7,68.5,2086,2,Bred,1,-,45.1,274.4,1551,517,1087,877,257,0,526,1483,1551,517,1333,1343,1259,1202,Inseminate,-,0,-,-,341,2813,-,Female,-,86,May,22.05.18,-
8007,-,75,50,22.08.11,1,Female,223,22.01.01,Holstein,6147,4,304,-,16.11.26,5.7,68.5,2085,75,"Pregnant, Dry",5,22.03.30,5.5,40,692,115,1458,1244,1324,1180,1046,894,692,115,0,689,1385,1479,Conf. Step  Up,Yes,2,22.03.30,-,359,2266,-,Female,-,305,Oct,21.10.11,Easy
8010,-,50,7,22.08.11,1,Female,215,22.01.09,Holstein,1424,4,277,-,16.11.29,5.7,68.4,2082,50,Pregnant,4,22.04.04,19.2,117.4,711,224,1241,914,1006,949,910,841,711,224,254,0,808,1354,Conf. Dry Off,Yes,2,22.04.04,-,339,12589,-,Male,-,277,Nov,21.11.08,Hard
8011,-,5,4,22.07.31,12,Female,93,22.05.11,Holstein,8414,4,260,-,16.11.29,5.7,68.4,2082,5,Pregnant,4,22.08.01,36.7,207.8,1140,384,1502,1255,1347,1259,1239,1176,1140,384,756,32,112,1325,Conf. Dry Off,Yes,2,22.08.01,-,444,12653,-,Male,-,260,Nov,21.11.25,Easy
8013,-,199,190,22.06.04,69,Female,0,-,Holstein,-,4,195,Yes,16.11.30,5.7,68.4,2081,199,"Cull, Not Pregnant",1,-,-,-,0,0,0,0,0,0,0,0,0,0,0,0,0,0,Inseminate,-,0,-,-,-,2553,-,Female,-,195,Jan,22.01.29,-
8017,-,6,5,22.07.31,12,Female,0,22.06.09,Holstein,2406,3,393,-,16.12.01,5.7,68.3,2080,6,Pregnant (1st Preg Check),3,22.07.14,29.2,171.7,930,320,1223,1094,1175,995,1042,996,930,320,1447,1344,1273,1281,2nd Pregn. Check,-,1,22.07.14,-,606,12127,-,Male,-,393,Jul,21.07.15,Easy
8020,-,1,40,22.08.08,4,Female,0,-,Holstein,6052,5,12,-,16.12.02,5.7,68.3,2079,1,Fresh,0,-,37.5,204.6,0,313,1328,1153,1238,1122,1114,180,0,313,809,1513,1427,1460,Report Heat,-,0,-,-,-,-,-,-,-,12,Jul,22.07.31,-
8022,-,6,5,22.07.31,12,Female,0,22.07.27,Holstein,5390,4,386,-,16.12.02,5.7,68.3,2079,6,Bred,1,22.04.28,30,181.5,1030,334,1221,1087,1113,1088,1083,1061,1030,334,1350,1343,1296,1301,Inseminate,-,0,22.04.28,-,647,-,-,-,-,386,Jul,21.07.22,Easy
8023,-,199,190,22.02.01,192,Female,0,21.09.22,Holstein,-,3,602,Yes,16.12.02,5.7,68.3,2079,199,"Cull, Not Pregnant",1,21.12.11,-,-,0,0,0,0,0,0,0,0,0,0,0,0,0,0,Inseminate,-,0,21.12.11,-,555,11718,-,Male,-,602,Dec,20.12.18,Easy
8025,-,7,40,22.07.23,20,Female,174,22.02.19,Holstein,3387,4,365,-,16.12.03,5.7,68.3,2078,7,Pregnant,4,22.05.16,11.3,70.7,451,139,710,610,668,530,483,463,451,139,1001,976,887,852,Conf. Dry Off,Yes,2,22.05.16,-,468,2047,-,Female,-,365,Aug,21.08.12,-
8027,-,4,3,22.07.31,12,Female,175,22.02.18,Holstein,8600,3,362,-,16.12.04,5.7,68.2,2077,4,Pregnant,4,22.05.16,41.2,232.1,1381,443,1526,1394,1498,1467,1485,1370,1381,443,1617,1683,1576,1639,Conf. Dry Off,Yes,2,22.05.16,-,464,12229,-,Male,-,362,Aug,21.08.15,-
8028,-,22,1,22.08.04,8,Female,0,-,Holstein,7093,4,25,-,16.12.05,5.7,68.2,2076,22,Fresh,0,-,46.4,264.5,462,483,962,721,670,204,0,0,462,483,1286,1224,1106,1020,Report Heat,-,0,-,-,-,2953,-,Female,-,25,Jul,22.07.18,-
8029,-,7,5,22.08.10,2,Female,205,22.01.19,Holstein,1186,4,310,-,16.12.05,5.7,68.2,2076,7,Pregnant,4,22.04.11,32.6,206,1184,385,1379,1231,1336,1295,1263,1156,1184,385,0,1032,1570,1563,Conf. Dry Off,Yes,2,22.04.11,-,382,2244,-,Female,-,310,Oct,21.10.06,-
8030,-,75,50,22.07.23,20,Female,240,21.12.15,Holstein,12188,4,303,-,16.12.06,5.7,68.2,2075,75,"Pregnant, Dry",5,22.03.07,-,-,479,0,1106,958,963,913,874,803,479,0,186,1205,1280,1218,Conf. Step  Up,Yes,2,22.03.07,-,360,12421,-,Male,-,323,Sep,21.09.23,Easy
8032,-,22,1,22.08.01,11,Female,0,-,Holstein,1522,4,41,-,16.12.06,5.7,68.2,2075,22,Fresh,1,-,54.6,311,1379,558,1263,1028,1065,802,7,0,1379,558,1577,1493,1439,1377,Inseminate,-,0,-,-,-,2913,-,Female,-,41,Jul,22.07.02,Easy
8033,-,80,75,22.07.23,20,Female,267,21.11.18,Holstein,192,3,283,-,16.12.07,5.7,68.1,2074,80,"Pregnant, Dry",5,22.02.07,-,-,0,0,1467,1282,1386,1332,1276,619,0,0,571,1410,1458,1545,Conf. Step  Up,Yes,2,22.02.07,-,345,-,-,-,-,335,Sep,21.09.11,-
8037,-,199,190,22.05.01,103,Female,0,20.11.18,Holstein,-,2,1072,Yes,16.12.08,5.7,68.1,2073,199,"Cull, Not Pregnant",1,20.12.24,-,-,0,0,0,0,0,0,0,0,0,0,0,0,0,0,Inseminate,-,0,20.12.24,20.08.24,717,375,-,Female,-,1072,Sep,19.09.05,Easy
8038,-,6,5,22.07.31,12,Female,0,22.08.02,Holstein,1492,4,300,-,16.12.08,5.7,68.1,2073,6,Bred,1,22.08.02,23.3,142.5,763,257,1316,1033,1092,888,957,788,763,257,0,429,1317,1399,Inseminate,-,0,22.08.02,-,567,12506,-,Male,-,300,Oct,21.10.16,Easy
8039,-,5,4,22.07.31,12,Female,0,22.06.22,Holstein,2619,3,312,-,16.12.09,5.7,68.1,2072,5,Pregnant (1st Preg Check),3,22.07.30,31.1,191.8,1072,349,1347,1137,1402,1403,1385,1099,1072,349,0,1217,1459,1531,2nd Pregn. Check,-,1,22.07.30,-,538,12462,-,Male,-,312,Oct,21.10.04,Easy
8041,-,75,50,22.08.11,1,Female,219,22.01.05,Holstein,101,4,324,-,16.12.10,5.7,68,2071,75,"Pregnant, Dry",5,22.03.30,5.2,40.4,870,138,1429,1214,1273,1225,1120,1029,870,138,349,1537,1590,1562,Conf. Step  Up,Yes,2,22.03.30,-,383,2206,-,Female,-,325,Sep,21.09.21,Easy
8042,-,199,190,22.03.01,164,Female,0,21.05.05,Holstein,-,2,658,Yes,16.12.10,5.7,68,2071,199,"Cull, Not Pregnant",1,21.06.19,-,-,0,0,0,0,0,0,0,0,0,0,0,0,0,0,Inseminate,-,0,21.06.19,-,471,11547,-,Male,-,658,Oct,20.10.23,-
8047,-,3,2,22.07.31,12,Female,0,22.05.27,Holstein,6587,4,141,-,16.12.12,5.7,68,2069,3,Pregnant (1st Preg Check),3,22.07.11,18.1,120.4,662,216,230,0,173,1004,931,770,662,216,1097,1026,915,722,2nd Pregn. Check,-,1,22.07.11,-,341,2686,-,Female,-,141,Mar,22.03.24,Easy
8048,-,4,3,22.07.31,12,Female,0,22.05.20,Holstein,500,4,202,-,16.12.12,5.7,68,2069,4,Pregnant (1st Preg Check),3,22.07.04,38.8,234.1,1283,431,278,1274,1532,1462,1474,1267,1283,431,642,393,0,0,2nd Pregn. Check,-,1,22.07.04,-,395,2538,-,Female,-,202,Jan,22.01.22,-
8050,-,80,75,22.07.23,20,Female,274,21.11.11,Holstein,783,4,274,-,16.12.12,5.7,68,2069,80,"Pregnant, Dry",5,22.02.07,-,-,0,0,1409,1167,1195,1084,1019,333,0,0,540,1485,1493,1506,Conf. Step  Up,Yes,2,22.02.07,-,334,2189,-,Female,-,331,Sep,21.09.15,Easy
8053,-,75,50,22.08.02,10,Female,226,21.12.29,Holstein,8661,3,336,-,16.12.14,5.7,67.9,2067,75,"Pregnant, Dry",5,22.03.21,-,-,739,12,1327,1225,1315,1140,1036,879,739,12,1403,1497,1422,1455,Conf. Step  Up,Yes,2,22.03.21,-,397,2121,-,Female,-,346,Aug,21.08.31,-
8054,-,4,3,22.07.31,12,Female,0,22.07.31,Holstein,8404,3,341,-,16.12.14,5.7,67.9,2067,4,Bred,1,22.02.17,47.4,270.9,1585,518,1920,1772,1696,1791,1760,1578,1585,518,1109,1788,1771,1937,Inseminate,-,0,22.02.17,-,606,2156,-,Female,-,341,Sep,21.09.05,Hard
8055,-,7,6,22.07.20,23,Female,146,22.03.19,Holstein,8978,3,372,-,16.12.15,5.7,67.9,2066,7,Pregnant,4,22.06.20,16.9,91.8,591,182,1141,933,908,813,735,671,591,182,1420,1412,1333,1233,Conf. Dry Off,Yes,2,22.06.20,-,503,2010,-,Female,-,372,Aug,21.08.05,-
8057,-,3,2,22.07.31,12,Female,0,22.07.06,Holstein,4672,4,183,-,16.12.15,5.7,67.9,2066,3,Bred,2,22.05.19,32.6,199,1065,363,0,595,1117,1290,1314,1144,1065,363,789,582,268,0,Pregn. Check,-,0,22.05.19,-,423,2593,-,Female,-,183,Feb,22.02.10,-
8059,-,4,3,22.07.31,12,Female,0,22.08.01,Holstein,1375,3,200,-,16.12.15,5.7,67.9,2066,4,Bred,1,22.05.11,33.7,225.9,1328,433,280,1281,1449,1489,1496,1325,1328,433,899,817,555,0,Inseminate,-,0,22.05.11,-,466,12791,-,Male,-,200,Jan,22.01.24,-
8063,-,4,3,22.07.31,12,Female,169,22.02.24,Holstein,5644,4,281,-,16.12.17,5.7,67.8,2064,4,Pregnant,4,22.05.16,37.2,219.2,1314,405,1733,1474,1637,1558,1568,1361,1314,405,274,0,1406,1922,Conf. Dry Off,Yes,2,22.05.16,-,389,12578,-,Male,-,281,Nov,21.11.04,-
8064,-,4,3,22.07.31,12,Female,190,22.02.03,Holstein,2652,4,256,-,16.12.19,5.6,67.7,2062,4,Pregnant,4,22.05.02,35,203,1195,388,1404,1353,1481,1416,1379,1213,1195,388,796,34,42,1250,Conf. Dry Off,Yes,2,22.05.02,-,343,12661,-,Male,-,256,Nov,21.11.29,-
8065,-,75,50,22.08.11,1,Female,199,22.01.25,Holstein,3012,4,313,-,16.12.19,5.6,67.7,2062,75,"Pregnant, Dry",5,22.04.18,4.9,36.9,538,95,1252,992,1042,927,811,641,538,95,0,1105,1430,1323,Conf. Step  Up,Yes,2,22.04.18,-,392,12454,-,Male,-,314,Oct,21.10.02,-
8066,-,5,4,22.07.31,12,Female,190,22.02.03,Holstein,8160,4,295,-,16.12.20,5.6,67.7,2061,5,Pregnant,4,22.05.02,33.3,190.7,1047,357,1439,1201,1286,1242,1192,1085,1047,357,0,395,1475,1500,Conf. Dry Off,Yes,2,22.05.02,-,382,2320,-,Female,-,295,Oct,21.10.21,-
8068,-,3,2,22.07.31,12,Female,99,22.05.05,Holstein,6487,4,190,-,16.12.20,5.6,67.7,2061,3,Pregnant,4,22.08.01,37.5,216.9,1300,405,0,963,1501,1442,1429,1361,1300,405,664,305,0,0,Conf. Dry Off,Yes,2,22.08.01,-,368,2574,-,Female,-,190,Feb,22.02.03,Normal
8069,-,7,6,22.08.04,8,Female,207,22.01.17,Holstein,873,4,330,-,16.12.22,5.6,67.6,2059,7,Pregnant,4,22.04.11,27.7,155.1,1000,305,1393,1203,1284,1179,1187,1102,1000,305,428,1390,1426,1398,Conf. Dry Off,Yes,2,22.04.11,-,400,12392,-,Male,-,330,Sep,21.09.16,-
8074,-,3,2,22.07.31,12,Female,0,22.08.06,Holstein,214,3,155,-,16.12.26,5.6,67.5,2055,3,Bred,1,22.08.06,44.2,250.2,1385,447,67,0,843,1520,1554,1401,1385,447,961,900,820,580,Inseminate,-,0,22.08.06,-,426,-,-,-,-,155,Mar,22.03.10,Hard
8075,-,2,22,22.07.31,12,Female,0,-,Holstein,2198,3,81,-,16.12.27,5.6,67.5,2054,2,Fresh,1,-,47.3,274.4,1625,518,317,0,0,19,252,1404,1625,518,573,625,582,585,Inseminate,-,0,-,-,-,13127,-,Male,-,81,May,22.05.23,Easy
8076,-,3,2,22.07.31,12,Female,0,22.06.08,Holstein,2009,4,190,-,16.12.28,5.6,67.4,2053,3,Pregnant (1st Preg Check),3,22.07.14,33.6,209.5,1276,391,0,1076,1588,1598,1549,1248,1276,391,927,840,628,0,2nd Pregn. Check,-,1,22.07.14,-,402,-,-,-,-,190,Feb,22.02.03,-
8077,-,5,4,22.07.31,12,Female,0,22.06.22,Holstein,14005,3,341,-,16.12.30,5.6,67.4,2051,5,Open,1,22.07.30,36.5,205.7,1256,360,1518,1353,1561,1365,1236,1236,1256,360,1123,1548,1594,1700,Inseminate,-,0,22.07.30,-,567,12331,-,Male,-,341,Sep,21.09.05,-
8082,-,199,190,22.02.01,192,Female,0,20.04.29,Holstein,-,1,1363,Yes,16.12.31,5.6,67.4,2050,199,"Cull, Not Pregnant",1,20.07.02,-,-,0,0,0,0,0,0,0,0,0,0,0,0,0,0,Inseminate,-,0,20.07.02,-,805,9740,-,Female,-,1363,Nov,18.11.18,Normal
8084,-,199,190,22.05.01,103,Female,0,21.11.17,Holstein,-,2,753,Yes,17.01.02,5.6,67.3,2048,199,"Cull, Not Pregnant",1,21.12.23,-,-,0,0,0,0,0,0,0,0,0,0,0,0,0,0,Inseminate,-,0,21.12.23,-,762,11159,-,Male,-,753,Jul,20.07.20,Easy
8086,-,3,2,22.07.31,12,Female,0,22.07.22,Holstein,1051,4,164,-,17.01.02,5.6,67.3,2048,3,Bred,1,22.06.30,45.2,274.8,1530,512,51,5,1353,1638,1663,1545,1530,512,1133,983,793,466,Inseminate,-,0,22.06.30,-,420,2636,-,Female,-,164,Mar,22.03.01,-
8087,-,80,75,22.07.23,20,Female,266,21.11.19,Holstein,1343,3,291,-,17.01.03,5.6,67.3,2047,80,"Pregnant, Dry",5,22.02.07,-,-,0,0,1383,1093,1229,1160,978,48,0,0,1371,1223,1428,1477,Conf. Step  Up,Yes,2,22.02.07,-,363,2098,-,Female,-,352,Aug,21.08.25,-
8089,-,3,2,22.07.31,12,Female,0,22.08.03,Holstein,5516,4,193,-,17.01.03,5.6,67.3,2047,3,Bred,1,22.07.30,41,250.4,1370,458,10,1261,1602,1567,1627,1480,1370,458,1060,887,522,0,Inseminate,-,0,22.07.30,-,461,2566,-,Female,-,193,Jan,22.01.31,-
8090,-,5,4,22.07.31,12,Female,134,22.03.31,Holstein,3971,3,300,-,17.01.04,5.6,67.2,2046,5,Pregnant,4,22.06.18,29.8,172.1,1018,324,1446,1198,1298,1238,1249,1051,1018,324,0,496,1453,1522,Conf. Dry Off,Yes,2,22.06.18,-,443,12504,-,Male,-,300,Oct,21.10.16,Easy
8092,-,6,5,22.07.31,12,Female,0,22.07.19,Holstein,113,3,355,-,17.01.05,5.6,67.2,2045,6,Bred,1,22.06.28,29.4,168.9,949,311,1322,1118,1190,1049,1067,1043,949,311,1255,1425,1338,1315,Inseminate,-,0,22.06.28,-,608,2088,-,Female,-,355,Aug,21.08.22,-
8096,-,12,11,22.08.10,2,Female,0,22.08.05,Holstein,6519,3,115,-,17.01.10,5.6,67,2040,12,Bred,1,22.07.30,40.6,228,1244,432,0,0,0,345,1207,1304,1244,432,445,324,0,0,Inseminate,-,0,22.07.30,-,385,2750,-,Female,-,115,Apr,22.04.19,-
8097,-,4,3,22.07.31,12,Female,0,22.06.06,Holstein,1767,4,269,-,17.01.11,5.6,67,2039,4,Pregnant (1st Preg Check),3,22.07.14,26.1,162.9,911,302,1216,1079,1143,1054,1054,939,911,302,282,0,382,1218,2nd Pregn. Check,-,1,22.07.14,-,479,12650,-,Male,-,269,Nov,21.11.16,-
8099,-,5,4,22.07.31,12,Female,0,22.05.28,Holstein,1560,3,303,-,17.01.12,5.6,67,2038,5,Pregnant (1st Preg Check),3,22.07.11,21.4,138.5,918,266,1587,1361,1397,1235,1165,1083,918,266,0,775,1648,1677,2nd Pregn. Check,-,1,22.07.11,-,504,12486,-,Male,-,303,Oct,21.10.13,-
8100,-,4,3,22.07.31,12,Female,0,22.08.03,Holstein,1823,4,268,-,17.01.12,5.6,67,2038,4,Bred,1,22.08.02,35.3,209.2,1194,392,1447,1288,1416,1341,1324,1195,1194,392,0,0,373,1317,Inseminate,-,0,22.08.02,-,536,12622,-,Male,-,268,Nov,21.11.17,-
8102,-,4,3,22.07.31,12,Female,0,-,Holstein,6211,3,228,-,17.01.13,5.6,66.9,2037,4,Fresh,1,-,31.6,199.7,1140,371,996,919,1292,1262,1271,1138,1140,371,977,720,0,83,Inseminate,-,0,-,-,-,2455,-,Female,-,228,Dec,21.12.27,-
8103,-,3,2,22.07.31,12,Female,0,22.07.17,Holstein,6633,3,187,-,17.01.15,5.6,66.9,2035,3,Bred,1,22.07.11,40.1,242.9,1452,447,0,998,1715,1735,1641,1493,1452,447,923,756,112,0,Inseminate,-,0,22.07.11,-,438,2587,-,Female,-,187,Feb,22.02.06,Easy
8104,-,80,75,22.08.10,2,Female,253,21.12.02,Holstein,1405,3,294,-,17.01.15,5.6,66.9,2035,80,"Pregnant, Dry",5,22.02.21,-,-,213,0,1463,1258,1398,1340,1267,908,213,0,356,1376,1480,1580,Conf. Step  Up,Yes,2,22.02.21,-,351,12399,-,Male,-,327,Sep,21.09.19,Easy
8105,-,4,3,22.07.31,12,Female,149,22.03.16,Holstein,6736,4,254,-,17.01.16,5.6,66.8,2034,4,Pregnant,4,22.06.20,30.6,183.3,1038,333,1353,1175,1216,1157,1143,1036,1038,333,453,0,0,1225,Conf. Dry Off,Yes,2,22.06.20,-,382,12667,-,Male,-,254,Dec,21.12.01,-
8110,-,7,6,22.07.21,22,Female,0,22.02.15,Holstein,4013,3,518,-,17.01.19,5.6,66.7,2031,7,Open,1,-,13.1,76.7,533,153,868,721,739,726,598,592,533,153,1097,1014,838,768,Inseminate,-,0,-,-,617,1682,-,Female,-,518,Mar,21.03.12,Easy
8111,-,80,75,22.08.02,10,Female,256,21.11.29,Holstein,12805,3,428,-,17.01.19,5.6,66.7,2031,80,"Pregnant, Dry",5,22.02.21,-,-,0,0,1134,1026,1033,968,797,318,0,0,1417,1358,1251,1222,Conf. Step  Up,Yes,2,22.02.21,-,501,12001,-,Male,-,480,Apr,21.04.19,-
8112,-,80,75,22.07.23,20,Female,270,21.11.15,Holstein,6742,3,332,-,17.01.20,5.6,66.7,2030,80,"Pregnant, Dry",5,22.02.07,-,-,0,0,1195,1053,1056,990,938,440,0,0,1392,1377,1284,1275,Conf. Step  Up,Yes,2,22.02.07,-,391,1957,-,Female,-,384,Jul,21.07.24,-
8114,-,5,4,22.07.31,12,Female,0,22.07.06,Holstein,7057,4,305,-,17.01.20,5.6,66.7,2030,5,Bred,2,22.07.01,36.7,215.2,1234,399,1477,1249,1347,1319,1343,1281,1234,399,0,799,1486,1529,Pregn. Check,-,0,22.07.01,-,545,12480,-,Male,-,305,Oct,21.10.11,-
8115,-,3,2,22.07.31,12,Female,0,22.08.03,Holstein,2671,4,149,-,17.01.20,5.6,66.7,2030,3,Bred,1,22.07.14,47.6,276.3,1610,512,291,0,554,1565,1796,1567,1610,512,1311,1273,1150,971,Inseminate,-,0,22.07.14,-,417,12932,-,Male,-,149,Mar,22.03.16,Normal
8116,-,4,3,22.07.31,12,Female,0,22.07.13,Holstein,5539,4,204,-,17.01.21,5.6,66.7,2029,4,Bred,1,22.06.18,46.6,285.5,1558,537,433,1313,1714,1695,1684,1592,1558,537,1014,857,524,0,Inseminate,-,0,22.06.18,-,451,2531,-,Female,-,204,Jan,22.01.20,Easy
8119,-,190,99,22.08.08,4,Female,0,-,Holstein,-,4,16,Yes,17.01.23,5.5,66.6,2027,190,"Cull, Not Pregnant",0,-,-,-,0,0,0,0,0,0,0,0,0,0,0,0,0,0,Report Heat,-,0,-,-,-,13315,-,Male,-,16,Jul,22.07.27,-
8128,-,3,2,22.07.31,12,Female,0,22.07.03,Holstein,4376,4,169,-,17.01.29,5.5,66.4,2021,3,Bred,2,22.07.03,29.2,179.1,964,334,0,60,846,974,1011,944,964,334,754,699,534,192,Pregn. Check,-,0,22.07.03,-,406,12876,-,Male,-,169,Feb,22.02.24,-
8129,-,5,4,22.07.31,12,Female,0,22.07.23,Holstein,13951,4,258,-,17.01.30,5.5,66.4,2020,5,Bred,1,22.06.08,29.5,186,1065,340,1636,1497,1562,1450,1396,1217,1065,340,772,32,115,1521,Inseminate,-,0,22.06.08,-,515,12657,-,Male,-,258,Nov,21.11.27,-
8131,-,5,4,22.07.31,12,Female,0,22.07.27,Holstein,9997,3,381,-,17.01.30,5.5,66.4,2020,5,Bred,1,22.06.18,32.9,186.8,1041,340,1254,1009,1089,1026,1097,1048,1041,340,1635,1629,1498,1402,Inseminate,-,0,22.06.18,-,642,1970,-,Female,-,381,Jul,21.07.27,-
8132,-,1,80,22.07.27,16,Female,0,-,Holstein,7854,4,16,-,17.01.31,5.5,66.3,2019,1,Fresh,0,-,50.4,266.4,186,487,1469,1199,1159,1162,574,0,186,487,1621,1648,1454,1520,Report Heat,-,0,-,-,-,13313,-,Male,-,16,Jul,22.07.27,-
8133,-,3,2,22.07.31,12,Female,0,22.08.03,Holstein,6336,4,118,-,17.01.31,5.5,66.3,2019,3,Bred,1,22.07.14,50.1,310.7,1731,568,144,0,0,608,1761,1793,1731,568,1082,925,755,596,Inseminate,-,0,22.07.14,-,386,13028,-,Male,-,118,Apr,22.04.16,-
8134,-,2,22,22.07.31,12,Female,0,22.07.27,Holstein,5723,3,104,-,17.01.02,5.6,67.3,2048,2,Bred,1,-,42.1,268.5,1547,504,794,443,0,22,1270,1509,1547,504,902,818,908,817,Inseminate,-,0,-,-,365,13070,-,Male,-,104,Apr,22.04.30,-
8135,-,5,4,22.07.31,12,Female,0,22.07.27,Holstein,4973,3,339,-,17.01.31,5.5,66.3,2019,5,Bred (Aborted) ,1,22.07.14,34.1,200.9,1126,376,1251,1069,1204,1215,1192,1111,1126,376,826,1313,1312,1276,Inseminate,-,0,22.07.14,22.04.06,600,2161,-,Female,-,339,Sep,21.09.07,Easy
8139,-,3,2,22.07.31,12,Female,0,22.07.27,Holstein,1631,4,176,-,17.02.03,5.5,66.2,2016,3,Bred,1,22.07.05,39.6,219.5,1320,410,0,379,1391,1485,1417,1347,1320,410,1039,901,816,288,Inseminate,-,0,22.07.05,-,437,2608,-,Female,-,176,Feb,22.02.17,-
8141,-,199,190,22.03.31,134,Female,0,-,Holstein,-,4,198,Yes,17.02.04,5.5,66.2,2015,199,"Cull, Not Pregnant",1,-,-,-,0,0,0,0,0,0,0,0,0,0,0,0,0,0,Inseminate,-,0,-,-,-,12795,-,Male,-,198,Jan,22.01.26,-
8143,-,4,3,22.07.31,12,Female,0,22.08.05,Holstein,3432,3,265,-,17.02.04,5.5,66.2,2015,4,Bred,1,22.05.19,32.2,225.1,1248,417,1470,1259,1362,1234,1302,1269,1248,417,284,0,369,1584,Inseminate,-,0,22.05.19,-,535,12631,-,Female,-,265,Nov,21.11.20,Easy
8144,-,5,4,22.07.31,12,Female,0,22.07.20,Holstein,5659,3,339,-,17.02.04,5.5,66.2,2015,5,Bred,1,22.05.08,33.5,188.9,1146,348,1555,1256,1393,1361,1317,1211,1146,348,1075,1606,1627,1543,Inseminate,-,0,22.05.08,-,593,2160,-,Female,-,339,Sep,21.09.07,Easy
8147,-,1,80,22.07.30,13,Female,0,-,Holstein,667,4,13,-,17.02.06,5.5,66.1,2013,1,Fresh,0,-,43.6,236.9,35,398,182,0,0,0,0,0,35,398,779,682,535,536,Report Heat,-,0,-,-,-,13323,-,Male,-,13,Jul,22.07.30,-
8148,-,6,5,22.07.31,12,Female,0,22.04.11,Holstein,3129,2,591,-,17.02.07,5.5,66.1,2012,6,Open (Aborted),1,22.05.17,23.5,131.6,637,237,921,886,871,848,772,683,637,237,1146,1128,1035,930,Inseminate,-,0,22.05.17,22.01.12,745,11749,-,Male,-,591,Dec,20.12.29,-
8152,-,199,190,22.03.31,134,Female,0,21.11.03,Holstein,-,2,753,Yes,17.02.08,5.5,66.1,2011,199,"Cull, Not Pregnant",1,21.06.11,-,-,0,0,0,0,0,0,0,0,0,0,0,0,0,0,Inseminate,-,0,21.06.11,-,748,11160,-,Male,-,753,Jul,20.07.20,Easy
8154,-,3,2,22.07.31,12,Female,0,22.08.02,Holstein,2618,4,197,-,17.02.12,5.5,65.9,2007,3,Bred,1,22.08.02,29.3,189.4,1138,358,138,1140,1292,1235,1157,1114,1138,358,832,716,412,0,Inseminate,-,0,22.08.02,-,464,-,-,-,-,197,Jan,22.01.27,-
8158,-,4,3,22.07.31,12,Female,0,22.06.22,Holstein,828,3,220,-,17.02.10,5.5,66,2009,4,Pregnant (1st Preg Check),3,22.07.30,46.8,282.9,1686,515,1288,1594,1789,1704,1726,1583,1686,515,1034,947,69,0,2nd Pregn. Check,-,1,22.07.30,-,446,12753,-,Male,-,220,Jan,22.01.04,-
8159,-,3,2,22.07.31,12,Female,0,22.07.08,Holstein,5901,3,173,-,17.02.11,5.5,66,2008,3,Open,1,22.07.08,39.2,223,1327,420,0,349,1565,1564,1505,1428,1327,420,611,634,502,161,Inseminate,-,0,22.07.08,-,415,12861,-,Male,-,173,Feb,22.02.20,-
8160,-,5,4,22.07.31,12,Female,0,22.06.27,Holstein,7655,3,339,-,17.02.11,5.5,66,2008,5,Open,1,22.08.01,33.9,163.4,1033,319,1751,1528,1639,1507,1406,1278,1033,319,1104,1713,1783,1822,Inseminate,-,0,22.08.01,-,570,2157,-,Female,-,339,Sep,21.09.07,Easy
8163,-,5,4,22.07.31,12,Female,192,22.02.01,Holstein,7054,3,347,-,17.02.12,5.5,65.9,2007,5,Pregnant,4,22.05.02,35.3,205.4,1128,381,1368,1176,1252,1238,1281,1189,1128,381,1480,1664,1584,1497,Conf. Dry Off,Yes,2,22.05.02,-,432,12289,-,Male,-,347,Aug,21.08.30,-
8164,-,50,7,22.08.11,1,Female,212,22.01.12,Holstein,8019,2,563,-,17.02.12,5.5,65.9,2007,50,Pregnant,4,22.04.04,15.4,82.7,576,165,947,740,840,808,740,601,576,165,1208,1194,1108,1000,Conf. Dry Off,Yes,2,22.04.04,-,628,1611,-,Female,-,563,Jan,21.01.26,Easy
8165,-,2,22,22.07.31,12,Female,0,22.07.27,Holstein,6539,4,101,-,17.02.12,5.5,65.9,2007,2,Bred,1,-,29.2,197.6,1479,404,488,0,0,0,1121,1567,1479,404,1213,1153,961,778,Inseminate,-,0,-,-,362,13087,-,Male,-,101,May,22.05.03,Easy
8167,-,5,4,22.07.31,12,Female,0,22.07.20,Holstein,14576,3,334,-,17.02.12,5.5,65.9,2007,5,Bred,1,22.06.20,33,192.1,1124,356,1233,1115,1185,1181,1141,1115,1124,356,769,1140,1149,1305,Inseminate,-,0,22.06.20,-,588,2182,-,Female,-,334,Sep,21.09.12,-
8168,-,4,3,22.07.31,12,Female,186,22.02.07,Holstein,2100,3,256,-,17.02.12,5.5,65.9,2007,4,Pregnant,4,22.05.02,39.5,256.2,1417,477,1584,1439,1627,1494,1538,1386,1417,477,897,40,19,1359,Conf. Dry Off,Yes,2,22.05.02,-,347,2386,-,Female,-,256,Nov,21.11.29,Easy
8171,-,199,190,22.08.02,10,Female,0,21.12.21,Holstein,-,2,902,Yes,17.02.13,5.5,65.9,2006,199,"Cull, Not Pregnant",1,21.12.01,-,-,0,0,0,0,0,0,0,0,0,0,0,0,0,0,Inseminate,-,0,21.12.01,21.04.22,945,801,-,Female,-,902,Feb,20.02.22,-
8172,-,7,6,22.08.04,8,Female,206,22.01.18,Holstein,3874,3,526,-,17.02.13,5.5,65.9,2006,7,Pregnant,4,22.04.11,20.2,110.8,794,224,1051,876,956,918,933,868,794,224,1084,1087,1110,1062,Conf. Dry Off,Yes,2,22.04.11,-,597,1669,-,Female,-,526,Mar,21.03.04,-
8173,-,3,2,22.07.31,12,Female,0,22.06.01,Holstein,198,4,193,-,17.02.14,5.5,65.9,2005,3,Pregnant (1st Preg Check),3,22.07.14,35.2,226.8,1220,417,19,1220,1395,1413,1375,1210,1220,417,1115,978,653,0,2nd Pregn. Check,-,1,22.07.14,-,398,12810,-,Male,-,193,Jan,22.01.31,-
8180,-,3,2,22.07.31,12,Female,0,22.07.16,Holstein,2907,4,139,-,17.02.15,5.5,65.8,2004,3,Bred,1,-,44.7,256.3,1500,482,518,0,163,1475,1644,1604,1500,482,1274,1210,1149,1074,Inseminate,-,0,-,-,389,2691,-,Female,-,139,Mar,22.03.26,-
8182,-,5,4,22.07.31,12,Female,0,22.08.04,Holstein,18,3,256,-,17.02.15,5.5,65.8,2004,5,Bred,1,22.06.18,35.8,202.7,1188,377,1513,1338,1425,1370,1273,1200,1188,377,215,0,32,1288,Inseminate,-,0,22.06.18,-,525,12662,-,Male,-,256,Nov,21.11.29,-
8183,-,199,190,22.07.02,41,Female,0,22.04.26,Holstein,-,4,216,Yes,17.02.16,5.5,65.8,2003,199,"Cull, Not Pregnant",1,22.04.16,-,-,0,0,0,0,0,0,0,0,0,0,0,0,0,0,Inseminate,-,0,22.04.16,-,385,12761,-,Male,-,216,Jan,22.01.08,-
8186,-,4,70,22.08.01,11,Female,145,22.03.20,Holstein,4010,4,215,-,17.02.17,5.5,65.8,2002,4,Pregnant,4,22.06.20,39.5,222.1,1377,399,977,1528,1687,1611,1583,1445,1377,399,1110,866,212,0,Conf. Dry Off,Yes,2,22.06.20,-,347,12762,-,Male,-,215,Jan,22.01.09,-
8187,-,4,3,22.07.31,12,Female,149,22.03.16,Holstein,1520,3,248,-,17.02.17,5.5,65.8,2002,4,Pregnant,4,22.06.20,33.5,205.1,1123,384,1452,1303,1372,1312,1331,1195,1123,384,534,0,0,950,Conf. Dry Off,Yes,2,22.06.20,-,376,12680,-,Male,-,248,Dec,21.12.07,-
8189,-,4,3,22.07.31,12,Female,0,22.08.01,Holstein,1364,4,236,-,17.02.19,5.5,65.7,2000,4,Bred,1,22.05.03,43.3,241.4,1391,456,1644,1622,1652,1603,1547,1452,1391,456,1188,762,0,420,Inseminate,-,0,22.05.03,-,502,2430,-,Female,-,236,Dec,21.12.19,Easy
8193,-,4,3,22.07.31,12,Female,0,22.07.10,Holstein,6710,3,295,-,17.02.19,5.5,65.7,2000,4,Bred,2,22.05.04,41.2,241.5,1332,456,1469,1347,1329,1417,1408,1194,1332,456,0,403,1554,1718,Pregn. Check,-,0,22.05.04,-,539,2302,-,Female,-,295,Oct,21.10.21,-
8195,-,3,2,22.07.31,12,Female,0,22.06.23,Holstein,575,4,179,-,17.02.19,5.5,65.7,2000,3,Open,1,22.07.30,43.1,270.6,1488,512,0,539,1421,1429,1553,1306,1488,512,1296,1253,1172,485,Inseminate,-,0,22.07.30,-,406,2603,-,Female,-,179,Feb,22.02.14,-
8197,-,3,2,22.07.31,12,Female,0,22.07.23,Holstein,48,4,180,-,17.02.21,5.5,65.6,1998,3,Bred,1,-,43.9,269.5,1371,492,0,714,1686,1752,1679,1604,1371,492,1325,1218,1084,412,Inseminate,-,0,-,-,437,12847,-,Male,-,180,Feb,22.02.13,-
8200,-,6,5,22.07.31,12,Female,0,22.07.20,Holstein,4849,3,484,-,17.02.21,5.5,65.6,1998,6,Bred,1,22.03.08,25.3,152.3,880,282,1065,924,1006,971,878,913,880,282,1363,1335,1232,1195,Inseminate,-,0,22.03.08,-,738,11988,-,Male,-,484,Apr,21.04.15,Easy
8201,-,199,190,22.07.02,41,Female,0,21.03.24,Holstein,-,2,736,Yes,17.02.22,5.5,65.6,1997,199,"Cull, Not Pregnant",1,21.05.01,-,-,0,0,0,0,0,0,0,0,0,0,0,0,0,0,Inseminate,-,0,21.05.01,-,507,11208,-,Male,-,736,Aug,20.08.06,Hard
8205,-,75,50,22.08.11,1,Female,218,22.01.06,Holstein,1598,3,392,-,17.02.24,5.5,65.5,1995,75,"Pregnant, Dry",5,22.03.30,12.7,75.7,900,198,1216,1002,1003,1049,1042,984,900,198,1426,1406,1382,1331,Conf. Step  Up,Yes,2,22.03.30,-,452,12124,-,Male,-,393,Jul,21.07.15,-
8210,-,5,4,22.07.31,12,Female,185,22.02.08,Holstein,9340,3,302,-,17.02.27,5.5,65.4,1992,5,Pregnant,4,22.05.02,34.2,196.4,1160,371,1579,1370,1466,1416,1383,1242,1160,371,0,673,1567,1649,Conf. Dry Off,Yes,2,22.05.02,-,394,2279,-,Female,-,302,Oct,21.10.14,Easy
8211,-,3,1,22.08.08,4,Female,0,-,Holstein,1118,4,106,-,17.02.27,5.5,65.4,1992,3,Fresh,1,-,30.1,170.4,967,321,296,0,0,37,718,884,967,321,942,899,802,680,Inseminate,-,0,-,-,-,2780,-,Female,-,106,Apr,22.04.28,-
8215,-,80,75,22.07.06,37,Female,281,21.11.04,Holstein,5699,3,281,-,17.02.14,5.5,65.9,2005,80,"Pregnant, Dry",5,22.01.24,-,-,0,0,1295,1148,1178,1102,1089,180,0,0,1241,1488,1299,1316,Conf. Step  Up,Yes,2,22.01.24,-,338,12322,-,Male,-,342,Sep,21.09.04,-
8216,-,75,50,22.07.10,33,Female,226,21.12.29,Holstein,7484,3,547,-,17.02.20,5.5,65.7,1999,75,"Pregnant, Dry",5,22.03.21,-,-,74,0,889,623,576,541,439,319,74,0,1200,1071,959,891,Conf. Step  Up,Yes,2,22.03.21,-,631,1574,-,Female,-,580,Jan,21.01.09,Easy
8218,-,80,75,22.07.06,37,Female,284,21.11.01,Holstein,6304,2,484,-,17.02.28,5.5,65.4,1991,80,"Pregnant, Dry",5,22.01.24,-,-,0,0,1360,924,626,828,574,0,0,0,1389,1399,1375,1296,Conf. Step  Up,Yes,2,22.01.24,-,552,11838,-,Male,-,559,Jan,21.01.30,-
8219,-,4,3,22.07.31,12,Female,0,22.06.21,Holstein,12930,4,209,-,17.03.02,5.4,65.3,1989,4,Pregnant (1st Preg Check),3,22.07.30,36.6,223.6,1235,412,458,1037,1244,1224,1276,1231,1235,412,1013,867,339,0,2nd Pregn. Check,-,1,22.07.30,-,434,2512,-,Female,-,209,Jan,22.01.15,Easy
8221,-,80,75,22.07.16,27,Female,277,21.11.08,Holstein,4699,3,345,-,17.03.02,5.4,65.3,1989,80,"Pregnant, Dry",5,22.02.07,-,-,0,0,1258,1123,1144,1066,1051,363,0,0,1538,1457,1390,1378,Conf. Step  Up,Yes,2,22.02.07,-,402,12112,-,Male,-,402,Jul,21.07.06,-
8223,-,4,3,22.07.31,12,Female,0,22.08.03,Holstein,6222,4,278,-,17.03.04,5.4,65.3,1987,4,Bred,1,22.07.11,29.9,177.5,1061,338,1492,1241,1355,1237,1168,1069,1061,338,70,0,920,1534,Inseminate,-,0,22.07.11,-,546,12588,-,Male,-,278,Nov,21.11.07,Easy
8225,-,5,4,22.07.31,12,Female,0,22.06.24,Holstein,399,3,327,-,17.03.05,5.4,65.2,1986,5,Open,1,22.07.30,30.9,183.6,1036,348,1413,1204,1379,1274,1160,1176,1036,348,474,1377,1381,1461,Inseminate,-,0,22.07.30,-,555,12396,-,Male,-,327,Sep,21.09.19,-
8231,-,4,3,22.07.31,12,Female,0,22.07.27,Holstein,7363,3,241,-,17.03.04,5.4,65.3,1987,4,Bred,1,22.07.01,32.4,201.6,1252,382,870,1378,1757,1625,1337,1233,1252,382,61,0,0,449,Inseminate,-,0,22.07.01,-,502,12700,-,Male,-,241,Dec,21.12.14,Normal
8232,-,7,4,22.08.10,2,Female,202,22.01.22,Holstein,15081,3,346,-,17.03.09,5.4,65.1,1982,7,Pregnant,4,22.04.18,18.2,126.5,780,252,1293,985,1122,1062,1011,837,780,252,1368,1568,1442,1362,Conf. Dry Off,Yes,2,22.04.18,-,421,2123,-,Female,-,346,Aug,21.08.31,-
8234,-,1,80,22.08.02,10,Female,0,-,Holstein,472,4,10,-,17.03.11,5.4,65.1,1980,1,Fresh,0,-,43.2,247.6,0,357,802,652,362,0,0,0,0,357,1195,1103,987,927,Report Heat,-,0,-,-,-,13340,-,Male,-,10,Aug,22.08.02,Easy
8236,-,50,7,22.08.11,1,Female,165,22.02.28,Holstein,2966,3,363,-,17.03.12,5.4,65,1979,50,Pregnant,4,22.05.30,10.2,58.6,573,123,1317,1040,1022,941,862,633,573,123,1421,1374,1323,1353,Conf. Dry Off,Yes,2,22.05.30,-,475,12222,-,Male,-,363,Aug,21.08.14,-
8238,-,80,75,22.08.02,10,Female,259,21.11.26,Holstein,2264,3,300,-,17.03.13,5.4,65,1978,80,"Pregnant, Dry",5,22.02.21,-,-,18,0,1289,1033,1143,1151,1096,756,18,0,935,1326,1246,1310,Conf. Step  Up,Yes,2,22.02.21,-,359,12337,-,Male,-,341,Sep,21.09.05,Easy
8243,-,80,75,22.07.06,37,Female,282,21.11.03,Holstein,5000,3,320,-,17.03.20,5.4,64.8,1971,80,"Pregnant, Dry",5,22.01.24,-,-,0,0,1254,1096,1078,1015,953,216,0,0,1717,1554,1343,1348,Conf. Step  Up,Yes,2,22.01.24,-,376,1971,-,Female,-,381,Jul,21.07.27,-
8244,-,4,3,22.07.31,12,Female,171,22.02.22,Holstein,136,4,237,-,17.03.20,5.4,64.8,1971,4,Pregnant,4,22.05.16,31.8,198.9,1124,374,1420,1290,1357,1300,1268,1102,1124,374,976,563,0,424,Conf. Dry Off,Yes,2,22.05.16,-,343,12714,-,Male,-,237,Dec,21.12.18,Easy
8247,-,4,3,22.07.31,12,Female,154,22.03.11,Holstein,3090,4,235,-,17.03.21,5.4,64.7,1970,4,Pregnant,4,22.05.30,19.7,123.3,720,229,623,663,761,779,763,720,720,229,553,478,64,129,Conf. Dry Off,Yes,2,22.05.30,-,358,-,-,-,-,235,Dec,21.12.20,Easy
8248,-,5,4,22.07.31,12,Female,0,22.02.02,Holstein,6888,2,344,-,17.03.22,5.4,64.7,1969,5,Open,1,-,38.9,221.9,1317,383,1680,1450,1602,1566,1512,1357,1317,383,1336,1677,1714,1723,Inseminate,-,0,-,-,430,12316,-,Male,-,344,Sep,21.09.02,Hard
8249,-,3,2,22.07.31,12,Female,0,22.06.29,Holstein,5820,4,137,-,17.03.22,5.4,64.7,1969,3,Pregnant (1st Preg Check),3,22.08.06,16.6,148.2,903,289,0,0,114,1118,1065,927,903,289,596,516,408,109,2nd Pregn. Check,-,1,22.08.06,-,370,12966,-,Male,-,137,Mar,22.03.28,-
8251,-,3,2,22.07.31,12,Female,0,22.05.26,Holstein,4259,4,145,-,17.03.25,5.4,64.6,1966,3,Pregnant (1st Preg Check),3,22.07.11,40.5,242.5,1533,462,121,0,406,1545,1741,1579,1533,462,1072,955,832,592,2nd Pregn. Check,-,1,22.07.11,-,344,2678,-,Female,-,145,Mar,22.03.20,-
8252,-,4,3,22.07.31,12,Female,144,22.03.21,Holstein,6262,3,218,-,17.03.27,5.4,64.5,1964,4,Pregnant,4,22.06.20,34,205.1,1107,387,884,1325,1536,1486,1394,1065,1107,387,874,755,197,0,Conf. Dry Off,Yes,2,22.06.20,-,351,12758,-,Male,-,218,Jan,22.01.06,Easy
8254,-,1,80,22.07.31,12,Female,0,-,Holstein,9126,4,13,-,17.03.27,5.4,64.5,1964,1,Fresh,0,-,42.3,263.2,24,446,1319,1147,1207,1100,586,0,24,446,1408,1352,1311,1350,Report Heat,-,0,-,-,-,13328,-,Male,-,13,Jul,22.07.30,Hard
8257,-,199,190,22.03.31,134,Female,0,-,Holstein,-,3,260,Yes,17.03.28,5.4,64.5,1963,199,"Cull, Not Pregnant",1,-,-,-,0,0,0,0,0,0,0,0,0,0,0,0,0,0,Inseminate,-,0,-,-,-,2378,-,Female,-,260,Nov,21.11.25,-
8258,-,4,3,22.07.31,12,Female,176,22.02.17,Holstein,239,4,232,-,17.03.28,5.4,64.5,1963,4,Pregnant,4,22.05.16,27.2,164,1071,316,1435,1383,1510,1415,1361,1160,1071,316,882,571,0,315,Conf. Dry Off,Yes,2,22.05.16,-,333,12723,-,Male,-,232,Dec,21.12.23,Easy
8260,-,199,190,22.07.02,41,Female,0,21.09.27,Holstein,-,2,767,Yes,17.03.29,5.4,64.5,1962,199,"Cull, Not Pregnant",1,21.11.08,-,-,0,0,0,0,0,0,0,0,0,0,0,0,0,0,Inseminate,-,0,21.11.08,-,725,1065,-,Female,-,767,Jul,20.07.06,Easy
8263,-,3,2,22.07.31,12,Female,0,22.06.25,Holstein,6811,3,180,-,17.03.30,5.4,64.4,1961,3,Open,1,22.07.30,40.7,243.6,1429,446,0,498,1354,1494,1508,1439,1429,446,451,184,0,0,Inseminate,-,0,22.07.30,-,409,2601,-,Female,-,180,Feb,22.02.13,-
8266,-,3,2,22.07.31,12,Female,0,22.08.03,Holstein,2933,4,122,-,17.03.15,5.4,64.9,1976,3,Bred,1,-,34.7,201.9,1117,368,959,303,0,627,1276,1197,1117,368,1090,1040,1007,1013,Inseminate,-,0,-,-,390,2732,-,Female,-,122,Apr,22.04.12,-
8268,-,3,2,22.07.31,12,Female,0,22.06.05,Holstein,1730,4,148,-,17.03.30,5.4,64.4,1961,3,Pregnant (1st Preg Check),3,22.07.14,49,284.7,1641,532,326,0,660,1764,1881,1646,1641,532,1431,1411,1317,1225,2nd Pregn. Check,-,1,22.07.14,-,357,-,-,-,-,148,Mar,22.03.17,-
8270,-,3,2,22.07.31,12,Female,130,22.04.04,Holstein,5652,3,180,-,17.03.30,5.4,64.4,1961,3,Pregnant,4,22.07.02,34.3,195,1162,359,0,436,1342,1435,1396,1220,1162,359,983,896,898,417,Conf. Dry Off,Yes,2,22.07.02,-,327,12845,-,Male,-,180,Feb,22.02.13,-
8272,-,3,2,22.07.31,12,Female,104,22.04.30,Holstein,1174,4,186,-,17.03.30,5.4,64.4,1961,3,Pregnant,4,22.08.01,37.7,226.5,1305,425,0,743,1386,1366,1357,1317,1305,425,1119,1044,962,340,Conf. Dry Off,Yes,2,22.08.01,-,359,2589,-,Female,-,186,Feb,22.02.07,Easy
8275,-,199,190,22.03.01,164,Female,0,21.12.24,Holstein,-,2,611,Yes,17.03.31,5.4,64.4,1960,199,"Cull, Not Pregnant",1,-,-,-,0,0,0,0,0,0,0,0,0,0,0,0,0,0,Inseminate,-,0,-,-,657,11686,-,Male,-,611,Dec,20.12.09,-
8280,-,4,3,22.07.31,12,Female,0,22.08.09,Holstein,8351,2,198,-,17.04.02,5.4,64.3,1958,4,Bred,1,22.06.27,36.9,233.6,1471,461,202,1423,1572,1631,1646,1486,1471,461,864,636,427,0,Inseminate,-,0,22.06.27,-,472,2544,-,Female,-,198,Jan,22.01.26,-
8287,-,1,80,22.08.11,1,Female,0,-,Holstein,4304,4,2,-,17.04.05,5.4,64.2,1955,1,Fresh,0,-,21.5,22.1,0,22,1228,1089,1122,1076,1022,53,0,22,1504,1490,1388,1356,Report Heat,-,0,-,-,-,13394,-,Male,-,2,Aug,22.08.10,Easy
8288,-,2,22,22.07.31,12,Female,0,-,Holstein,3289,3,55,-,17.04.05,5.4,64.2,1955,2,Fresh,1,-,53.9,309.9,1515,566,522,93,0,0,0,539,1515,566,766,826,833,743,Inseminate,-,0,-,-,-,13188,-,Male,-,55,Jun,22.06.18,-
8290,-,199,190,22.08.02,10,Female,0,21.11.10,Holstein,-,2,593,Yes,17.04.05,5.4,64.2,1955,199,"Cull, Not Pregnant",1,21.11.10,-,-,0,0,0,0,0,0,0,0,0,0,0,0,0,0,Inseminate,-,0,21.11.10,-,595,-,-,-,-,593,Dec,20.12.27,-
8291,-,5,4,22.07.31,12,Female,165,22.02.28,Holstein,2065,3,309,-,17.04.06,5.3,64.2,1954,5,Pregnant,4,22.05.30,26.9,170.5,960,317,1381,1153,1268,1230,1209,1043,960,317,0,1021,1507,1474,Conf. Dry Off,Yes,2,22.05.30,-,421,12473,-,Male,-,309,Oct,21.10.07,Easy
8294,-,3,2,22.07.31,12,Female,0,22.07.26,Holstein,761,4,155,-,17.04.07,5.3,64.2,1953,3,Bred,1,-,35.2,221.6,1234,423,0,0,683,1287,1341,1261,1234,423,995,908,714,423,Inseminate,-,0,-,-,415,12921,-,Male,-,155,Mar,22.03.10,Easy
8295,-,4,3,22.07.31,12,Female,163,22.03.02,Holstein,11270,4,242,-,17.04.08,5.3,64.1,1952,4,Pregnant,4,22.05.30,28.7,176.6,1043,328,1838,1128,1343,1331,1268,1124,1043,328,697,299,0,856,Conf. Dry Off,Yes,2,22.05.30,-,356,12693,-,Male,-,242,Dec,21.12.13,-
8299,-,4,3,22.07.31,12,Female,163,22.03.02,Holstein,1462,3,284,-,17.04.10,5.3,64.1,1950,4,Pregnant,4,22.05.30,31.3,198.5,1178,375,1550,1354,1450,1409,1374,1257,1178,375,11,0,1365,1593,Conf. Dry Off,Yes,2,22.05.30,-,398,12571,-,Male,-,284,Nov,21.11.01,Easy
8302,-,80,75,22.07.23,20,Female,271,21.11.14,Holstein,1803,3,328,-,17.04.16,5.3,63.9,1944,80,"Pregnant, Dry",5,22.02.18,-,-,0,0,372,150,0,0,0,0,0,0,855,714,634,551,Conf. Step  Up,Yes,3,22.02.18,-,505,11949,-,Male,-,499,Mar,21.03.31,-
8306,-,2,22,22.07.31,12,Female,0,22.07.27,Holstein,6280,3,103,-,17.04.19,5.3,63.8,1941,2,Bred,1,-,40.4,249.1,1466,476,457,0,0,0,1291,1537,1466,476,811,753,731,676,Inseminate,-,0,-,-,364,13076,-,Male,-,103,May,22.05.01,-
8307,-,2,22,22.07.31,12,Female,0,22.07.30,Holstein,2673,4,76,-,17.04.19,5.3,63.8,1941,2,Bred,1,-,33.5,218.9,1120,402,218,0,0,0,83,976,1120,402,824,743,647,591,Inseminate,-,0,-,-,340,2831,-,Female,-,76,May,22.05.28,-
8309,-,75,50,22.08.11,1,Female,219,22.01.05,Holstein,9632,3,327,-,17.04.21,5.3,63.7,1939,75,"Pregnant, Dry",5,22.03.30,8.2,45.2,800,140,1190,1059,1127,1077,1013,867,800,140,347,1264,1303,1261,Conf. Step  Up,Yes,2,22.03.30,-,386,12395,-,Male,-,328,Sep,21.09.18,-
8310,-,3,2,22.07.31,12,Female,0,-,Holstein,6783,4,146,-,17.04.21,5.3,63.7,1939,3,Fresh,1,-,16.3,139.8,985,280,125,0,380,928,840,1069,985,280,633,680,683,599,Inseminate,-,0,-,-,-,12942,-,Male,-,146,Mar,22.03.19,-
8311,-,80,75,22.08.02,10,Female,260,21.11.25,Holstein,6532,3,295,-,17.04.21,5.3,63.7,1939,80,"Pregnant, Dry",5,22.02.21,-,-,0,0,1101,1108,1146,1038,1015,693,0,0,959,1239,1194,1276,Conf. Step  Up,Yes,2,22.02.21,-,358,12330,-,Male,-,341,Sep,21.09.05,-
8313,-,199,190,22.05.01,103,Female,0,21.12.26,Holstein,-,2,700,Yes,17.04.22,5.3,63.7,1938,199,"Cull, Not Pregnant",1,21.07.05,-,-,0,0,0,0,0,0,0,0,0,0,0,0,0,0,Inseminate,-,0,21.07.05,-,748,1244,-,Female,-,700,Sep,20.09.11,Hard
8315,-,4,3,22.07.31,12,Female,0,22.08.03,Holstein,6498,3,202,-,17.04.23,5.3,63.6,1937,4,Bred,1,22.07.30,38,237.9,1388,443,283,1260,1590,1584,1608,1454,1388,443,553,367,0,0,Inseminate,-,0,22.07.30,-,470,-,-,-,-,202,Jan,22.01.22,-
8317,-,2,22,22.07.31,12,Female,0,22.07.20,Holstein,4328,4,113,-,17.04.23,5.3,63.6,1937,2,Bred,1,-,43.6,254,1564,497,935,477,0,274,1403,1562,1564,497,1396,1334,1193,1070,Inseminate,-,0,-,-,367,13047,-,Male,-,113,Apr,22.04.21,Easy
8318,-,80,75,22.07.23,20,Female,265,21.11.20,Holstein,8619,3,398,-,17.04.23,5.3,63.6,1937,80,"Pregnant, Dry",5,22.02.21,-,-,0,0,1119,954,988,812,524,44,0,0,1394,1367,1294,1200,Conf. Step  Up,Yes,2,22.02.21,-,471,1805,-,Female,-,459,May,21.05.10,Easy
8321,-,199,190,22.03.31,134,Female,0,22.02.09,Holstein,-,2,657,Yes,17.04.24,5.3,63.6,1936,199,"Cull, Not Pregnant",1,21.11.18,-,-,0,0,0,0,0,0,0,0,0,0,0,0,0,0,Inseminate,-,0,21.11.18,-,750,1402,-,Female,-,657,Oct,20.10.24,-
8322,-,199,190,22.05.01,103,Female,0,22.03.06,Holstein,-,2,506,Yes,17.04.24,5.3,63.6,1936,199,"Cull, Not Pregnant",1,22.04.22,-,-,0,0,0,0,0,0,0,0,0,0,0,0,0,0,Inseminate,-,0,22.04.22,-,624,11925,-,Male,-,506,Mar,21.03.24,Easy
8325,-,5,4,22.07.31,12,Female,113,22.04.21,Holstein,4313,3,305,-,17.04.25,5.3,63.6,1935,5,Pregnant,4,22.07.16,37.1,208.4,1198,387,1558,1365,1420,1249,1395,1226,1198,387,0,821,1568,1591,Conf. Dry Off,Yes,2,22.07.16,-,469,12481,-,Male,-,305,Oct,21.10.11,-
8326,-,2,22,22.07.31,12,Female,0,22.08.03,Holstein,7750,4,93,-,17.04.26,5.3,63.5,1934,2,Bred,1,-,34.3,244,1446,462,981,744,221,0,728,1455,1446,462,1222,1202,1085,1025,Inseminate,-,0,-,-,361,-,-,-,-,93,May,22.05.11,Easy
8327,-,75,50,22.07.16,27,Female,248,21.12.07,Holstein,13754,3,311,-,17.04.26,5.3,63.5,1934,75,"Pregnant, Dry",5,22.02.28,-,-,373,0,1385,749,1129,1199,1260,1101,373,0,911,1416,1426,1463,Conf. Step  Up,Yes,2,22.02.28,-,367,12359,-,Male,-,338,Sep,21.09.08,-
8328,-,199,190,22.03.31,134,Female,0,21.10.04,Holstein,-,2,678,Yes,17.04.26,5.3,63.5,1934,199,"Cull, Not Pregnant",1,21.11.20,-,-,0,0,0,0,0,0,0,0,0,0,0,0,0,0,Inseminate,-,0,21.11.20,-,643,1337,-,Female,-,678,Oct,20.10.03,-
8330,-,5,4,22.07.31,12,Female,0,22.07.30,Holstein,3749,3,313,-,17.04.26,5.3,63.5,1934,5,Bred,1,22.05.08,29.7,162,962,304,1108,820,878,998,1067,980,962,304,0,905,1019,1128,Inseminate,-,0,22.05.08,-,577,12459,-,Male,-,313,Oct,21.10.03,Hard
8331,-,199,190,22.03.01,164,Female,0,21.07.28,Holstein,-,2,642,Yes,17.04.27,5.3,63.5,1933,199,"Cull, Not Pregnant",1,21.09.11,-,-,0,0,0,0,0,0,0,0,0,0,0,0,0,0,Inseminate,-,0,21.09.11,-,539,11594,-,Male,-,642,Nov,20.11.08,-
8332,-,2,22,22.07.31,12,Female,0,-,Holstein,2321,3,47,-,17.04.27,5.3,63.5,1933,2,Fresh,1,-,25.2,273.8,1304,529,1024,834,841,688,246,93,1304,529,1228,1186,1095,1073,Inseminate,-,0,-,-,-,2902,-,Female,-,47,Jun,22.06.26,Easy
8333,-,1,80,22.08.07,5,Female,0,-,Holstein,5565,3,5,-,17.04.28,5.3,63.5,1932,1,Fresh,0,-,28.6,156.2,0,156,853,745,656,253,0,0,0,156,925,904,897,894,Report Heat,-,0,-,-,-,3013,-,Female,-,5,Aug,22.08.07,-
8335,-,5,4,22.07.31,12,Female,0,22.07.21,Holstein,572,3,339,-,17.04.29,5.3,63.4,1931,5,Bred,1,22.02.21,29.1,165.6,976,310,1281,960,1130,1069,1120,1024,976,310,805,1283,1305,1376,Inseminate,-,0,22.02.21,-,594,2159,-,Female,-,339,Sep,21.09.07,Easy
8336,-,199,190,22.03.01,164,Female,0,20.12.12,Holstein,-,2,884,Yes,17.04.29,5.3,63.4,1931,199,"Cull, Not Pregnant",1,21.03.05,-,-,0,0,0,0,0,0,0,0,0,0,0,0,0,0,Inseminate,-,0,21.03.05,21.07.19,553,816,-,Female,-,884,Mar,20.03.11,-
8339,-,22,1,22.08.01,11,Female,0,-,Holstein,2564,3,29,-,17.04.30,5.3,63.4,1930,22,Fresh,0,-,49.4,283,693,520,318,0,0,0,0,0,693,520,855,788,658,681,Report Heat,-,0,-,-,-,2943,-,Female,-,29,Jul,22.07.14,-
8342,-,3,2,22.07.31,12,Female,0,22.07.30,Holstein,4549,3,195,-,17.05.03,5.3,63.3,1927,3,Bred,1,22.07.30,43.1,265.9,1565,499,56,1383,1698,1619,1695,1580,1565,499,867,847,549,0,Inseminate,-,0,22.07.30,-,459,-,-,-,-,195,Jan,22.01.29,-
8347,-,80,75,22.08.02,10,Female,260,21.11.25,Holstein,3004,3,302,-,17.05.07,5.3,63.2,1923,80,"Pregnant, Dry",5,22.02.21,-,-,0,0,1126,969,1034,909,775,444,0,0,1219,1382,1203,1239,Conf. Step  Up,Yes,2,22.02.21,-,365,12278,-,Male,-,348,Aug,21.08.29,-
8351,-,199,190,22.05.01,103,Female,0,-,Holstein,-,3,276,Yes,17.05.09,5.3,63.1,1921,199,"Cull, Not Pregnant",1,-,-,-,0,0,0,0,0,0,0,0,0,0,0,0,0,0,Inseminate,-,0,-,-,-,12593,-,Male,-,276,Nov,21.11.09,Easy
8352,-,5,4,22.07.31,12,Female,0,22.05.27,Holstein,6432,3,315,-,17.05.09,5.3,63.1,1921,5,Pregnant (1st Preg Check),3,22.07.11,31.2,193,1089,354,1496,1252,1330,1324,1226,1106,1089,354,0,1292,1516,1574,2nd Pregn. Check,-,1,22.07.11,-,515,2235,-,Female,-,315,Oct,21.10.01,Easy
8353,-,199,190,22.03.01,164,Female,0,21.06.04,Holstein,-,2,741,Yes,17.05.10,5.3,63.1,1920,199,"Cull, Not Pregnant",1,21.03.26,-,-,0,0,0,0,0,0,0,0,0,0,0,0,0,0,Inseminate,-,0,21.03.26,-,584,1118,-,Female,-,741,Aug,20.08.01,-
8356,-,199,190,22.03.01,164,Female,0,22.01.27,Holstein,-,3,267,Yes,17.05.10,5.3,63.1,1920,199,"Cull, Not Pregnant",1,-,-,-,0,0,0,0,0,0,0,0,0,0,0,0,0,0,Inseminate,-,0,-,-,347,12626,-,Male,-,267,Nov,21.11.18,Easy
8357,-,22,1,22.08.10,2,Female,0,-,Holstein,5950,4,20,-,17.05.11,5.3,63,1919,22,Fresh,0,-,54.5,303.1,332,552,1618,1395,1398,1339,947,54,332,552,1221,1703,1663,1729,Report Heat,-,0,-,-,-,13307,-,Male,-,20,Jul,22.07.23,-
8358,-,5,4,22.07.31,12,Female,154,22.03.11,Holstein,7676,3,292,-,17.05.11,5.3,63,1919,5,Pregnant,4,22.05.30,32.4,182.9,1087,338,1457,1305,1394,1337,1330,1201,1087,338,0,284,1378,1510,Conf. Dry Off,Yes,2,22.05.30,-,415,2308,-,Female,-,292,Oct,21.10.24,Easy
8359,-,5,4,22.07.31,12,Female,113,22.04.21,Holstein,3192,3,373,-,17.05.12,5.3,63,1918,5,Pregnant,4,22.07.16,29.7,162.8,919,302,1006,1013,1144,956,1003,933,919,302,1754,1720,1520,1625,Conf. Dry Off,Yes,2,22.07.16,-,537,-,-,-,-,373,Aug,21.08.04,-
8360,-,4,3,22.07.31,12,Female,0,22.07.26,Holstein,1742,3,284,-,17.05.12,5.3,63,1918,4,Bred,1,22.07.04,32.9,216.1,1005,392,1262,1131,1253,1171,1144,1147,1005,392,70,0,952,1298,Inseminate,-,0,22.07.04,-,544,2327,-,Female,-,284,Nov,21.11.01,-
8361,-,2,22,22.07.31,12,Female,0,-,Holstein,6461,4,64,-,17.05.13,5.2,63,1917,2,Fresh,1,-,38.8,238.7,1521,455,774,705,349,0,0,867,1521,455,1148,1017,900,884,Inseminate,-,0,-,-,-,13161,-,Male,-,64,Jun,22.06.09,Easy
8363,-,3,1,22.08.08,4,Female,183,22.02.10,Holstein,6626,3,258,-,17.05.14,5.2,62.9,1916,3,Pregnant,4,22.05.02,37.7,228.8,1283,423,1604,1379,1456,1469,1470,1238,1283,423,693,25,99,1420,Conf. Dry Off,Yes,2,22.05.02,-,352,12658,-,Male,-,258,Nov,21.11.27,-
8364,-,4,3,22.07.31,12,Female,0,22.05.30,Holstein,5084,2,253,-,17.05.15,5.2,62.9,1915,4,Pregnant (1st Preg Check),3,22.07.11,35.8,214.7,1197,397,1522,1248,1344,1294,1287,1226,1197,397,464,197,0,1265,2nd Pregn. Check,-,1,22.07.11,-,456,12673,-,Male,-,253,Dec,21.12.02,Hard
8365,-,4,3,22.07.31,12,Female,113,22.04.21,Holstein,2384,3,268,-,17.05.16,5.2,62.9,1914,4,Pregnant,4,22.07.16,31.3,186.6,1079,343,1458,1244,1382,1297,1303,1195,1079,343,361,0,517,1494,Conf. Dry Off,Yes,2,22.07.16,-,432,2359,-,Female,-,268,Nov,21.11.17,-
8366,-,3,2,22.07.31,12,Female,0,22.07.22,Holstein,1137,3,121,-,17.05.16,5.2,62.9,1914,3,Bred,1,-,47.4,277.9,1506,506,874,149,0,762,1685,1542,1506,506,1056,1075,989,954,Inseminate,-,0,-,-,377,2733,-,Female,-,121,Apr,22.04.13,-
8369,-,199,190,22.06.04,69,Female,0,21.07.21,Holstein,-,3,578,Yes,17.05.18,5.2,62.8,1912,199,"Cull, Not Pregnant",1,21.10.09,-,-,0,0,0,0,0,0,0,0,0,0,0,0,0,0,Inseminate,-,0,21.10.09,22.01.14,468,11789,-,Male,-,578,Jan,21.01.11,-
8370,-,50,7,22.08.11,1,Female,215,22.01.09,Holstein,194,3,320,-,17.05.18,5.2,62.8,1912,50,Pregnant,4,22.04.04,12.9,80.6,849,178,1684,1476,1647,1508,1417,1070,849,178,129,1440,1645,1760,Conf. Dry Off,Yes,2,22.04.04,-,382,2218,-,Female,-,320,Sep,21.09.26,-
8375,-,3,70,22.08.04,8,Female,0,22.05.23,Holstein,6897,3,160,-,17.05.20,5.2,62.8,1910,3,Pregnant (1st Preg Check),3,22.07.11,44,244.3,1432,438,122,0,1063,1533,1669,1558,1432,438,1099,1072,1031,909,2nd Pregn. Check,-,1,22.07.11,-,356,12909,-,Male,-,160,Mar,22.03.05,-
8376,-,50,7,22.08.11,1,Female,186,22.02.07,Holstein,6411,3,433,-,17.05.20,5.2,62.8,1910,50,Pregnant,4,22.05.02,8.6,56.4,455,116,971,897,803,711,630,567,455,116,1374,1310,1154,860,Conf. Dry Off,Yes,2,22.05.02,-,524,12070,-,Male,-,433,Jun,21.06.05,-
8377,-,3,2,22.07.31,12,Female,0,22.08.07,Holstein,13865,4,171,-,17.05.20,5.2,62.8,1910,3,Bred,1,22.07.30,34.2,206.7,1287,384,0,196,1517,1395,1309,1326,1287,384,1095,1057,1027,716,Inseminate,-,0,22.07.30,-,443,2626,-,Female,-,171,Feb,22.02.22,Hard
8379,-,1,80,22.07.30,13,Female,0,-,Holstein,9492,4,13,-,17.05.21,5.2,62.7,1909,1,Fresh,0,-,38.1,227.3,23,394,951,900,945,810,399,0,23,394,1318,1243,1178,1138,Report Heat,-,0,-,-,-,2984,-,Female,-,13,Jul,22.07.30,-
8380,-,75,50,22.07.16,27,Female,247,21.12.08,Holstein,10962,3,314,-,17.05.21,5.2,62.7,1909,75,"Pregnant, Dry",5,22.02.28,-,-,310,0,1257,1162,1224,1225,1192,1015,310,0,962,1318,1293,1222,Conf. Step  Up,Yes,2,22.02.28,-,371,2151,-,Female,-,341,Sep,21.09.05,-
8382,-,199,190,22.07.02,41,Female,0,21.11.05,Holstein,-,3,363,Yes,17.05.22,5.2,62.7,1908,199,"Cull, Not Pregnant",1,22.01.24,-,-,0,0,0,0,0,0,0,0,0,0,0,0,0,0,Inseminate,-,0,22.01.24,22.06.23,360,2058,-,Female,-,363,Aug,21.08.14,-
8383,-,4,3,22.07.31,12,Female,118,22.04.16,Holstein,1483,3,243,-,17.05.22,5.2,62.7,1908,4,Pregnant,4,22.07.16,41.8,261.9,1459,484,1678,1479,1598,1517,1253,1368,1459,484,1028,432,0,889,Conf. Dry Off,Yes,2,22.07.16,-,402,12689,-,Male,-,243,Dec,21.12.12,-
8384,-,199,190,22.07.02,41,Female,0,22.05.14,Holstein,-,4,193,Yes,17.05.23,5.2,62.7,1907,199,"Cull, Not Pregnant",3,22.05.14,-,-,0,0,0,0,0,0,0,0,0,0,0,0,0,0,2nd Pregn. Check,-,0,22.05.14,-,380,12812,-,Male,-,193,Jan,22.01.31,-
8387,-,199,190,22.03.01,164,Female,0,21.10.16,Holstein,-,2,701,Yes,17.05.26,5.2,62.6,1904,199,"Cull, Not Pregnant",1,21.10.16,-,-,0,0,0,0,0,0,0,0,0,0,0,0,0,0,Inseminate,-,0,21.10.16,-,678,11351,-,Male,-,701,Sep,20.09.10,-
8389,-,6,5,22.07.31,12,Female,0,22.05.14,Holstein,3741,4,339,-,17.05.26,5.2,62.6,1904,6,Pregnant (1st Preg Check),3,22.06.27,24.8,154.1,878,293,1177,1076,850,959,1024,946,878,293,856,1305,1211,1217,2nd Pregn. Check,-,1,22.06.27,-,526,12340,-,Male,-,339,Sep,21.09.07,Easy
8392,-,1,80,22.08.09,3,Female,0,-,Holstein,141,3,3,-,17.05.27,5.2,62.5,1903,1,Fresh,0,-,36.8,84,0,84,1050,957,1046,1015,1079,235,0,84,1175,1205,1143,1096,Report Heat,-,0,-,-,-,3020,-,Female,-,3,Aug,22.08.09,-
8393,-,4,3,22.07.31,12,Female,0,22.08.02,Holstein,1477,3,221,-,17.05.27,5.2,62.5,1903,4,Bred,1,22.07.30,38.5,250.8,1397,453,1196,1404,1526,1446,1481,1395,1397,453,727,680,57,0,Inseminate,-,0,22.07.30,-,488,2473,-,Female,-,221,Jan,22.01.03,-
8394,-,4,3,22.07.31,12,Female,0,22.07.31,Holstein,182,3,215,-,17.05.27,5.2,62.5,1903,4,Bred,1,22.06.11,36.5,210.5,1285,405,966,1524,1652,1537,1499,1268,1285,405,989,955,282,0,Inseminate,-,0,22.06.11,-,480,2490,-,Female,-,215,Jan,22.01.09,-
8399,-,80,75,22.08.02,10,Female,257,21.11.28,Holstein,6182,3,343,-,17.05.31,5.2,62.4,1899,80,"Pregnant, Dry",5,22.02.21,-,-,24,0,1283,1117,1131,1037,1011,819,24,0,1427,1378,1314,1327,Conf. Step  Up,Yes,2,22.02.21,-,404,1958,-,Female,-,384,Jul,21.07.24,-
8401,-,4,3,22.07.31,12,Female,0,22.06.13,Holstein,6768,3,265,-,17.06.01,5.2,62.4,1898,4,Pregnant (1st Preg Check),3,22.07.23,39.4,241.7,1326,454,1538,1344,1421,1435,1353,1312,1326,454,522,0,323,1445,2nd Pregn. Check,-,1,22.07.23,-,482,2369,-,Female,-,265,Nov,21.11.20,Easy
8403,-,3,2,22.07.31,12,Female,0,22.07.07,Holstein,5605,3,192,-,17.06.01,5.2,62.4,1898,3,Bred,2,22.06.18,33.2,208.3,1144,383,0,985,1275,1298,1329,1159,1144,383,925,871,813,184,Pregn. Check,-,0,22.06.18,-,433,2567,-,Female,-,192,Feb,22.02.01,Hard
8404,-,199,190,22.03.01,164,Female,0,21.10.27,Holstein,-,2,634,Yes,17.05.31,5.2,62.4,1899,199,"Cull, Not Pregnant",1,21.11.29,-,-,0,0,0,0,0,0,0,0,0,0,0,0,0,0,Inseminate,-,0,21.11.29,-,622,1445,-,Female,-,634,Nov,20.11.16,-
8407,-,4,3,22.07.31,12,Female,0,22.07.26,Holstein,4788,3,250,-,17.06.05,5.2,62.2,1894,4,Bred,1,22.07.23,42.9,227.5,1422,435,1773,1457,1551,1483,1514,1362,1422,435,509,0,0,1177,Inseminate,-,0,22.07.23,-,510,12678,-,Male,-,250,Dec,21.12.05,Easy
8414,-,4,3,22.07.31,12,Female,0,22.07.17,Holstein,5664,3,241,-,17.06.07,5.2,62.2,1892,4,Bred,1,22.07.17,35.3,206,1272,389,1500,1381,1442,1416,1432,1267,1272,389,811,181,0,741,Inseminate,-,0,22.07.17,-,492,12694,-,Male,-,241,Dec,21.12.14,-
8417,-,7,5,22.08.10,2,Female,199,22.01.25,Holstein,9731,3,319,-,17.06.08,5.2,62.1,1891,7,Pregnant,4,22.04.18,31.4,200,1195,370,1774,1475,1622,1532,1412,1328,1195,370,120,1596,1760,1822,Conf. Dry Off,Yes,2,22.04.18,-,397,12428,-,Male,-,319,Sep,21.09.27,-
8419,-,3,2,22.07.31,12,Female,0,22.06.23,Holstein,446,3,117,-,17.06.09,5.2,62.1,1890,3,Pregnant (1st Preg Check),3,22.07.30,41.6,268,1647,514,793,247,0,550,1662,1703,1647,514,1137,1109,963,852,2nd Pregn. Check,-,1,22.07.30,-,344,2742,-,Female,-,117,Apr,22.04.17,Easy
8423,-,6,5,22.07.31,12,Female,134,22.03.31,Holstein,3133,3,345,-,17.06.11,5.2,62,1888,6,Pregnant,4,22.06.20,28.3,177.7,1054,330,1420,1230,1310,1249,1251,1172,1054,330,1183,1525,1468,1450,Conf. Dry Off,Yes,2,22.06.20,-,488,12310,-,Male,-,345,Sep,21.09.01,Easy
8428,-,3,2,22.07.31,12,Female,0,22.06.29,Holstein,3832,4,132,-,17.06.13,5.2,62,1886,3,Pregnant (1st Preg Check),3,22.08.06,43.1,253.2,1547,485,821,0,0,1229,1718,1560,1547,485,1146,1164,1103,1047,2nd Pregn. Check,-,1,22.08.06,-,365,12988,-,Male,-,132,Apr,22.04.02,Easy
8429,-,6,5,22.07.31,12,Female,110,22.04.24,Holstein,4542,3,345,-,17.06.13,5.2,62,1886,6,Pregnant,4,22.07.16,23.1,137.4,795,253,982,914,927,965,1007,878,795,253,1296,1443,1199,1098,Conf. Dry Off,Yes,2,22.07.16,-,512,12309,-,Male,-,345,Sep,21.09.01,Easy
8430,-,5,4,22.07.31,12,Female,0,22.06.24,Holstein,181,2,324,-,17.06.14,5.2,61.9,1885,5,Open,1,22.08.06,36.8,211.4,1188,386,1314,1177,1262,1283,1311,1203,1188,386,409,1639,1545,1451,Inseminate,-,0,22.08.06,-,552,2208,-,Female,-,324,Sep,21.09.22,-
8432,-,3,2,22.07.31,12,Female,0,22.08.09,Holstein,9704,3,160,-,17.06.14,5.2,61.9,1885,3,Bred,1,-,33.8,293.9,1765,561,0,0,1248,1847,1856,1737,1765,561,944,812,702,467,Inseminate,-,0,-,-,434,9644,-,Female,-,160,Mar,22.03.05,-
8433,-,4,3,22.07.31,12,Female,97,22.05.07,Holstein,1702,3,211,-,17.06.14,5.2,61.9,1885,4,Pregnant,4,22.08.01,33.2,219.1,1335,419,618,1256,1246,1281,1377,1322,1335,419,1086,908,388,0,Conf. Dry Off,Yes,2,22.08.01,-,391,12776,-,Male,-,211,Jan,22.01.13,Normal
8436,-,6,5,22.07.31,12,Female,175,22.02.18,Holstein,4428,3,366,-,17.06.15,5.2,61.9,1884,6,Pregnant,4,22.05.16,29.3,165,916,303,1260,1081,1126,1069,1105,1063,916,303,1508,1422,1239,1166,Conf. Dry Off,Yes,2,22.05.16,-,468,2044,-,Female,-,366,Aug,21.08.11,-
8438,-,4,5,22.08.10,2,Female,140,22.03.25,Holstein,12965,3,372,-,17.06.17,5.2,61.8,1882,4,Pregnant,4,22.06.20,36.9,225.2,1207,421,1244,1067,1090,1139,1157,1198,1207,421,1587,1515,1368,1328,Conf. Dry Off,Yes,2,22.06.20,-,509,12170,-,Male,-,372,Aug,21.08.05,-
8439,-,3,2,22.07.31,12,Female,0,22.08.03,Holstein,41,3,135,-,17.06.17,5.2,61.8,1882,3,Bred,1,22.07.30,44.1,256.5,1563,495,60,0,72,1520,1663,1553,1563,495,981,836,728,538,Inseminate,-,0,22.07.30,-,403,12975,-,Male,-,135,Mar,22.03.30,-
8441,-,2,22,22.07.31,12,Female,0,-,Holstein,1991,4,47,-,17.06.18,5.1,61.8,1881,2,Fresh,1,-,48.3,282.2,1517,549,981,750,771,530,0,99,1517,549,1278,1247,1151,1074,Inseminate,-,0,-,-,-,13226,-,Male,-,47,Jun,22.06.26,Easy
8442,-,50,7,22.08.11,1,Female,212,22.01.12,Holstein,7284,3,292,-,17.06.19,5.1,61.8,1880,50,Pregnant,4,22.04.04,18,96.3,820,212,1284,1036,1104,1017,974,900,820,212,0,264,1364,1378,Conf. Dry Off,Yes,2,22.04.04,-,357,12533,-,Male,-,292,Oct,21.10.24,Easy
8445,-,6,5,22.07.31,12,Female,183,22.02.10,Holstein,2005,3,310,-,17.06.21,5.1,61.7,1878,6,Pregnant,4,22.05.02,26.4,163.2,987,294,1423,1274,1297,1315,958,1088,987,294,0,1204,1592,1470,Conf. Dry Off,Yes,2,22.05.02,-,404,12464,-,Male,-,310,Oct,21.10.06,-
8446,-,5,4,22.07.31,12,Female,0,22.06.12,Holstein,3206,3,303,-,17.06.22,5.1,61.7,1877,5,Open,1,22.07.18,23.9,183.7,1105,340,1419,1290,1354,1321,1271,1116,1105,340,0,681,1503,1575,Inseminate,-,0,22.07.18,-,519,12485,-,Male,-,303,Oct,21.10.13,-
8450,-,4,3,22.07.31,12,Female,0,22.07.22,Holstein,2117,3,197,-,17.06.25,5.1,61.6,1874,4,Bred,1,22.06.18,48.6,271.5,1597,515,108,1394,1918,1827,1844,1659,1597,515,721,635,327,0,Inseminate,-,0,22.06.18,-,453,12802,-,Male,-,197,Jan,22.01.27,Easy
8451,-,199,190,22.03.01,164,Female,0,21.11.01,Holstein,-,2,705,Yes,17.06.25,5.1,61.6,1874,199,"Cull, Not Pregnant",1,21.09.02,-,-,0,0,0,0,0,0,0,0,0,0,0,0,0,0,Inseminate,-,0,21.09.02,-,698,-,-,-,-,705,Sep,20.09.06,-
8453,-,199,190,22.02.01,192,Female,0,21.08.17,Holstein,-,2,814,Yes,17.06.26,5.1,61.5,1873,199,"Cull, Not Pregnant",1,21.10.02,-,-,0,0,0,0,0,0,0,0,0,0,0,0,0,0,Inseminate,-,0,21.10.02,-,731,964,-,Female,-,814,May,20.05.20,Easy
8455,-,4,3,22.07.31,12,Female,0,22.04.27,Holstein,2884,3,209,-,17.06.28,5.1,61.5,1871,4,Open,1,22.06.18,43,261,1427,446,700,1512,1801,1712,1714,1513,1427,446,1296,1260,355,0,Inseminate,-,0,22.06.18,-,379,12778,-,Male,-,209,Jan,22.01.15,Easy
8456,-,5,4,22.07.31,12,Female,164,22.03.01,Holstein,308,3,345,-,17.06.23,5.1,61.6,1876,5,Pregnant,4,22.05.30,37.2,208.3,1282,398,1518,1338,1498,1392,1428,1345,1282,398,1330,1700,1632,1647,Conf. Dry Off,Yes,2,22.05.30,-,458,2135,-,Female,-,345,Sep,21.09.01,Easy
8461,-,3,2,22.07.31,12,Female,0,22.07.05,Holstein,4339,3,142,-,17.06.30,5.1,61.4,1869,3,Open,1,-,48.2,283.9,1588,527,590,0,286,1536,1644,1590,1588,527,1281,1327,1222,1147,Inseminate,-,0,-,-,381,2684,-,Female,-,142,Mar,22.03.23,Hard
8462,-,199,190,22.06.04,69,Female,0,22.05.12,Holstein,-,3,241,Yes,17.06.30,5.1,61.4,1869,199,"Cull, Not Pregnant",3,-,-,-,0,0,0,0,0,0,0,0,0,0,0,0,0,0,2nd Pregn. Check,-,0,-,-,426,12695,-,Male,-,241,Dec,21.12.14,-
8463,-,3,2,22.07.31,12,Female,0,-,Holstein,3434,3,69,-,17.06.30,5.1,61.4,1869,3,Fresh,1,-,54,310.4,1672,577,898,714,293,0,0,1020,1672,577,933,916,909,928,Inseminate,-,0,-,-,-,-,-,-,-,69,Jun,22.06.04,Easy
8464,-,6,5,22.07.31,12,Female,0,22.07.22,Holstein,2660,3,344,-,17.07.01,5.1,61.4,1868,6,Bred,1,22.05.30,27.7,169.5,935,313,1450,1193,1241,1059,1096,965,935,313,1092,1541,1483,1481,Inseminate,-,0,22.05.30,-,600,12317,-,Male,-,344,Sep,21.09.02,Easy
8465,-,5,4,22.07.31,12,Female,184,22.02.09,Holstein,6557,3,310,-,17.07.01,5.1,61.4,1868,5,Pregnant,4,22.05.02,30.9,169.1,1001,316,1397,1219,1333,1302,1265,1063,1001,316,0,926,1016,1420,Conf. Dry Off,Yes,2,22.05.02,-,403,2246,-,Female,-,310,Oct,21.10.06,-
8470,-,5,4,22.07.31,12,Female,174,22.02.19,Holstein,8145,3,298,-,17.07.02,5.1,61.3,1867,5,Pregnant,4,22.05.16,37,212.8,1206,391,1530,1248,1475,1482,1381,1285,1206,391,0,594,1754,1767,Conf. Dry Off,Yes,2,22.05.16,-,401,12508,-,Male,-,298,Oct,21.10.18,-
8473,-,75,50,22.07.23,20,Female,238,21.12.17,Holstein,6831,3,301,-,17.07.03,5.1,61.3,1866,75,"Pregnant, Dry",5,22.03.07,-,-,518,0,1161,1014,1091,1073,1101,943,518,0,189,1223,1229,1256,Conf. Step  Up,Yes,2,22.03.07,-,360,12423,-,Male,-,321,Sep,21.09.25,-
8474,-,80,75,22.08.10,2,Female,252,21.12.03,Holstein,7345,3,301,-,17.07.03,5.1,61.3,1866,80,"Pregnant, Dry",5,22.02.21,-,-,169,0,1609,1397,1459,1268,1246,1073,169,0,697,1565,1607,1636,Conf. Step  Up,Yes,2,22.02.21,-,359,12376,-,Male,-,334,Sep,21.09.12,-
8478,-,75,50,22.07.10,33,Female,238,21.12.17,Holstein,6726,2,549,-,17.07.04,5.1,61.3,1865,75,"Pregnant, Dry",5,22.03.07,-,-,51,0,1036,898,997,881,741,448,51,0,1279,1215,1139,1110,Conf. Step  Up,Yes,2,22.03.07,-,621,11773,-,Male,-,582,Jan,21.01.07,Easy
8479,-,80,75,22.07.23,20,Female,273,21.11.12,Holstein,3499,3,347,-,17.07.05,5.1,61.2,1864,80,"Pregnant, Dry",5,22.02.07,-,-,0,0,1150,947,952,867,658,259,0,0,1255,1256,1207,1257,Conf. Step  Up,Yes,2,22.02.07,-,408,12109,-,Male,-,404,Jul,21.07.04,-
8480,-,75,50,22.07.23,20,Female,238,21.12.17,Holstein,853,3,273,-,17.07.05,5.1,61.2,1864,75,"Pregnant, Dry",5,22.03.07,-,-,448,0,1598,1342,1441,1334,1270,1014,448,0,0,187,1278,1606,Conf. Step  Up,Yes,2,22.03.07,-,332,2305,2306,Female,Female,293,Oct,21.10.23,-
8482,-,80,75,22.07.16,27,Female,275,21.11.10,Holstein,6091,3,296,-,17.07.06,5.1,61.2,1863,80,"Pregnant, Dry",5,22.02.07,-,-,0,0,1289,1163,1234,1106,939,297,0,0,1299,1300,1317,1352,Conf. Step  Up,Yes,2,22.02.07,-,355,12264,-,Male,-,353,Aug,21.08.24,-
8483,-,5,4,22.07.31,12,Female,0,22.07.14,Holstein,678,3,346,-,17.07.06,5.1,61.2,1863,5,Open,1,-,34.4,194.4,1046,360,1350,1192,1226,1225,1246,1124,1046,360,1423,1490,1398,1455,Inseminate,-,0,-,-,594,12294,-,Male,-,346,Aug,21.08.31,-
8484,-,4,3,22.07.31,12,Female,0,22.07.14,Holstein,6359,3,243,-,17.07.06,5.1,61.2,1863,4,Bred,1,22.06.13,28.9,177.7,1024,334,1248,1086,1192,1162,1120,1080,1024,334,548,249,0,771,Inseminate,-,0,22.06.13,-,491,12688,-,Male,-,243,Dec,21.12.12,-
8485,-,5,4,22.07.31,12,Female,122,22.04.12,Holstein,4381,3,309,-,17.07.06,5.1,61.2,1863,5,Pregnant,4,22.07.02,37.6,203.5,1108,374,1112,884,911,1047,1167,1146,1108,374,0,1198,1726,1222,Conf. Dry Off,Yes,2,22.07.02,-,464,12469,-,Male,-,309,Oct,21.10.07,-
8487,-,199,190,22.08.02,10,Female,0,22.06.09,Holstein,-,2,348,Yes,17.07.07,5.1,61.2,1862,199,"Cull, Not Pregnant",2,22.04.09,-,-,0,0,0,0,0,0,0,0,0,0,0,0,0,0,Pregn. Check,-,0,22.04.09,-,561,2115,-,Female,-,348,Aug,21.08.29,-
8488,-,6,5,22.07.31,12,Female,115,22.04.19,Holstein,11390,3,477,-,17.07.07,5.1,61.2,1862,6,Pregnant,4,22.07.16,24.9,147.8,840,272,1358,1002,1124,1016,1003,884,840,272,1649,1616,1456,1373,Conf. Dry Off,Yes,2,22.07.16,-,639,1760,-,Female,-,477,Apr,21.04.22,Easy
8490,-,7,5,22.06.19,54,Female,184,22.02.09,Holstein,7064,3,341,-,17.07.08,5.1,61.1,1861,7,Pregnant,4,22.05.02,16.3,88.5,590,175,904,763,951,906,732,632,590,175,756,1182,1339,1220,Conf. Dry Off,Yes,2,22.05.02,-,434,2153,-,Female,-,341,Sep,21.09.05,Easy
8491,-,2,22,22.07.31,12,Female,0,22.07.27,Holstein,4857,3,104,-,17.07.07,5.1,61.2,1862,2,Bred,1,-,51.6,315.4,1705,584,270,0,0,9,1331,1669,1705,584,987,914,800,644,Inseminate,-,0,-,-,365,13072,-,Male,-,104,Apr,22.04.30,-
8492,-,22,1,22.08.01,11,Female,0,-,Holstein,7173,3,33,-,17.07.07,5.1,61.2,1862,22,Fresh,0,-,47.4,241.4,1009,432,898,723,601,87,0,0,1009,432,1164,1018,981,960,Report Heat,-,0,-,-,-,2927,-,Female,-,33,Jul,22.07.10,-
8493,-,5,4,22.07.31,12,Female,0,22.06.11,Holstein,12092,3,334,-,17.07.08,5.1,61.1,1861,5,Pregnant (1st Preg Check),3,22.07.23,25.1,144.9,880,264,1459,1303,1351,1280,1172,1036,880,264,834,1671,1615,1635,2nd Pregn. Check,-,1,22.07.23,-,549,2181,-,Female,-,334,Sep,21.09.12,-
8494,-,75,50,22.07.23,20,Female,230,21.12.25,Holstein,1545,3,300,-,17.07.08,5.1,61.1,1861,75,"Pregnant, Dry",5,22.03.21,-,-,667,0,1520,1267,1439,1298,1267,1133,667,0,120,1323,1452,1498,Conf. Step  Up,Yes,2,22.03.21,-,367,-,-,-,-,320,Sep,21.09.26,-
8495,-,75,50,22.08.11,1,Female,209,22.01.15,Holstein,4664,3,498,-,17.07.08,5.1,61.1,1861,75,"Pregnant, Dry",5,22.04.11,5.6,36,454,95,951,743,778,705,621,494,454,95,1161,958,643,952,Conf. Step  Up,Yes,2,22.04.11,21.11.26,567,1722,-,Female,-,499,Mar,21.03.31,-
8496,-,75,50,22.07.10,33,Female,243,21.12.12,Holstein,545,3,280,-,17.07.09,5.1,61.1,1860,75,"Pregnant, Dry",5,22.03.07,-,-,85,0,1312,1220,1287,1235,1198,740,85,0,0,1308,1634,1592,Conf. Step  Up,Yes,2,22.03.07,-,347,2238,-,Female,-,313,Oct,21.10.03,Easy
8498,-,2,22,22.07.31,12,Female,0,-,Holstein,12630,3,47,-,17.07.09,5.1,61.1,1860,2,Fresh,1,-,49.6,288.2,1420,529,1044,714,550,0,0,145,1420,529,1216,1279,1225,1182,Inseminate,-,0,-,-,-,2898,-,Female,-,47,Jun,22.06.26,-
8499,-,1,4,22.08.11,1,Female,139,22.03.26,Holstein,1686,3,242,-,17.07.11,5.1,61,1858,1,Pregnant,4,22.06.20,35.8,195.2,1240,384,1506,1387,1465,1489,1466,1258,1240,384,634,173,0,736,Conf. Dry Off,Yes,2,22.06.20,-,380,2415,-,Female,-,242,Dec,21.12.13,-
8500,-,5,4,22.07.31,12,Female,0,22.05.16,Holstein,3496,3,300,-,17.07.11,5.1,61,1858,5,Pregnant (1st Preg Check),3,22.07.04,32.6,174.7,1059,326,1532,1258,1377,1239,1223,1071,1059,326,0,666,1607,1620,2nd Pregn. Check,-,1,22.07.04,-,489,12500,-,Male,-,300,Oct,21.10.16,-
8501,-,6,5,22.07.31,12,Female,0,22.05.19,Holstein,4042,3,431,-,17.07.11,5.1,61,1858,6,Open,1,22.07.01,19.9,120,676,220,1225,1050,1119,858,712,599,676,220,1363,1260,1242,1259,Inseminate,-,0,22.07.01,-,623,1862,-,Female,-,431,Jun,21.06.07,Easy
8506,-,80,75,22.07.23,20,Female,274,21.11.11,Holstein,4933,3,281,-,17.07.13,5.1,61,1856,80,"Pregnant, Dry",5,22.02.07,-,-,0,0,1400,1189,1246,1155,1060,362,0,0,954,1504,1341,1476,Conf. Step  Up,Yes,2,22.02.07,-,341,12358,-,Male,-,338,Sep,21.09.08,-
8508,-,1,80,22.07.26,17,Female,0,-,Holstein,3708,4,17,-,17.07.14,5.1,60.9,1855,1,Fresh,0,-,43.3,252.3,144,434,1214,813,900,811,233,0,144,434,1475,1424,1409,1364,Report Heat,-,0,-,-,-,13310,-,Male,-,17,Jul,22.07.26,-
8510,-,4,3,22.07.31,12,Female,126,22.04.08,Holstein,1751,3,241,-,17.07.15,5.1,60.9,1854,4,Pregnant,4,22.07.02,39.2,227.1,1329,434,1619,1533,1640,1580,1571,1440,1329,434,731,326,0,717,Conf. Dry Off,Yes,2,22.07.02,-,392,2417,-,Female,-,241,Dec,21.12.14,-
8511,-,6,5,22.07.31,12,Female,185,22.02.08,Holstein,3290,3,353,-,17.07.16,5.1,60.9,1853,6,Pregnant,4,22.05.02,28.6,170.2,1055,318,1478,1264,1401,1338,1254,1187,1055,318,1436,1674,1607,1484,Conf. Dry Off,Yes,2,22.05.02,-,445,12265,-,Male,-,353,Aug,21.08.24,-
8513,-,3,2,22.07.31,12,Female,0,22.08.08,Holstein,8270,4,169,-,17.07.16,5.1,60.9,1853,3,Bred,1,22.06.27,45.4,269.9,1527,505,0,113,1527,1649,1626,1612,1527,505,1333,1304,1212,969,Inseminate,-,0,22.06.27,-,442,12874,-,Male,-,169,Feb,22.02.24,-
8514,-,22,1,22.08.04,8,Female,0,-,Holstein,1927,4,26,-,17.07.16,5.1,60.9,1853,22,Fresh,0,-,39.5,238.8,440,420,1120,991,976,771,115,0,440,420,1327,1300,1250,1237,Report Heat,-,0,-,-,-,-,-,-,-,26,Jul,22.07.17,-
8515,-,22,1,22.08.01,11,Female,0,-,Holstein,2956,3,40,-,17.07.18,5.1,60.8,1851,22,Fresh,1,-,50.5,286.8,1291,532,967,782,837,482,0,0,1291,532,1196,1198,1103,1050,Inseminate,-,0,-,-,-,13241,-,Male,-,40,Jul,22.07.03,Hard
8516,-,80,75,22.08.02,10,Female,261,21.11.24,Holstein,7007,3,375,-,17.07.20,5.1,60.7,1849,80,"Pregnant, Dry",5,22.02.21,-,-,0,0,1176,985,989,904,744,409,0,0,1349,1321,1242,1218,Conf. Step  Up,Yes,2,22.02.21,-,437,12085,-,Male,-,421,Jun,21.06.17,Easy
8518,-,190,40,22.08.02,10,Female,0,-,Holstein,-,3,40,Yes,17.07.21,5.1,60.7,1848,190,"Cull, Not Pregnant",1,-,-,-,0,0,0,0,0,0,0,0,0,0,0,0,0,0,Inseminate,-,0,-,-,-,13245,-,Male,-,40,Jul,22.07.03,Easy
8519,-,75,25,22.02.22,171,Female,233,21.12.22,Holstein,1446,2,492,-,17.07.21,5.1,60.7,1848,75,"Pregnant, Dry",5,22.02.18,-,-,0,0,454,262,0,0,0,0,0,0,894,799,755,721,Conf. Step  Up,Yes,2,22.02.18,-,707,1384,-,Female,-,663,Oct,20.10.18,-
8520,-,5,4,22.07.31,12,Female,0,22.05.14,Holstein,9698,3,257,-,17.07.21,5.1,60.7,1848,5,Pregnant (1st Preg Check),3,22.06.27,28.9,161.9,981,308,1578,1348,1446,1297,1201,1028,981,308,219,0,82,1406,2nd Pregn. Check,-,1,22.06.27,-,444,2382,2387,Female,Female,257,Nov,21.11.28,-
8521,-,199,190,22.08.02,10,Female,0,22.02.27,Holstein,-,3,275,Yes,17.07.22,5.1,60.7,1847,199,"Cull, Not Pregnant",1,22.05.30,-,-,0,0,0,0,0,0,0,0,0,0,0,0,0,0,Inseminate,-,0,22.05.30,22.07.03,386,12595,-,Male,-,275,Nov,21.11.10,-
8523,-,4,3,22.07.31,12,Female,0,22.07.02,Holstein,3462,3,284,-,17.07.23,5.1,60.6,1846,4,Open,1,22.08.06,34,204,1108,373,1518,1276,914,1213,1308,1177,1108,373,54,1,1291,1500,Inseminate,-,0,22.08.06,-,520,2325,-,Female,-,284,Nov,21.11.01,-
8525,-,75,50,22.08.02,10,Female,227,21.12.28,Holstein,8358,3,290,-,17.07.23,5.1,60.6,1846,75,"Pregnant, Dry",5,22.03.21,-,-,942,17,1565,1382,1498,1410,1357,1179,942,17,0,700,1619,1668,Conf. Step  Up,Yes,2,22.03.21,-,350,2282,-,Female,-,300,Oct,21.10.16,-
8529,-,70,3,22.08.11,1,Female,104,22.04.30,Holstein,8281,3,186,-,17.07.26,5,60.6,1843,70,Pregnant,4,22.08.01,36.1,216.4,1259,418,0,855,1617,1512,1557,1397,1259,418,668,580,410,13,Conf. Dry Off,Yes,2,22.08.01,-,359,12837,-,Male,-,186,Feb,22.02.07,Easy
8532,-,6,5,22.07.31,12,Female,163,22.03.02,Holstein,7948,2,419,-,17.07.27,5,60.5,1842,6,Pregnant,4,22.05.30,24.5,154.6,870,285,1084,985,1094,998,949,893,870,285,1212,1266,1307,1241,Conf. Dry Off,Yes,2,22.05.30,-,533,12088,-,Male,-,419,Jun,21.06.19,-
8533,-,4,3,22.07.31,12,Female,126,22.04.08,Holstein,5230,3,281,-,17.07.27,5,60.5,1842,4,Pregnant,4,22.07.02,36.3,218.3,1217,410,1502,1352,1488,1446,1461,1191,1217,410,82,0,1202,1617,Conf. Dry Off,Yes,2,22.07.02,-,432,2332,-,Female,-,281,Nov,21.11.04,-
8538,-,4,3,22.07.31,12,Female,103,22.05.01,Holstein,6695,3,232,-,17.07.29,5,60.5,1840,4,Pregnant,4,22.08.01,40.8,256.7,1507,484,1540,1582,1743,1663,1674,1514,1507,484,943,631,0,239,Conf. Dry Off,Yes,2,22.08.01,-,406,2441,-,Female,-,232,Dec,21.12.23,Easy
8541,-,199,190,22.07.02,41,Female,0,22.06.21,Holstein,-,3,274,Yes,17.07.31,5,60.4,1838,199,"Cull, Not Pregnant",2,22.05.02,-,-,0,0,0,0,0,0,0,0,0,0,0,0,0,0,Pregn. Check,-,0,22.05.02,-,499,12601,-,Male,-,274,Nov,21.11.11,-
8544,-,1,80,22.07.26,17,Female,0,-,Holstein,66,4,17,-,17.08.01,5,60.4,1837,1,Fresh,0,-,44.9,262.7,210,481,1312,1128,1167,1019,967,48,210,481,1403,1378,1318,1331,Report Heat,-,0,-,-,-,2971,-,Female,-,17,Jul,22.07.26,-
8545,-,2,22,22.07.31,12,Female,0,-,Holstein,4093,4,62,-,17.08.01,5,60.4,1837,2,Fresh,1,-,34.7,229.7,1260,439,1036,892,816,132,0,669,1260,439,1220,1209,868,1089,Inseminate,-,0,-,-,-,13165,-,Male,-,62,Jun,22.06.11,-
8546,-,2,22,22.07.31,12,Female,0,-,Holstein,7004,3,53,-,17.08.02,5,60.3,1836,2,Fresh,1,-,43.6,259.9,1364,480,202,0,0,0,0,364,1364,480,777,713,568,493,Inseminate,-,0,-,-,-,13211,-,Male,-,53,Jun,22.06.20,-
8547,-,75,50,22.08.02,10,Female,229,21.12.26,Holstein,1740,2,679,-,17.08.02,5,60.3,1836,75,"Pregnant, Dry",5,22.03.21,-,-,624,12,949,825,685,773,666,710,624,12,1022,954,978,957,Conf. Step  Up,Yes,2,22.03.21,-,737,11423,-,Male,-,689,Sep,20.09.22,Easy
8548,-,199,190,22.05.01,103,Female,0,22.03.29,Holstein,-,2,365,Yes,17.08.02,5,60.3,1836,199,"Cull, Not Pregnant",3,22.03.03,-,-,0,0,0,0,0,0,0,0,0,0,0,0,0,0,2nd Pregn. Check,-,0,22.03.03,-,506,2050,-,Female,-,365,Aug,21.08.12,-
8550,-,199,190,22.03.31,134,Female,0,21.09.18,Holstein,-,3,490,Yes,17.08.08,5,60.1,1830,199,"Cull, Not Pregnant",1,21.12.11,-,-,0,0,0,0,0,0,0,0,0,0,0,0,0,0,Inseminate,-,0,21.12.11,22.03.13,439,11997,-,Male,-,490,Apr,21.04.09,Easy
8551,-,2,22,22.07.31,12,Female,0,-,Holstein,5142,3,58,-,17.08.09,5,60.1,1829,2,Fresh,1,-,52.7,319.5,1713,572,661,66,0,0,0,602,1713,572,1184,1177,1011,935,Inseminate,-,0,-,-,-,13182,-,Male,-,58,Jun,22.06.15,Hard
8552,-,3,2,22.07.31,12,Female,0,22.07.13,Holstein,1663,3,116,-,17.08.09,5,60.1,1829,3,Bred,1,-,37.6,226.1,1266,420,93,0,0,452,1606,1008,1266,420,829,731,590,505,Inseminate,-,0,-,-,363,13034,-,Male,-,116,Apr,22.04.18,-
8556,-,5,4,22.07.31,12,Female,169,22.02.24,Holstein,1126,3,332,-,17.08.10,5,60.1,1828,5,Pregnant,4,22.05.16,29.7,189.3,1102,361,1449,1208,1317,1257,1131,1133,1102,361,709,1564,1485,1501,Conf. Dry Off,Yes,2,22.05.16,-,440,2185,-,Female,-,332,Sep,21.09.14,-
8557,-,1,80,22.08.05,7,Female,0,-,Holstein,3011,4,8,-,17.08.11,5,60,1827,1,Fresh,0,-,43.5,243,0,255,1547,1349,1442,1344,1257,74,0,255,1214,1633,1584,1625,Report Heat,-,0,-,-,-,13355,-,Male,-,8,Aug,22.08.04,Easy
8559,-,11,10,22.08.10,2,Female,0,-,Holstein,343,3,55,-,17.08.12,5,60,1826,11,Fresh,1,-,48.3,286.7,1324,515,744,343,0,0,0,363,1324,515,1136,1087,948,781,Inseminate,-,0,-,-,-,2878,-,Female,-,55,Jun,22.06.18,-
8561,-,190,40,22.08.02,10,Female,0,22.07.24,Holstein,-,3,338,Yes,17.08.13,5,60,1825,190,"Cull, Not Pregnant",1,22.06.10,-,-,0,0,0,0,0,0,0,0,0,0,0,0,0,0,Inseminate,-,0,22.06.10,-,596,12361,-,Male,-,338,Sep,21.09.08,Easy
8565,-,2,22,22.07.31,12,Female,0,-,Holstein,4891,4,59,-,17.08.15,5,59.9,1823,2,Fresh,1,-,52,319.3,1606,588,1419,1253,1262,520,0,559,1606,588,1577,1568,1518,1532,Inseminate,-,0,-,-,-,2870,-,Female,-,59,Jun,22.06.14,Easy
8566,-,75,50,22.07.16,27,Female,246,21.12.09,Holstein,1172,3,285,-,17.08.15,5,59.9,1823,75,"Pregnant, Dry",5,22.02.28,-,-,340,0,1520,1380,1443,1344,1281,1082,340,0,0,1155,1555,1534,Conf. Step  Up,Yes,2,22.02.28,-,343,2243,-,Female,-,312,Oct,21.10.04,Easy
8567,-,80,75,22.08.02,10,Female,256,21.11.29,Holstein,2207,3,331,-,17.08.15,5,59.9,1823,80,"Pregnant, Dry",5,22.02.21,-,-,29,0,1284,1151,1195,1203,1169,1012,29,0,1367,1376,1332,1357,Conf. Step  Up,Yes,2,22.02.21,-,393,12179,-,Male,-,372,Aug,21.08.05,Hard
8569,-,4,3,22.07.31,12,Female,119,22.04.15,Holstein,146,3,206,-,17.08.16,5,59.9,1822,4,Pregnant,4,22.07.16,36.2,237.9,1389,446,524,1446,1593,1554,1566,1452,1389,446,1035,871,331,0,Conf. Dry Off,Yes,2,22.07.16,-,364,12786,-,Male,-,206,Jan,22.01.18,Easy
8570,-,6,5,22.07.31,12,Female,174,22.02.19,Holstein,3626,3,356,-,17.08.17,5,59.8,1821,6,Pregnant,4,22.05.16,26.5,161.6,1028,304,1400,1211,1308,1230,1242,1145,1028,304,1531,1517,1526,1549,Conf. Dry Off,Yes,2,22.05.16,-,459,2085,-,Female,-,356,Aug,21.08.21,-
8571,-,199,190,22.03.31,134,Female,0,-,Holstein,-,1,936,Yes,17.08.17,5,59.8,1821,199,"Cull, Not Pregnant",1,-,-,-,0,0,0,0,0,0,0,0,0,0,0,0,0,0,Inseminate,-,0,-,-,-,-,-,-,-,936,Jan,20.01.19,Hard
8572,-,5,4,22.07.31,12,Female,117,22.04.17,Holstein,7872,3,307,-,17.08.17,5,59.8,1821,5,Pregnant,4,22.07.16,35.5,200.4,1180,372,1547,1371,1502,1434,1411,1256,1180,372,0,716,1449,1619,Conf. Dry Off,Yes,2,22.07.16,-,467,12478,12487,Male,Male,307,Oct,21.10.09,Easy
8573,-,80,75,22.08.02,10,Female,261,21.11.24,Holstein,9505,1,998,-,17.08.17,5,59.8,1821,80,"Pregnant, Dry",5,22.02.21,-,-,0,0,616,575,197,0,0,0,0,0,857,841,725,724,Conf. Step  Up,Yes,2,22.02.21,-,1166,19940,-,Male,-,1150,Jun,19.06.19,Easy
8574,-,4,3,22.07.31,12,Female,155,22.03.10,Holstein,5478,3,269,-,17.08.17,5,59.8,1821,4,Pregnant,4,22.05.30,21.4,144.4,908,269,1157,971,1034,987,973,926,908,269,255,0,424,1144,Conf. Dry Off,Yes,2,22.05.30,-,391,2358,-,Female,-,269,Nov,21.11.16,-
8575,-,7,5,22.08.10,2,Female,201,22.01.23,Holstein,4713,3,337,-,17.08.18,5,59.8,1820,7,Pregnant,4,22.04.18,15.7,126.8,988,246,1421,1189,1316,1331,1238,1128,988,246,872,1553,1555,1514,Conf. Dry Off,Yes,2,22.04.18,-,413,2173,-,Female,-,337,Sep,21.09.09,Easy
8577,-,7,6,22.07.21,22,Female,0,22.01.07,Holstein,3333,2,719,-,17.08.18,5,59.8,1820,7,Open,1,21.05.17,16.7,90.3,581,182,592,596,571,600,636,607,581,182,818,799,724,674,Inseminate,-,0,21.05.17,-,779,11265,-,Male,-,719,Aug,20.08.23,-
8578,-,199,190,22.08.02,10,Female,0,22.06.17,Holstein,-,3,174,Yes,17.08.19,5,59.8,1819,199,"Cull, Not Pregnant",2,-,-,-,0,0,0,0,0,0,0,0,0,0,0,0,0,0,Pregn. Check,-,0,-,-,395,2613,-,Female,-,174,Feb,22.02.19,-
8580,-,199,190,22.06.04,69,Female,0,22.04.28,Holstein,-,3,211,Yes,17.08.20,5,59.7,1818,199,"Cull, Not Pregnant",3,-,-,-,0,0,0,0,0,0,0,0,0,0,0,0,0,0,2nd Pregn. Check,-,0,-,-,382,2506,-,Female,-,211,Jan,22.01.13,Normal
8582,-,4,3,22.07.31,12,Female,0,22.06.20,Holstein,1531,3,222,-,17.08.20,5,59.7,1818,4,Pregnant (1st Preg Check),3,22.07.30,41,263.5,1562,505,1100,1468,1676,1573,1605,1564,1562,505,849,537,45,0,2nd Pregn. Check,-,1,22.07.30,-,446,2472,-,Female,-,222,Jan,22.01.02,-
8584,-,75,50,22.08.11,1,Female,220,22.01.04,Holstein,2508,3,277,-,17.08.21,5,59.7,1817,75,"Pregnant, Dry",5,22.03.30,13.5,85,1099,244,1368,1235,1380,1312,1273,1155,1099,244,84,0,1074,1557,Conf. Step  Up,Yes,2,22.03.30,-,335,2339,-,Female,-,278,Nov,21.11.07,-
8585,-,199,190,22.05.01,103,Female,0,21.09.12,Holstein,-,3,454,Yes,17.08.21,5,59.7,1817,199,"Cull, Not Pregnant",1,21.12.11,-,-,0,0,0,0,0,0,0,0,0,0,0,0,0,0,Inseminate,-,0,21.12.11,22.03.29,397,12045,-,Male,-,454,May,21.05.15,-
8587,-,80,75,22.07.23,20,Female,273,21.11.12,Holstein,2783,3,323,-,17.08.22,5,59.7,1816,80,"Pregnant, Dry",5,22.02.07,-,-,0,0,1390,1242,1294,1251,1172,465,0,0,1472,1473,1418,1451,Conf. Step  Up,Yes,2,22.02.07,-,384,1976,-,Female,-,380,Jul,21.07.28,-
8589,-,75,50,22.06.27,46,Female,245,21.12.10,Holstein,9143,3,321,-,17.08.22,5,59.7,1816,75,"Pregnant, Dry",5,22.02.28,-,-,0,0,955,998,1004,844,675,394,0,0,1191,1104,1130,1202,Conf. Step  Up,Yes,2,22.02.28,-,399,2034,-,Female,-,367,Aug,21.08.10,-
8592,-,199,190,22.02.01,192,Female,0,20.12.27,Holstein,-,2,815,Yes,17.08.26,5,59.5,1812,199,"Cull, Not Pregnant",1,20.11.08,-,-,0,0,0,0,0,0,0,0,0,0,0,0,0,0,Inseminate,-,0,20.11.08,-,499,10114,-,Male,-,815,May,20.05.19,Easy
8593,-,7,6,22.07.20,23,Female,139,22.03.26,Holstein,2832,3,379,-,17.08.27,5,59.5,1811,7,Pregnant,4,22.06.20,17.7,103.9,604,202,1035,847,892,777,702,610,604,202,1287,1242,1193,1172,Conf. Dry Off,Yes,2,22.06.20,-,517,12151,-,Male,-,379,Jul,21.07.29,-
8594,-,80,75,22.08.10,2,Female,254,21.12.01,Holstein,2608,3,268,-,17.08.28,5,59.5,1810,80,"Pregnant, Dry",5,22.02.21,-,-,17,0,1539,1344,1446,1330,1253,783,17,0,0,988,1526,1573,Conf. Step  Up,Yes,2,22.02.21,-,332,12472,-,Male,-,309,Oct,21.10.07,Easy
8598,-,4,3,22.07.31,12,Female,193,22.01.31,Holstein,13108,3,261,-,17.08.30,5,59.4,1808,4,Pregnant,4,22.05.02,35.8,221.5,1164,413,1536,1281,1394,1351,1387,1047,1164,413,755,0,195,1400,Conf. Dry Off,Yes,2,22.05.02,-,345,12646,-,Male,-,261,Nov,21.11.24,-
8600,-,5,4,22.07.31,12,Female,171,22.02.22,Holstein,807,3,310,-,17.08.31,4.9,59.4,1807,5,Pregnant,4,22.05.16,27.9,162.2,991,303,1364,1178,1211,1152,1104,1030,991,303,0,1090,1464,1448,Conf. Dry Off,Yes,2,22.05.16,-,416,12463,-,Male,-,310,Oct,21.10.06,-
8601,-,199,190,22.07.02,41,Female,0,-,Holstein,-,3,69,Yes,17.08.31,4.9,59.4,1807,199,"Cull, Not Pregnant",1,-,-,-,0,0,0,0,0,0,0,0,0,0,0,0,0,0,Inseminate,-,0,-,-,-,13152,-,Male,-,69,Jun,22.06.04,Hard
8603,-,6,5,22.07.31,12,Female,0,22.05.19,Holstein,6561,2,504,-,17.09.01,4.9,59.3,1806,6,Pregnant (1st Preg Check),3,22.07.04,24.2,117.2,644,215,1041,628,796,757,777,696,644,215,1226,1204,1177,1047,2nd Pregn. Check,-,1,22.07.04,22.04.20,696,1715,-,Female,-,504,Mar,21.03.26,Easy
8604,-,4,3,22.07.31,12,Female,0,22.06.25,Holstein,4096,3,215,-,17.09.01,4.9,59.3,1806,4,Pregnant (1st Preg Check),3,22.07.30,40.3,265.5,1530,509,991,1563,1705,1655,1653,1546,1530,509,1022,712,164,0,2nd Pregn. Check,-,1,22.07.30,-,444,12766,-,Male,-,215,Jan,22.01.09,Easy
8605,-,3,2,22.07.31,12,Female,0,22.08.03,Holstein,4540,3,116,-,17.09.01,4.9,59.3,1806,3,Bred,1,22.07.14,37.5,232.7,1358,432,485,0,0,573,1566,1394,1358,432,1090,1047,767,737,Inseminate,-,0,22.07.14,-,384,13033,-,Male,-,116,Apr,22.04.18,-
8606,-,4,3,22.07.31,12,Female,149,22.03.16,Holstein,12736,3,254,-,17.09.01,4.9,59.3,1806,4,Pregnant,4,22.06.20,33.9,206.6,1273,395,1732,1424,1469,1432,1454,1332,1273,395,874,35,0,1341,Conf. Dry Off,Yes,2,22.06.20,-,382,2393,-,Female,-,254,Dec,21.12.01,Easy
8608,-,3,2,22.07.31,12,Female,0,22.08.03,Holstein,14018,3,134,-,17.09.02,4.9,59.3,1805,3,Bred,1,22.07.11,42.7,264,1497,499,0,0,24,1279,1565,1457,1497,499,697,614,372,8,Inseminate,-,0,22.07.11,-,402,2697,-,Female,-,134,Mar,22.03.31,-
8611,-,6,5,22.07.31,12,Female,0,22.05.14,Holstein,15302,3,363,-,17.09.03,4.9,59.3,1804,6,Open,1,22.06.27,23.5,139.1,754,254,1232,998,993,957,860,707,754,254,1300,1361,1347,1312,Inseminate,-,0,22.06.27,-,550,12224,12225,Male,Male,363,Aug,21.08.14,-
8612,-,3,2,22.07.31,12,Female,0,22.08.01,Holstein,897,3,159,-,17.09.04,4.9,59.2,1803,3,Bred,1,22.07.08,51.2,293.2,1639,539,0,0,1079,1619,1702,1506,1639,539,1067,803,595,234,Inseminate,-,0,22.07.08,-,425,12911,-,Male,-,159,Mar,22.03.06,-
8613,-,199,190,22.02.01,192,Female,0,-,Holstein,-,3,237,Yes,17.09.04,4.9,59.2,1803,199,"Cull, Not Pregnant",1,-,-,-,0,0,0,0,0,0,0,0,0,0,0,0,0,0,Inseminate,-,0,-,-,-,12706,-,Male,-,237,Dec,21.12.18,Easy
8614,-,199,190,22.02.01,192,Female,0,21.07.26,Holstein,-,2,678,Yes,17.09.04,4.9,59.2,1803,199,"Cull, Not Pregnant",1,-,-,-,0,0,0,0,0,0,0,0,0,0,0,0,0,0,Inseminate,-,0,-,-,573,1338,-,Female,-,678,Oct,20.10.03,Easy
8616,-,3,2,22.07.31,12,Female,0,22.08.11,Holstein,5627,3,134,-,17.09.05,4.9,59.2,1802,3,Bred,1,22.08.06,42.8,241.9,1466,456,196,0,29,1436,1720,1534,1466,456,1016,911,854,628,Inseminate,-,0,22.08.06,-,410,12983,-,Male,-,134,Mar,22.03.31,-
8619,-,199,190,22.02.01,192,Female,0,21.12.02,Holstein,-,2,338,Yes,17.09.06,4.9,59.2,1801,199,"Cull, Not Pregnant",1,22.01.25,-,-,0,0,0,0,0,0,0,0,0,0,0,0,0,0,Inseminate,-,0,22.01.25,-,362,12355,-,Male,-,338,Sep,21.09.08,-
8620,-,80,75,22.08.10,2,Female,255,21.11.30,Holstein,2873,3,278,-,17.09.06,4.9,59.2,1801,80,"Pregnant, Dry",5,22.02.21,-,-,17,0,1276,1128,1198,1164,1123,689,17,0,100,1317,1412,1380,Conf. Step  Up,Yes,2,22.02.21,-,341,12431,-,Male,-,319,Sep,21.09.27,-
8622,-,80,75,22.08.02,10,Female,257,21.11.28,Holstein,4917,3,275,-,17.09.07,4.9,59.1,1800,80,"Pregnant, Dry",5,22.02.21,-,-,0,0,1556,1366,1456,1323,1170,578,0,0,211,1515,1589,1672,Conf. Step  Up,Yes,2,22.02.21,-,341,12422,-,Male,-,321,Sep,21.09.25,-
8623,-,2,22,22.07.31,12,Female,0,22.08.03,Holstein,6634,4,89,-,17.09.07,4.9,59.1,1800,2,Bred,1,-,35.4,229.6,1224,431,882,674,202,0,521,1202,1224,431,1078,1052,961,940,Inseminate,-,0,-,-,357,13107,-,Male,-,89,May,22.05.15,Easy
8624,-,6,5,22.07.31,12,Female,180,22.02.13,Holstein,6685,3,339,-,17.09.07,4.9,59.1,1800,6,Pregnant,4,22.05.16,26.8,171,960,318,1359,1154,1297,1211,1069,909,960,318,974,1375,1461,1444,Conf. Dry Off,Yes,2,22.05.16,-,436,12345,-,Male,-,339,Sep,21.09.07,Easy
8625,-,3,2,22.07.31,12,Female,0,22.07.23,Holstein,8183,3,197,-,17.08.09,5,60.1,1829,3,Bred,1,22.07.14,52.1,293,1665,539,125,1474,1882,1861,1810,1655,1665,539,1165,1121,710,0,Inseminate,-,0,22.07.14,-,454,2549,-,Female,-,197,Jan,22.01.27,Hard
8627,-,199,190,22.02.01,192,Female,0,20.10.07,Holstein,-,1,1065,Yes,17.09.08,4.9,59.1,1799,199,"Cull, Not Pregnant",1,20.11.18,-,-,0,0,0,0,0,0,0,0,0,0,0,0,0,0,Inseminate,-,0,20.11.18,-,668,401,-,Female,-,1065,Sep,19.09.12,-
8629,-,3,2,22.07.31,12,Female,0,22.06.29,Holstein,4616,3,132,-,17.09.09,4.9,59.1,1798,3,Open,1,22.08.05,47,249.8,1556,467,424,0,0,1346,1840,1666,1556,467,1273,1258,1142,1041,Inseminate,-,0,22.08.05,-,365,2703,-,Female,-,132,Apr,22.04.02,-
8630,-,4,7,22.08.10,2,Female,207,22.01.17,Holstein,404,3,273,-,17.09.09,4.9,59.1,1798,4,Pregnant,4,22.04.11,30.9,185.1,1089,343,1487,1336,1476,1402,1343,1154,1089,343,50,0,711,1457,Conf. Dry Off,Yes,2,22.04.11,-,343,12605,-,Male,-,273,Nov,21.11.12,-
8632,-,6,5,22.07.31,12,Female,0,22.04.24,Holstein,9238,2,526,-,17.09.09,4.9,59.1,1798,6,Open,1,22.04.24,22.7,130.4,689,236,925,768,677,701,787,635,689,236,1168,1096,1056,992,Inseminate,-,0,22.04.24,-,693,1673,-,Female,-,526,Mar,21.03.04,-
8637,-,75,25,22.02.22,171,Female,227,21.12.28,Holstein,4440,1,938,-,17.09.11,4.9,59,1796,75,"Pregnant, Dry",5,22.02.18,-,-,0,0,473,272,0,0,0,0,0,0,615,598,571,533,Conf. Step  Up,Yes,2,22.02.18,-,1159,10089,-,Male,-,1109,Jul,19.07.30,-
8639,-,5,4,22.07.31,12,Female,143,22.03.22,Holstein,5849,3,333,-,17.09.12,4.9,59,1795,5,Pregnant,4,22.06.20,30.1,169.9,955,319,1187,993,1083,1043,1031,969,955,319,418,1264,1137,1202,Conf. Dry Off,Yes,2,22.06.20,-,467,12381,-,Male,-,333,Sep,21.09.13,-
8640,-,80,75,22.08.10,2,Female,253,21.12.02,Holstein,7095,3,272,-,17.09.12,4.9,59,1795,80,"Pregnant, Dry",5,22.02.21,-,-,11,0,1149,833,849,766,617,394,11,0,0,1221,1446,1320,Conf. Step  Up,Yes,2,22.02.21,-,337,12457,-,Male,-,313,Oct,21.10.03,Easy
8642,-,80,75,22.08.02,10,Female,260,21.11.25,Holstein,4795,3,316,-,17.09.13,4.9,58.9,1794,80,"Pregnant, Dry",5,22.02.21,-,-,0,0,1171,916,905,731,563,262,0,0,1466,1458,1349,1266,Conf. Step  Up,Yes,2,22.02.21,-,385,2027,-,Female,-,368,Aug,21.08.09,-
8643,-,4,3,22.07.31,12,Female,0,22.08.04,Holstein,6682,3,227,-,17.09.13,4.9,58.9,1794,4,Bred,1,22.07.20,37.4,246.9,1364,445,1462,1467,1640,1544,1568,1376,1364,445,560,82,0,95,Inseminate,-,0,22.07.20,-,496,12734,-,Male,-,227,Dec,21.12.28,-
8645,-,22,1,22.08.04,8,Female,0,-,Holstein,6332,4,26,-,17.09.14,4.9,58.9,1793,22,Fresh,0,-,41.3,247.6,469,453,1113,922,941,809,133,0,469,453,1250,1217,1179,1170,Report Heat,-,0,-,-,-,13290,-,Male,-,26,Jul,22.07.17,-
8646,-,7,5,22.08.10,2,Female,201,22.01.23,Holstein,776,3,323,-,17.09.14,4.9,58.9,1793,7,Pregnant,4,22.04.18,20.1,134.1,890,259,1260,1110,1237,1206,1022,1016,890,259,193,1114,1267,1339,Conf. Dry Off,Yes,2,22.04.18,-,399,12412,-,Male,-,323,Sep,21.09.23,Easy
8647,-,4,3,22.07.31,12,Female,110,22.04.24,Holstein,2133,3,281,-,17.09.14,4.9,58.9,1793,4,Pregnant,4,22.07.16,39.5,233,1277,432,1516,1342,1410,1345,1342,1320,1277,432,5,0,1113,1631,Conf. Dry Off,Yes,2,22.07.16,-,448,2335,-,Female,-,281,Nov,21.11.04,Hard
8648,-,1,80,22.07.30,13,Female,0,-,Holstein,13230,4,13,-,17.09.14,4.9,58.9,1793,1,Fresh,0,-,48.2,253.1,41,448,1419,1208,1218,1053,210,0,41,448,1427,1517,1533,1509,Report Heat,-,0,-,-,-,2983,-,Female,-,13,Jul,22.07.30,-
8649,-,75,50,22.07.23,20,Female,238,21.12.17,Holstein,2799,2,412,-,17.09.14,4.9,58.9,1793,75,"Pregnant, Dry",5,22.03.07,-,-,414,0,1214,1123,1080,998,874,714,414,0,1227,1167,1179,1233,Conf. Step  Up,Yes,2,22.03.07,-,471,12072,-,Male,-,432,Jun,21.06.06,-
8650,-,80,75,22.07.23,20,Female,268,21.11.17,Holstein,8174,3,315,-,17.09.15,4.9,58.9,1792,80,"Pregnant, Dry",5,22.02.07,-,-,0,0,1303,1239,1174,1039,1045,586,0,0,1532,1512,1480,1456,Conf. Step  Up,Yes,2,22.02.07,-,376,12199,-,Male,-,367,Aug,21.08.10,-
8651,-,5,4,22.07.31,12,Female,158,22.03.07,Holstein,3216,3,310,-,17.09.15,4.9,58.9,1792,5,Pregnant,4,22.05.30,23.6,198.9,1207,375,1576,1432,1530,1457,1415,1257,1207,375,0,1112,1610,1646,Conf. Dry Off,Yes,2,22.05.30,-,429,2247,-,Female,-,310,Oct,21.10.06,-
8654,-,7,6,22.03.20,145,Female,0,22.03.13,Holstein,7903,3,366,-,17.09.16,4.9,58.8,1791,7,Open (Aborted),1,22.05.11,18.6,100.6,620,199,824,597,523,464,468,532,620,199,1346,1288,1209,1078,Inseminate,-,0,22.05.11,22.02.18,491,2041,-,Female,-,366,Aug,21.08.11,-
8655,-,6,5,22.07.31,12,Female,0,22.07.18,Holstein,7663,3,352,-,17.09.16,4.9,58.8,1791,6,Open,1,22.06.23,20.8,120.8,679,220,1192,927,926,894,788,717,679,220,1296,1315,1301,1287,Inseminate,-,0,22.06.23,-,604,12267,-,Male,-,352,Aug,21.08.25,-
8656,-,7,6,22.04.12,122,Female,183,22.02.10,Holstein,5840,3,461,-,17.09.14,4.9,58.9,1793,7,Pregnant,4,22.05.02,10.5,64.2,427,127,943,779,702,588,491,435,427,127,1141,1116,1040,981,Conf. Dry Off,Yes,2,22.05.02,-,555,12030,-,Male,-,461,May,21.05.08,Easy
8657,-,1,80,22.08.01,11,Female,0,-,Holstein,7046,4,12,-,17.09.14,4.9,58.9,1793,1,Fresh,0,-,43.1,258.7,0,404,1355,1123,1238,1168,815,0,0,404,1230,1470,1417,1402,Report Heat,-,0,-,-,-,2991,-,Female,-,12,Jul,22.07.31,-
8661,-,4,3,22.07.31,12,Female,0,22.07.01,Holstein,878,3,230,-,17.09.18,4.9,58.8,1789,4,Pregnant (1st Preg Check),3,22.08.06,27.4,164,1083,332,1379,1425,1459,1409,1291,841,1083,332,850,742,80,181,2nd Pregn. Check,-,1,22.08.06,-,465,2444,-,Female,-,230,Dec,21.12.25,Easy
8662,-,199,190,22.03.31,134,Female,0,22.02.25,Holstein,-,3,318,Yes,17.09.18,4.9,58.8,1789,199,"Cull, Not Pregnant",1,22.02.02,-,-,0,0,0,0,0,0,0,0,0,0,0,0,0,0,Inseminate,-,0,22.02.02,-,427,12434,-,Male,-,318,Sep,21.09.28,-
8663,-,199,190,22.03.31,134,Female,0,22.02.22,Holstein,-,3,291,Yes,17.09.18,4.9,58.8,1789,199,"Cull, Not Pregnant",1,-,-,-,0,0,0,0,0,0,0,0,0,0,0,0,0,0,Inseminate,-,0,-,-,397,12544,-,Male,-,291,Oct,21.10.25,Hard
8664,-,80,75,22.07.23,20,Female,265,21.11.20,Holstein,1688,3,336,-,17.09.18,4.9,58.8,1789,80,"Pregnant, Dry",5,22.02.21,-,-,0,0,1161,1014,996,940,784,467,0,0,1312,1321,1217,1207,Conf. Step  Up,Yes,2,22.02.21,-,394,12146,-,Male,-,382,Jul,21.07.26,-
8667,-,75,50,22.08.11,1,Female,223,22.01.01,Holstein,5237,3,327,-,17.09.19,4.9,58.7,1788,75,"Pregnant, Dry",5,22.03.30,13.3,80.8,1170,216,1631,1459,1568,1545,1505,1280,1170,216,538,1564,1574,1733,Conf. Step  Up,Yes,2,22.03.30,-,382,2195,-,Female,-,328,Sep,21.09.18,-
8669,-,4,3,22.07.31,12,Female,0,22.07.29,Holstein,12347,3,265,-,17.09.19,4.9,58.7,1788,4,Bred,1,22.07.23,40.3,250.1,1466,476,1741,913,1432,1500,1481,1458,1466,476,643,0,479,1760,Inseminate,-,0,22.07.23,-,528,12629,-,Male,-,265,Nov,21.11.20,-
8670,-,4,3,22.07.31,12,Female,0,22.06.11,Holstein,7009,3,240,-,17.09.19,4.9,58.7,1788,4,Pregnant (1st Preg Check),3,22.07.23,37,212.8,1237,399,1556,1323,1479,1357,1347,1216,1237,399,573,115,0,611,2nd Pregn. Check,-,1,22.07.23,-,455,2419,-,Female,-,240,Dec,21.12.15,Easy
8671,-,4,5,22.08.10,2,Female,0,21.11.24,Holstein,5833,2,407,-,17.09.20,4.9,58.7,1787,4,Aborted,1,22.02.28,33.9,221.2,685,396,1113,978,1207,1167,1183,833,685,396,1602,1520,1409,1162,Inseminate,-,0,22.02.28,22.07.07,423,1897,-,Female,-,407,Jul,21.07.01,Easy
8672,-,2,22,22.07.31,12,Female,0,22.08.02,Holstein,2289,4,89,-,17.09.20,4.9,58.7,1787,2,Bred,1,-,32.8,195.1,1300,370,1015,658,0,0,445,1232,1300,370,1210,1193,1103,1032,Inseminate,-,0,-,-,356,13106,-,Male,-,89,May,22.05.15,Easy
8673,-,80,75,22.08.02,10,Female,256,21.11.29,Holstein,6789,3,310,-,17.09.20,4.9,58.7,1787,80,"Pregnant, Dry",5,22.02.21,-,-,17,0,1265,1083,1140,1010,896,508,17,0,1195,1344,1339,1314,Conf. Step  Up,Yes,2,22.02.21,-,372,12272,-,Male,-,351,Aug,21.08.26,Easy
8676,-,5,4,22.07.31,12,Female,115,22.04.19,Holstein,7493,3,331,-,17.09.21,4.9,58.7,1786,5,Pregnant,4,22.07.16,32.7,193.3,1126,367,1542,1127,1354,1292,1311,1180,1126,367,628,1567,1685,1531,Conf. Dry Off,Yes,2,22.07.16,-,493,2188,-,Female,-,331,Sep,21.09.15,Easy
8677,-,7,5,22.08.04,8,Female,211,22.01.13,Holstein,4953,3,298,-,17.09.21,4.9,58.7,1786,7,Pregnant,4,22.04.04,22.6,125.2,945,258,1019,955,1035,1055,1075,990,945,258,0,318,1075,1143,Conf. Dry Off,Yes,2,22.04.04,-,364,2295,-,Female,-,298,Oct,21.10.18,Easy
8679,-,4,3,22.07.31,12,Female,154,22.03.11,Holstein,12524,3,286,-,17.09.23,4.9,58.6,1784,4,Pregnant,4,22.05.30,30.6,190,1149,364,1351,1150,1263,1246,1266,1162,1149,364,68,24,1161,1424,Conf. Dry Off,Yes,2,22.05.30,-,409,2323,-,Female,-,286,Oct,21.10.30,-
8681,-,2,22,22.07.31,12,Female,0,22.07.17,Holstein,256,3,93,-,17.09.24,4.9,58.6,1783,2,Bred,1,-,46.3,271.7,1497,508,148,0,0,0,705,1409,1497,508,701,652,573,537,Inseminate,-,0,-,-,344,2801,-,Female,-,93,May,22.05.11,Easy
8684,-,6,5,22.07.31,12,Female,0,22.04.29,Holstein,5511,2,407,-,17.09.24,4.9,58.6,1783,6,Open,1,22.02.07,23.8,123.4,648,234,885,673,610,649,729,705,648,234,1334,1165,1034,998,Inseminate,-,0,22.02.07,-,579,12103,-,Male,-,407,Jul,21.07.01,-
8685,-,75,50,22.07.23,20,Female,231,21.12.24,Holstein,9402,2,285,-,17.09.24,4.9,58.6,1783,75,"Pregnant, Dry",5,22.03.15,-,-,725,0,1509,1336,1423,1272,1398,1121,725,0,0,699,1397,1496,Conf. Step  Up,Yes,2,22.03.15,-,351,12479,-,Male,-,305,Oct,21.10.11,-
8686,-,1,80,22.07.30,13,Female,0,-,Holstein,12913,3,13,-,17.09.25,4.9,58.5,1782,1,Fresh,0,-,38.9,221.1,35,395,556,436,0,0,0,0,35,395,816,816,738,684,Report Heat,-,0,-,-,-,13327,-,Male,-,13,Jul,22.07.30,-
8687,-,75,50,22.07.23,20,Female,239,21.12.16,Holstein,1003,3,342,-,17.09.25,4.9,58.5,1782,75,"Pregnant, Dry",5,22.03.07,-,-,310,0,1225,1033,994,913,748,576,310,0,1312,1367,1279,1284,Conf. Step  Up,Yes,2,22.03.07,-,400,2066,-,Female,-,362,Aug,21.08.15,-
8688,-,199,190,22.02.01,192,Female,0,20.11.03,Holstein,-,1,1118,Yes,17.09.25,4.9,58.5,1782,199,"Cull, Not Pregnant",1,20.12.09,-,-,0,0,0,0,0,0,0,0,0,0,0,0,0,0,Inseminate,-,0,20.12.09,-,748,10056,-,Male,-,1118,Jul,19.07.21,-
8689,-,4,3,22.07.31,12,Female,113,22.04.21,Holstein,4134,3,309,-,17.09.25,4.9,58.5,1782,4,Pregnant,4,22.07.16,35,239.1,1396,444,1472,1314,1396,1400,1429,1404,1396,444,0,875,1453,1476,Conf. Dry Off,Yes,2,22.07.16,-,473,2254,-,Female,-,309,Oct,21.10.07,Easy
8690,-,4,3,22.07.31,12,Female,114,22.04.20,Holstein,7352,3,247,-,17.09.26,4.9,58.5,1781,4,Pregnant,4,22.07.16,41.5,244.2,1468,457,1696,1517,1699,1657,1654,1522,1468,457,850,202,0,1001,Conf. Dry Off,Yes,2,22.07.16,-,410,12684,-,Male,-,247,Dec,21.12.08,Easy
8691,-,2,22,22.07.31,12,Female,0,-,Holstein,5168,3,64,-,17.09.27,4.9,58.5,1780,2,Fresh,1,-,55.4,337.4,1896,624,679,365,0,0,0,1023,1896,624,1110,1033,903,717,Inseminate,-,0,-,-,-,2855,-,Female,-,64,Jun,22.06.09,Easy
8692,-,3,2,22.07.31,12,Female,0,22.08.01,Holstein,1969,3,164,-,17.09.28,4.9,58.4,1779,3,Bred,1,-,49.8,260.5,1548,496,0,2,1501,1737,1823,1640,1548,496,1176,1110,969,652,Inseminate,-,0,-,-,430,2635,-,Female,-,164,Mar,22.03.01,-
8693,-,199,190,22.03.31,134,Female,0,22.02.27,Holstein,-,3,395,Yes,17.09.29,4.9,58.4,1778,199,"Cull, Not Pregnant",3,22.02.27,-,-,0,0,0,0,0,0,0,0,0,0,0,0,0,0,2nd Pregn. Check,-,0,22.02.27,-,506,12120,12125,Male,Male,395,Jul,21.07.13,-
8694,-,4,3,22.07.31,12,Female,0,22.07.26,Holstein,3151,3,243,-,17.09.29,4.9,58.4,1778,4,Bred,1,22.04.18,38.3,237.9,1344,442,1668,1520,1662,1562,1557,1399,1344,442,637,294,0,912,Inseminate,-,0,22.04.18,-,503,12690,-,Male,-,243,Dec,21.12.12,-
8695,-,80,75,22.08.10,2,Female,253,21.12.02,Holstein,13120,3,257,-,17.09.29,4.9,58.4,1778,80,"Pregnant, Dry",5,22.02.28,-,-,0,0,1443,1251,1266,1074,846,295,0,0,0,785,1385,1418,Conf. Step  Up,Yes,2,22.02.28,-,333,12466,-,Male,-,309,Oct,21.10.07,-
8698,-,5,4,22.07.31,12,Female,102,22.05.02,Holstein,1765,3,358,-,17.10.01,4.9,58.3,1776,5,Pregnant,4,22.08.01,34.4,203.5,1090,373,1316,1217,1302,1200,1167,1082,1090,373,1376,1483,1459,1490,Conf. Dry Off,Yes,2,22.08.01,-,533,2083,-,Female,-,358,Aug,21.08.19,Easy
8699,-,4,3,22.07.31,12,Female,0,22.06.27,Holstein,1773,3,240,-,17.10.02,4.9,58.3,1775,4,Open,1,22.08.06,36.1,217.4,1216,398,1641,1295,1401,1369,1318,1283,1216,398,696,319,0,679,Inseminate,-,0,22.08.06,-,471,12702,-,Male,-,240,Dec,21.12.15,Easy
8700,-,199,190,22.08.02,10,Female,0,21.11.15,Holstein,-,3,369,Yes,17.10.03,4.9,58.3,1774,199,"Cull, Not Pregnant",1,22.02.07,-,-,0,0,0,0,0,0,0,0,0,0,0,0,0,0,Inseminate,-,0,22.02.07,22.07.07,376,12189,-,Male,-,369,Aug,21.08.08,-
8701,-,50,7,22.08.11,1,Female,212,22.01.12,Holstein,3106,3,307,-,17.10.03,4.9,58.3,1774,50,Pregnant,4,22.04.04,16.4,98,741,205,987,838,921,867,898,715,741,205,0,637,1048,1060,Conf. Dry Off,Yes,2,22.04.04,-,372,2259,-,Female,-,307,Oct,21.10.09,Easy
8702,-,75,50,22.08.02,10,Female,228,21.12.27,Holstein,3967,3,290,-,17.10.03,4.9,58.3,1774,75,"Pregnant, Dry",5,22.03.21,-,-,1025,25,1529,1359,1500,1409,1416,1172,1025,25,0,633,1472,1531,Conf. Step  Up,Yes,2,22.03.21,-,349,12498,-,Male,-,300,Oct,21.10.16,-
8705,-,4,3,22.07.31,12,Female,0,22.07.27,Holstein,3464,2,269,-,17.10.05,4.9,58.2,1772,4,Bred,1,22.06.28,38.9,230.8,1279,425,1543,1230,1385,1342,1353,1185,1279,425,136,0,528,1484,Inseminate,-,0,22.06.28,-,530,12618,-,Male,-,269,Nov,21.11.16,-
8706,-,75,50,22.07.16,27,Female,245,21.12.10,Holstein,44,3,275,-,17.10.05,4.9,58.2,1772,75,"Pregnant, Dry",5,22.02.28,-,-,250,0,1183,1025,1095,1049,1008,787,250,0,0,650,1304,1269,Conf. Step  Up,Yes,2,22.02.28,-,334,8706,-,Male,-,302,Oct,21.10.14,-
8707,-,5,4,22.07.31,12,Female,101,22.05.03,Holstein,3733,3,302,-,17.10.06,4.8,58.2,1771,5,Pregnant,4,22.08.01,36,204.5,1175,386,1632,1444,1556,1466,1250,1212,1175,386,0,625,1438,1638,Conf. Dry Off,Yes,2,22.08.01,-,478,12494,-,Male,-,302,Oct,21.10.14,-
8708,-,1,80,22.07.30,13,Female,0,-,Holstein,2840,4,13,-,17.10.06,4.8,58.2,1771,1,Fresh,0,-,39.1,229.4,41,394,1269,1063,1092,938,486,0,41,394,1287,1331,1291,1328,Report Heat,-,0,-,-,-,13320,-,Male,-,13,Jul,22.07.30,-
8710,-,199,190,22.05.01,103,Female,0,21.11.22,Holstein,-,2,577,Yes,17.10.06,4.8,58.2,1771,199,"Cull, Not Pregnant",1,22.02.21,-,-,0,0,0,0,0,0,0,0,0,0,0,0,0,0,Inseminate,-,0,22.02.21,22.04.27,591,11794,-,Male,-,577,Jan,21.01.12,Normal
8712,-,80,75,22.07.16,27,Female,275,21.11.10,Holstein,911,3,315,-,17.10.07,4.8,58.2,1770,80,"Pregnant, Dry",5,22.02.07,-,-,0,0,1109,988,1015,1023,884,342,0,0,1323,1334,1271,1239,Conf. Step  Up,Yes,2,22.02.07,-,374,2008,-,Female,-,372,Aug,21.08.05,-
8713,-,4,7,22.08.10,2,Female,196,22.01.28,Holstein,266,3,281,-,17.10.07,4.8,58.2,1770,4,Pregnant,4,22.04.18,31.2,182.6,1144,351,1467,1209,1349,1315,1280,1203,1144,351,59,0,855,1468,Conf. Dry Off,Yes,2,22.04.18,-,362,2330,-,Female,-,281,Nov,21.11.04,-
8714,-,2,22,22.07.31,12,Female,0,22.08.03,Holstein,2670,3,93,-,17.10.07,4.8,58.2,1770,2,Bred,1,-,43.6,264.4,1416,486,184,0,0,0,776,1436,1416,486,835,871,726,625,Inseminate,-,0,-,-,361,13098,-,Male,-,93,May,22.05.11,Easy
8715,-,5,4,22.07.31,12,Female,0,22.07.04,Holstein,4286,3,321,-,17.10.07,4.8,58.2,1770,5,Open,1,22.07.04,35,204.7,1126,381,1416,1273,1360,1344,1265,1146,1126,381,186,1429,1471,1512,Inseminate,-,0,22.07.04,-,559,2215,-,Female,-,321,Sep,21.09.25,-
8716,-,7,5,22.06.19,54,Female,139,22.03.26,Holstein,12501,3,307,-,17.10.09,4.8,58.1,1768,7,Pregnant,4,22.06.20,12.6,79.5,479,152,829,464,675,645,671,524,479,152,0,752,1237,1271,Conf. Dry Off,Yes,2,22.06.20,-,445,2258,-,Female,-,307,Oct,21.10.09,Easy
8717,-,3,2,22.07.31,12,Female,0,22.05.18,Holstein,371,3,169,-,17.10.10,4.8,58.1,1767,3,Open,1,22.07.04,44,277.2,1682,526,0,173,1516,1791,1802,1717,1682,526,1082,920,791,434,Inseminate,-,0,22.07.04,-,360,12873,-,Male,-,169,Feb,22.02.24,-
8720,-,1,80,22.08.09,3,Female,0,-,Holstein,2738,4,3,-,17.10.11,4.8,58,1766,1,Fresh,0,-,30,68,0,68,1429,1223,1311,1277,1219,71,0,68,1475,1469,1433,1485,Report Heat,-,0,-,-,-,13382,-,Male,-,3,Aug,22.08.09,-
8724,-,2,22,22.07.31,12,Female,0,-,Holstein,1710,3,65,-,17.10.14,4.8,57.9,1763,2,Fresh,1,-,52.8,307.3,1500,560,752,550,139,0,0,814,1500,560,1167,1035,944,809,Inseminate,-,0,-,-,-,2853,-,Female,-,65,Jun,22.06.08,Easy
8725,-,3,2,22.07.31,12,Female,0,22.07.06,Holstein,12474,3,129,-,17.10.14,4.8,57.9,1763,3,Bred,2,-,37.3,243.5,1428,462,753,139,0,988,1294,1364,1428,462,1177,1013,967,860,Pregn. Check,-,0,-,-,369,13000,-,Male,-,129,Apr,22.04.05,Hard
8726,-,6,5,22.07.31,12,Female,0,22.06.17,Holstein,1623,2,313,-,17.10.15,4.8,57.9,1762,6,Open,1,22.06.17,27,164.8,938,288,1362,1152,1227,1145,1218,1122,938,288,0,1199,1483,1439,Inseminate,-,0,22.06.17,-,534,12458,-,Male,-,313,Oct,21.10.03,Easy
8727,-,75,50,22.08.02,10,Female,226,21.12.29,Holstein,13750,3,340,-,17.10.15,4.8,57.9,1762,75,"Pregnant, Dry",5,22.03.21,-,-,916,13,1476,1275,1325,1187,1219,1127,916,13,1249,1425,1383,1511,Conf. Step  Up,Yes,2,22.03.21,-,401,12274,-,Male,-,350,Aug,21.08.27,Easy
8728,-,2,22,22.07.31,12,Female,0,-,Holstein,3776,4,64,-,17.10.16,4.8,57.9,1761,2,Fresh,1,-,55,315.4,1654,577,1014,738,805,136,0,820,1654,577,1463,1348,1233,1112,Inseminate,-,0,-,-,-,13186,-,Male,-,64,Jun,22.06.09,Easy
8732,-,75,50,22.07.23,20,Female,233,21.12.22,Holstein,822,3,315,-,17.10.18,4.8,57.8,1759,75,"Pregnant, Dry",5,22.03.15,-,-,501,0,1489,1303,1420,1283,1167,929,501,0,772,1501,1558,1562,Conf. Step  Up,Yes,2,22.03.15,-,379,12373,-,Male,-,335,Sep,21.09.11,-
8733,-,50,7,22.08.11,1,Female,215,22.01.09,Holstein,6822,3,292,-,17.10.18,4.8,57.8,1759,50,Pregnant,4,22.04.04,23.5,138.1,990,278,1399,1235,1370,1296,1251,1120,990,278,10,255,1398,1542,Conf. Dry Off,Yes,2,22.04.04,-,354,12534,-,Male,-,292,Oct,21.10.24,Easy
8734,-,75,50,22.07.16,27,Female,240,21.12.15,Holstein,2680,2,413,-,17.10.19,4.8,57.8,1758,75,"Pregnant, Dry",5,22.03.07,-,-,162,0,1080,961,991,893,773,583,162,0,1523,1467,1374,1195,Conf. Step  Up,Yes,2,22.03.07,-,477,12067,-,Male,-,440,May,21.05.29,-
8735,-,199,190,22.05.01,103,Female,0,-,Holstein,-,3,176,Yes,17.10.19,4.8,57.8,1758,199,"Cull, Not Pregnant",1,-,-,-,0,0,0,0,0,0,0,0,0,0,0,0,0,0,Inseminate,-,0,-,-,-,2607,-,Female,-,176,Feb,22.02.17,-
8737,-,4,3,22.07.31,12,Female,132,22.04.02,Holstein,4605,3,284,-,17.10.20,4.8,57.7,1757,4,Pregnant,4,22.07.02,33.7,195.4,1147,352,1397,1276,1391,1343,1274,1196,1147,352,71,0,1145,1487,Conf. Dry Off,Yes,2,22.07.02,-,429,12570,-,Male,-,284,Nov,21.11.01,Easy
8738,-,4,3,22.07.31,12,Female,121,22.04.13,Holstein,9985,3,209,-,17.10.21,4.8,57.7,1756,4,Pregnant,4,22.07.02,31.2,196.1,1199,363,711,1407,1527,1454,1460,1327,1199,363,927,714,165,0,Conf. Dry Off,Yes,2,22.07.02,-,365,2511,-,Female,-,209,Jan,22.01.15,Easy
8739,-,7,6,22.07.13,30,Female,94,22.05.10,Holstein,188,3,309,-,17.10.21,4.8,57.7,1756,7,Pregnant,4,22.08.01,12.6,84.3,496,161,1240,1060,735,789,725,591,496,161,0,899,1131,1366,Conf. Dry Off,Yes,2,22.08.01,-,492,2251,-,Female,-,309,Oct,21.10.07,-
8742,-,3,2,22.07.31,12,Female,0,22.07.12,Holstein,4511,3,162,-,17.10.21,4.8,57.7,1756,3,Bred,1,-,38.1,216.2,1269,396,0,0,1183,1501,1507,1384,1269,396,559,531,404,90,Inseminate,-,0,-,-,408,12908,-,Male,-,162,Mar,22.03.03,Easy
8744,-,199,190,22.05.01,103,Female,0,21.10.19,Holstein,-,2,641,Yes,17.10.22,4.8,57.7,1755,199,"Cull, Not Pregnant",1,21.06.19,-,-,0,0,0,0,0,0,0,0,0,0,0,0,0,0,Inseminate,-,0,21.06.19,-,621,11605,-,Male,-,641,Nov,20.11.09,Easy
8745,-,80,75,22.08.10,2,Female,250,21.12.05,Holstein,4815,3,288,-,17.10.22,4.8,57.7,1755,80,"Pregnant, Dry",5,22.02.28,-,-,182,0,1479,1235,1322,1317,1325,1088,182,0,178,1399,1507,1537,Conf. Step  Up,Yes,2,22.02.28,-,348,2216,-,Female,-,321,Sep,21.09.25,-
8747,-,4,3,22.07.31,12,Female,142,22.03.23,Holstein,100,3,221,-,17.10.23,4.8,57.6,1754,4,Pregnant,4,22.07.02,37.4,241.8,1293,448,1192,1371,1563,1500,1522,1294,1293,448,854,573,38,0,Conf. Dry Off,Yes,2,22.07.02,-,356,-,-,-,-,221,Jan,22.01.03,-
8748,-,5,4,22.07.31,12,Female,160,22.03.05,Holstein,7678,3,315,-,17.10.23,4.8,57.6,1754,5,Pregnant,4,22.05.30,36.3,206.3,1194,381,1567,1330,1402,1437,1419,1297,1194,381,0,1464,1650,1749,Conf. Dry Off,Yes,2,22.05.30,-,432,12449,-,Male,-,315,Oct,21.10.01,Easy
8749,-,1,80,22.07.28,15,Female,0,-,Holstein,6024,3,16,-,17.10.25,4.8,57.6,1752,1,Fresh,0,-,40.4,227.5,111,381,710,631,345,0,0,0,111,381,898,788,761,738,Report Heat,-,0,-,-,-,13316,-,Male,-,16,Jul,22.07.27,Easy
8750,-,5,4,22.07.31,12,Female,174,22.02.19,Holstein,6645,3,316,-,17.10.26,4.8,57.5,1751,5,Pregnant,4,22.05.16,22.1,159.6,958,304,1370,1155,1184,1135,1097,976,958,304,10,1456,1485,1478,Conf. Dry Off,Yes,2,22.05.16,-,419,12446,-,Male,-,316,Sep,21.09.30,-
8751,-,1,80,22.07.27,16,Female,0,-,Holstein,6588,4,16,-,17.10.27,4.8,57.5,1750,1,Fresh,0,-,41.7,230.4,116,385,1379,1190,1253,1045,462,0,116,385,1252,1506,1477,1458,Report Heat,-,0,-,-,-,13311,-,Male,-,16,Jul,22.07.27,-
8753,-,4,3,22.07.31,12,Female,189,22.02.04,Holstein,6322,3,240,-,17.10.27,4.8,57.5,1750,4,Pregnant,4,22.05.02,28,183.1,1130,350,1415,1427,1585,1457,1412,1238,1130,350,648,312,0,497,Conf. Dry Off,Yes,2,22.05.02,-,328,12710,-,Male,-,240,Dec,21.12.15,Easy
8754,-,199,190,22.05.01,103,Female,0,21.09.26,Holstein,-,2,641,Yes,17.10.27,4.8,57.5,1750,199,"Cull, Not Pregnant",1,21.07.08,-,-,0,0,0,0,0,0,0,0,0,0,0,0,0,0,Inseminate,-,0,21.07.08,-,598,11649,11630,Male,Male,641,Nov,20.11.09,Hard
8755,-,75,50,22.07.23,20,Female,230,21.12.25,Holstein,4938,2,486,-,17.10.27,4.8,57.5,1750,75,"Pregnant, Dry",5,22.03.21,-,-,388,0,960,779,835,797,755,658,388,0,1217,1234,1181,1084,Conf. Step  Up,Yes,2,22.03.21,-,553,11924,-,Male,-,506,Mar,21.03.24,-
8757,-,4,3,22.07.31,12,Female,129,22.04.05,Holstein,2076,3,251,-,17.10.27,4.8,57.5,1750,4,Pregnant,4,22.07.02,37.9,221.1,1239,408,1406,1225,1363,1296,1199,1232,1239,408,825,149,0,1020,Conf. Dry Off,Yes,2,22.07.02,-,399,2400,-,Female,-,251,Dec,21.12.04,Easy
8758,-,7,5,22.08.10,2,Female,199,22.01.25,Holstein,1032,3,338,-,17.10.29,4.8,57.4,1748,7,Pregnant,4,22.04.18,20.9,155.8,949,295,1322,1077,1228,1191,1128,960,949,295,785,1407,1404,1416,Conf. Dry Off,Yes,2,22.04.18,-,416,12353,-,Male,-,338,Sep,21.09.08,-
8761,-,80,75,22.08.10,2,Female,254,21.12.01,Holstein,5150,3,278,-,17.10.29,4.8,57.4,1748,80,"Pregnant, Dry",5,22.02.21,-,-,14,0,1210,971,1149,1071,1026,724,14,0,78,1187,1295,1253,Conf. Step  Up,Yes,2,22.02.21,-,342,12429,-,Male,-,319,Sep,21.09.27,-
8762,-,199,190,22.03.01,164,Female,0,21.09.07,Holstein,-,1,1054,Yes,17.10.29,4.8,57.4,1748,199,"Cull, Not Pregnant",1,21.03.27,-,-,0,0,0,0,0,0,0,0,0,0,0,0,0,0,Inseminate,-,0,21.03.27,21.08.06,992,10367,-,Male,-,1054,Sep,19.09.23,Easy
8764,-,6,5,22.07.31,12,Female,0,22.07.13,Holstein,4423,3,342,-,17.10.29,4.8,57.4,1748,6,Bred,1,22.06.30,24,138.3,870,266,1234,1068,1163,1100,1085,904,870,266,1044,1437,1336,1316,Inseminate,-,0,22.06.30,-,589,2142,-,Female,-,342,Sep,21.09.04,-
8768,-,7,40,22.07.17,26,Female,177,22.02.16,Holstein,1199,2,484,-,17.10.30,4.8,57.4,1747,7,Pregnant,4,22.05.16,19.9,104.5,532,208,754,767,872,898,884,774,532,208,1161,1149,1108,1039,Conf. Dry Off,Yes,2,22.05.16,-,584,1750,-,Female,-,484,Apr,21.04.15,Hard
8769,-,4,3,22.07.31,12,Female,0,22.05.10,Holstein,3254,3,251,-,17.10.30,4.8,57.4,1747,4,Open,1,22.06.27,29,179,891,340,1543,1292,1376,1310,1267,1049,891,340,438,0,0,1058,Inseminate,-,0,22.06.27,-,434,12676,-,Male,-,251,Dec,21.12.04,Easy
8773,-,6,5,22.07.31,12,Female,169,22.02.24,Holstein,15388,2,358,-,17.10.30,4.8,57.4,1747,6,Pregnant,4,22.05.16,25.8,169.6,1027,313,1055,989,805,966,1067,1101,1027,313,1275,913,644,893,Conf. Dry Off,Yes,2,22.05.16,-,466,12255,-,Male,-,358,Aug,21.08.19,Easy
8774,-,1,80,22.07.28,15,Female,0,-,Holstein,3508,3,16,-,17.10.30,4.8,57.4,1747,1,Fresh,0,-,42.6,245.1,101,436,776,667,586,181,0,0,101,436,917,886,834,850,Report Heat,-,0,-,-,-,2978,-,Female,-,16,Jul,22.07.27,Easy
8775,-,5,4,22.07.31,12,Female,0,22.08.10,Holstein,15078,2,366,-,17.10.31,4.8,57.4,1746,5,Bred,1,22.07.12,32.3,184.2,1085,360,1345,1158,1224,1198,1310,1180,1085,360,1349,1438,1404,1415,Inseminate,-,0,22.07.12,-,641,12205,12206,Male,Male,366,Aug,21.08.11,-
8776,-,4,3,22.07.31,12,Female,172,22.02.21,Holstein,720,3,223,-,17.10.31,4.8,57.4,1746,4,Pregnant,4,22.05.16,34.7,210.4,1174,382,1256,1380,1467,1377,1388,1263,1174,382,872,567,0,0,Conf. Dry Off,Yes,2,22.05.16,-,328,2470,-,Female,-,223,Jan,22.01.01,-
8778,-,4,3,22.07.31,12,Female,188,22.02.05,Holstein,8225,3,295,-,17.11.01,4.8,57.3,1745,4,Pregnant,4,22.05.02,26,153.4,886,290,1300,1100,1170,1114,1050,959,886,290,0,335,1327,1399,Conf. Dry Off,Yes,2,22.05.02,-,384,12523,-,Male,-,295,Oct,21.10.21,-
8779,-,75,50,22.07.16,27,Female,239,21.12.16,Holstein,5830,3,340,-,17.11.02,4.8,57.3,1744,75,"Pregnant, Dry",5,22.03.07,-,-,170,0,1071,807,801,714,628,495,170,0,1340,1345,1266,1260,Conf. Step  Up,Yes,2,22.03.07,-,405,2033,-,Female,-,367,Aug,21.08.10,-
8780,-,4,3,22.07.31,12,Female,182,22.02.11,Holstein,2648,3,248,-,17.11.02,4.8,57.3,1744,4,Pregnant,4,22.05.02,32.9,182.7,1150,350,1188,1031,1267,1292,1292,1198,1150,350,658,155,0,809,Conf. Dry Off,Yes,2,22.05.02,-,343,2405,-,Female,-,248,Dec,21.12.07,-
8781,-,80,75,22.08.02,10,Female,263,21.11.22,Holstein,3525,1,735,-,17.11.02,4.8,57.3,1744,80,"Pregnant, Dry",5,22.02.21,-,-,0,0,580,551,481,0,0,0,0,0,788,779,731,707,Conf. Step  Up,Yes,2,22.02.21,21.10.03,883,10879,-,Male,-,869,Mar,20.03.26,Easy
8782,-,7,5,22.08.10,2,Female,199,22.01.25,Holstein,12100,3,321,-,17.11.03,4.8,57.3,1743,7,Pregnant,4,22.04.18,24.4,159.2,1021,297,1310,1153,1276,1244,1247,1077,1021,297,169,1368,1400,1332,Conf. Dry Off,Yes,2,22.04.18,-,399,-,-,-,-,321,Sep,21.09.25,-
8783,-,50,7,22.08.11,1,Female,212,22.01.12,Holstein,4188,2,514,-,17.11.03,4.8,57.3,1743,50,Pregnant,4,22.04.04,20.2,102.9,700,211,1073,955,1049,1021,982,854,700,211,1371,1368,1313,1140,Conf. Dry Off,Yes,2,22.04.04,-,579,11904,-,Male,-,514,Mar,21.03.16,Easy
8784,-,4,3,22.07.31,12,Female,0,22.08.03,Holstein,9347,3,273,-,17.11.03,4.8,57.3,1743,4,Bred,1,22.07.30,25.8,155.4,950,289,1625,1428,1541,1203,1140,1085,950,289,149,0,701,1662,Inseminate,-,0,22.07.30,-,541,12610,-,Male,-,273,Nov,21.11.12,Easy
8785,-,4,3,22.07.31,12,Female,0,22.08.04,Holstein,2360,3,237,-,17.11.04,4.8,57.2,1742,4,Bred,1,22.07.30,38.4,234.5,1402,432,1550,1455,1590,1557,1499,1413,1402,432,848,507,0,468,Inseminate,-,0,22.07.30,-,506,12712,-,Male,-,237,Dec,21.12.18,Easy
8786,-,3,2,22.07.31,12,Female,99,22.05.05,Holstein,247,3,194,-,17.11.04,4.8,57.2,1742,3,Pregnant,4,22.08.01,39.5,237.1,1398,444,39,1493,1702,1587,1588,1474,1398,444,805,801,551,0,Conf. Dry Off,Yes,2,22.08.01,-,372,2556,-,Female,-,194,Jan,22.01.30,-
8789,-,2,22,22.07.31,12,Female,0,-,Holstein,7155,3,55,-,17.11.05,4.8,57.2,1741,2,Fresh,1,-,52.4,321.5,1671,600,492,55,0,0,0,566,1671,600,1008,1006,903,763,Inseminate,-,0,-,-,-,13191,-,Male,-,55,Jun,22.06.18,-
8790,-,4,3,22.07.31,12,Female,102,22.05.02,Holstein,6611,3,251,-,17.11.05,4.8,57.2,1741,4,Pregnant,4,22.08.01,37.6,223.3,1216,415,1481,1284,1397,1348,1359,1185,1216,415,622,26,0,1071,Conf. Dry Off,Yes,2,22.08.01,-,426,2399,-,Female,-,251,Dec,21.12.04,Easy
8791,-,4,3,22.07.31,12,Female,0,22.07.27,Holstein,9631,3,226,-,17.11.05,4.8,57.2,1741,4,Bred,1,22.07.04,41.4,246,1327,455,1368,1381,1590,1447,1430,1337,1327,455,1039,806,0,51,Inseminate,-,0,22.07.04,-,487,12737,-,Male,-,226,Dec,21.12.29,Hard
8792,-,4,5,22.08.10,2,Female,147,22.03.18,Holstein,4015,3,341,-,17.11.06,4.8,57.2,1740,4,Pregnant,4,22.06.20,7.3,180.6,1206,363,1460,1271,1382,1323,1299,1265,1206,363,1227,1668,1584,1550,Conf. Dry Off,Yes,2,22.06.20,-,471,2150,-,Female,-,341,Sep,21.09.05,-
8793,-,4,3,22.07.31,12,Female,0,22.07.06,Holstein,3655,3,197,-,17.11.06,4.8,57.2,1740,4,Bred,2,22.05.25,44.9,278.3,1586,520,170,1184,1672,1628,1616,1548,1586,520,993,950,596,0,Pregn. Check,-,0,22.05.25,-,437,12800,-,Male,-,197,Jan,22.01.27,-
8794,-,3,2,22.07.31,12,Female,0,22.07.01,Holstein,1672,3,139,-,17.11.06,4.8,57.2,1740,3,Pregnant (1st Preg Check),3,22.08.06,40.8,245.6,1477,457,331,0,145,1517,1643,1516,1477,457,1203,1201,1107,925,2nd Pregn. Check,-,1,22.08.06,-,374,12961,-,Male,-,139,Mar,22.03.26,-
8796,-,5,4,22.07.31,12,Female,0,22.08.10,Holstein,8085,3,312,-,17.11.06,4.8,57.2,1740,5,Bred (Aborted) ,1,22.05.16,31.4,178.9,1109,336,1620,1380,1375,1346,1277,1131,1109,336,0,1030,1581,1684,Inseminate,-,0,22.05.16,22.07.03,587,2241,-,Female,-,312,Oct,21.10.04,Easy
8797,-,1,80,22.07.26,17,Female,0,-,Holstein,13946,4,17,-,17.11.07,4.8,57.1,1739,1,Fresh,0,-,39.2,232.2,189,417,769,729,680,506,95,0,189,417,1020,952,868,844,Report Heat,-,0,-,-,-,2970,-,Female,-,17,Jul,22.07.26,-
8798,-,4,3,22.07.31,12,Female,0,22.07.19,Holstein,5182,3,236,-,17.11.08,4.8,57.1,1738,4,Bred,1,22.05.04,27.9,206,1222,393,1236,1163,1285,1271,1329,1235,1222,393,695,314,0,369,Inseminate,-,0,22.05.04,-,489,12717,-,Male,-,236,Dec,21.12.19,Easy
8802,-,75,50,22.06.21,52,Female,205,22.01.19,Holstein,9888,2,449,-,17.11.08,4.8,57.1,1738,75,"Pregnant, Dry",5,22.04.11,-,-,0,0,740,560,532,435,340,85,0,0,1031,1097,1071,874,Conf. Step  Up,Yes,2,22.04.11,-,573,1713,-,Female,-,501,Mar,21.03.29,-
8803,-,3,2,22.07.31,12,Female,0,22.06.09,Holstein,6381,3,121,-,17.11.09,4.8,57.1,1737,3,Pregnant (1st Preg Check),3,22.07.14,44.6,274.8,1492,511,205,0,0,701,1505,1489,1492,511,1010,922,738,545,2nd Pregn. Check,-,1,22.07.14,-,334,13018,-,Male,-,121,Apr,22.04.13,-
8804,-,4,3,22.07.31,12,Female,151,22.03.14,Holstein,2718,3,243,-,17.11.09,4.8,57.1,1737,4,Pregnant,4,22.06.20,40,240.3,1411,452,1699,1579,1700,1611,1688,1435,1411,452,205,0,0,779,Conf. Dry Off,Yes,2,22.06.20,-,369,2411,-,Female,-,243,Dec,21.12.12,-
8805,-,75,50,22.07.16,27,Female,219,22.01.05,Holstein,707,2,639,-,17.11.10,4.8,57,1736,75,"Pregnant, Dry",5,22.03.30,-,-,162,0,805,690,650,549,492,406,162,0,972,911,899,833,Conf. Step  Up,Yes,2,22.03.30,-,724,11526,-,Male,-,666,Oct,20.10.15,-
8806,-,75,50,22.08.02,10,Female,128,22.04.06,Holstein,7836,2,610,-,17.11.10,4.8,57,1736,75,"Pregnant, Dry",5,22.07.02,-,-,145,4,1041,852,868,783,540,407,145,4,1131,1123,1044,1067,Conf. Step  Up,Yes,2,22.07.02,22.02.16,769,1484,-,Female,-,620,Nov,20.11.30,Easy
8808,-,4,3,22.07.31,12,Female,0,22.07.12,Holstein,6542,3,272,-,17.11.10,4.8,57,1736,4,Bred,1,22.05.11,36.6,222.1,1265,416,1463,1246,1341,1306,1358,1239,1265,416,465,0,508,1436,Inseminate,-,0,22.05.11,-,518,12611,-,Male,-,272,Nov,21.11.13,Easy
8810,-,6,5,22.07.31,12,Female,0,22.08.10,Holstein,8768,2,342,-,17.11.10,4.8,57,1736,6,Bred,1,22.07.23,24.5,138.4,891,276,1275,1110,1224,1208,1043,968,891,276,1132,1450,1357,1374,Inseminate,-,0,22.07.23,-,617,2143,-,Female,-,342,Sep,21.09.04,-
8811,-,5,4,22.07.31,12,Female,177,22.02.16,Holstein,13705,3,260,-,17.11.10,4.8,57,1736,5,Pregnant,4,22.05.16,17.7,115.6,759,221,1398,1211,1259,1178,1193,936,759,221,493,0,129,1262,Conf. Dry Off,Yes,2,22.05.16,-,360,12651,-,Male,-,260,Nov,21.11.25,Hard
8812,-,3,2,22.07.31,12,Female,0,22.06.22,Holstein,4908,3,143,-,17.11.11,4.8,57,1735,3,Open,1,22.07.30,46.4,270,1591,498,144,0,316,1558,1735,1582,1591,498,869,800,712,574,Inseminate,-,0,22.07.30,-,369,12952,-,Male,-,143,Mar,22.03.22,Easy
8814,-,4,3,22.07.31,12,Female,0,22.07.10,Holstein,2561,3,219,-,17.11.13,4.7,56.9,1733,4,Bred,2,22.07.10,35.1,214.1,1329,411,1033,1368,1538,1486,1465,1397,1329,411,1072,906,71,6,Pregn. Check,-,0,22.07.10,-,463,12757,-,Male,-,219,Jan,22.01.05,Easy
8815,-,4,3,22.07.31,12,Female,0,22.04.13,Holstein,6342,3,209,-,17.11.14,4.7,56.9,1732,4,Open,1,22.05.19,39.3,226.6,1241,432,503,1114,1268,1229,1191,1201,1241,432,885,735,186,0,Inseminate,-,0,22.05.19,-,365,12780,-,Male,-,209,Jan,22.01.15,Easy
8817,-,4,3,22.07.31,12,Female,0,22.07.08,Holstein,868,3,273,-,17.11.14,4.7,56.9,1732,4,Bred,2,22.07.01,23,143.7,856,266,1684,1410,1471,1334,1289,1102,856,266,165,0,756,1689,Pregn. Check,-,0,22.07.01,-,515,12608,-,Male,-,273,Nov,21.11.12,Easy
8818,-,199,190,22.07.02,41,Female,0,21.10.12,Holstein,-,2,576,Yes,17.11.14,4.7,56.9,1732,199,"Cull, Not Pregnant",1,22.01.01,-,-,0,0,0,0,0,0,0,0,0,0,0,0,0,0,Inseminate,-,0,22.01.01,22.04.21,549,11798,-,Male,-,576,Jan,21.01.13,-
8820,-,4,3,22.07.31,12,Female,148,22.03.17,Holstein,376,3,215,-,17.11.14,4.7,56.9,1732,4,Pregnant,4,22.06.20,39.2,233.6,1384,434,847,1433,1618,1474,1512,1427,1384,434,556,264,0,0,Conf. Dry Off,Yes,2,22.06.20,-,344,2489,-,Female,-,215,Jan,22.01.09,-
8821,-,199,190,22.07.02,41,Female,0,21.12.31,Holstein,-,2,437,Yes,17.11.16,4.7,56.8,1730,199,"Cull, Not Pregnant",1,22.02.10,-,-,0,0,0,0,0,0,0,0,0,0,0,0,0,0,Inseminate,-,0,22.02.10,-,490,1856,-,Female,-,437,Jun,21.06.01,Easy
8822,-,199,190,22.08.02,10,Female,0,22.02.28,Holstein,-,3,297,Yes,17.11.17,4.7,56.8,1729,199,"Cull, Not Pregnant",1,22.05.30,-,-,0,0,0,0,0,0,0,0,0,0,0,0,0,0,Inseminate,-,0,22.05.30,-,409,12514,-,Male,-,297,Oct,21.10.19,Easy
8823,-,199,190,22.06.04,69,Female,0,-,Holstein,-,3,90,Yes,17.11.17,4.7,56.8,1729,199,"Cull, Not Pregnant",1,-,-,-,0,0,0,0,0,0,0,0,0,0,0,0,0,0,Inseminate,-,0,-,-,-,13104,-,Male,-,90,May,22.05.14,-
8826,-,4,3,22.07.31,12,Female,0,22.06.16,Holstein,4147,3,267,-,17.11.19,4.7,56.7,1727,4,Pregnant (1st Preg Check),3,22.07.23,33.8,206.5,1186,380,1604,1339,1424,1361,1350,1252,1186,380,128,0,432,1680,2nd Pregn. Check,-,1,22.07.23,-,487,12627,-,Male,-,267,Nov,21.11.18,Easy
8828,-,6,5,22.07.31,12,Female,161,22.03.04,Holstein,5905,3,345,-,17.11.20,4.7,56.7,1726,6,Pregnant,4,22.05.30,12,87.9,750,174,1245,1069,1139,1089,1105,1004,750,174,1068,1349,1207,1176,Conf. Dry Off,Yes,2,22.05.30,-,461,12311,-,Male,-,345,Sep,21.09.01,Easy
8829,-,1,80,22.07.31,12,Female,0,-,Holstein,142,3,13,-,17.11.22,4.7,56.6,1724,1,Fresh,0,-,39.6,232.9,8,398,897,746,809,643,65,0,8,398,1072,1111,1052,990,Report Heat,-,0,-,-,-,13329,-,Male,-,13,Jul,22.07.30,Easy
8830,-,4,3,22.07.31,12,Female,0,22.07.07,Holstein,2740,3,232,-,17.11.22,4.7,56.6,1724,4,Open,1,22.05.02,39.7,242.9,1408,459,1482,1359,1456,1438,1488,1439,1408,459,722,477,0,300,Inseminate,-,0,22.05.02,-,473,12724,-,Male,-,232,Dec,21.12.23,Hard
8832,-,75,50,22.08.02,10,Female,229,21.12.26,Holstein,3366,3,275,-,17.11.22,4.7,56.6,1724,75,"Pregnant, Dry",5,22.03.21,-,-,994,10,1767,1436,1550,1423,1352,1206,994,10,3,23,1518,1865,Conf. Step  Up,Yes,2,22.03.21,-,333,12563,-,Male,-,285,Oct,21.10.31,-
8835,-,199,190,22.02.01,192,Female,0,21.09.09,Holstein,-,2,639,Yes,17.11.23,4.7,56.6,1723,199,"Cull, Not Pregnant",1,21.04.30,-,-,0,0,0,0,0,0,0,0,0,0,0,0,0,0,Inseminate,-,0,21.04.30,-,579,11609,-,Male,-,639,Nov,20.11.11,-
8839,-,7,6,22.07.20,23,Female,189,22.02.04,Holstein,2407,3,324,-,17.11.25,4.7,56.5,1721,7,Pregnant,4,22.05.02,13.5,83.4,571,169,1195,1019,1132,1042,1011,802,571,169,238,1295,1326,1293,Conf. Dry Off,Yes,2,22.05.02,-,412,2209,-,Female,-,324,Sep,21.09.22,-
8841,-,4,3,22.07.31,12,Female,176,22.02.17,Holstein,8072,3,278,-,17.11.25,4.7,56.5,1721,4,Pregnant,4,22.05.16,33.1,177.4,1007,328,1583,1330,1393,1362,1331,1117,1007,328,42,0,1085,1727,Conf. Dry Off,Yes,2,22.05.16,-,379,2341,-,Female,-,278,Nov,21.11.07,Easy
8842,-,80,75,22.07.16,27,Female,278,21.11.07,Holstein,5173,2,517,-,17.11.25,4.7,56.5,1721,80,"Pregnant, Dry",5,22.02.07,2.1,2.1,0,2,1110,898,1032,989,926,321,0,2,1311,1271,1181,1132,Conf. Step  Up,Yes,2,22.02.07,-,573,1583,-,Female,-,574,Jan,21.01.15,-
8843,-,22,1,22.08.01,11,Female,0,-,Holstein,5019,3,33,-,17.11.26,4.7,56.5,1720,22,Fresh,0,-,44.5,265.8,737,464,1025,856,960,765,9,0,737,464,1280,1192,1109,1047,Report Heat,-,0,-,-,-,-,-,-,-,33,Jul,22.07.10,Hard
8846,-,4,3,22.07.31,12,Female,93,22.05.11,Holstein,3665,3,248,-,17.11.26,4.7,56.5,1720,4,Pregnant,4,22.08.01,22.2,199.7,1232,385,1196,1156,1327,1241,1347,1267,1232,385,920,213,0,904,Conf. Dry Off,Yes,2,22.08.01,-,432,2404,-,Female,-,248,Dec,21.12.07,-
8847,-,1,80,22.08.03,9,Female,0,-,Holstein,7424,3,9,-,17.11.27,4.7,56.5,1719,1,Fresh,0,-,45.4,256.2,0,371,606,580,492,112,0,0,0,371,982,924,858,744,Report Heat,-,0,-,-,-,13345,-,Male,-,9,Aug,22.08.03,-
8849,-,80,75,22.08.02,10,Female,256,21.11.29,Holstein,3771,2,317,-,17.11.27,4.7,56.5,1719,80,"Pregnant, Dry",5,22.02.21,-,-,15,0,1449,1247,1297,1249,1096,862,15,0,1317,1415,1373,1428,Conf. Step  Up,Yes,2,22.02.21,-,379,12254,-,Male,-,358,Aug,21.08.19,Hard
8850,-,4,3,22.07.31,12,Female,148,22.03.17,Holstein,9897,3,222,-,17.11.27,4.7,56.5,1719,4,Pregnant,4,22.06.20,35.1,204.7,1253,386,1524,1608,1657,1526,1456,1325,1253,386,561,403,0,0,Conf. Dry Off,Yes,2,22.06.20,-,351,12748,-,Male,-,222,Jan,22.01.02,-
8851,-,7,6,22.07.13,30,Female,196,22.01.28,Holstein,5089,3,363,-,17.11.27,4.7,56.5,1719,7,Pregnant,4,22.04.18,18.3,99.8,661,196,950,808,855,849,822,732,661,196,1190,1126,1083,1047,Conf. Dry Off,Yes,2,22.04.18,-,444,12227,-,Male,-,363,Aug,21.08.14,-
8852,-,22,1,22.08.01,11,Female,0,-,Holstein,1459,3,30,-,17.11.28,4.7,56.4,1718,22,Fresh,0,-,59.1,337.5,883,606,929,737,614,129,0,0,883,606,1238,1158,1033,906,Report Heat,-,0,-,-,-,13268,-,Male,-,30,Jul,22.07.13,-
8854,-,3,2,22.07.31,12,Female,0,22.07.01,Holstein,6607,3,150,-,17.11.28,4.7,56.4,1718,3,Open,1,22.08.06,43.9,258.2,1465,456,0,0,661,1572,1706,1551,1465,456,981,904,733,344,Inseminate,-,0,22.08.06,-,385,12929,-,Male,-,150,Mar,22.03.15,-
8855,-,2,22,22.07.31,12,Female,0,22.07.09,Holstein,149,3,107,-,17.11.29,4.7,56.4,1717,2,Bred,2,-,37.8,228.3,1270,420,735,210,0,138,944,1214,1270,420,1147,1122,918,816,Pregn. Check,-,0,-,-,350,13061,-,Male,-,107,Apr,22.04.27,-
8857,-,4,3,22.07.31,12,Female,0,22.07.20,Holstein,3804,3,265,-,17.11.30,4.7,56.4,1716,4,Bred,1,22.07.14,29.5,186.2,1127,346,1627,1347,1359,1324,1316,1217,1127,346,525,0,383,1617,Inseminate,-,0,22.07.14,-,519,2366,-,Female,-,265,Nov,21.11.20,-
8858,-,80,75,22.08.10,2,Female,255,21.11.30,Holstein,3391,3,274,-,17.11.30,4.7,56.4,1716,80,"Pregnant, Dry",5,22.02.21,-,-,19,0,1360,1147,1237,1229,1100,800,19,0,1,1275,1467,1438,Conf. Step  Up,Yes,2,22.02.21,-,337,12448,-,Male,-,315,Oct,21.10.01,Hard
8859,-,4,3,22.07.31,12,Female,169,22.02.24,Holstein,6839,3,282,-,17.12.01,4.7,56.3,1715,4,Pregnant,4,22.05.16,22.4,146.8,913,284,1463,1155,1247,1204,1138,1031,913,284,3,0,1077,1466,Conf. Dry Off,Yes,2,22.05.16,-,390,12577,-,Male,-,282,Nov,21.11.03,-
8860,-,5,4,22.07.31,12,Female,0,22.08.03,Holstein,7517,3,298,-,17.12.01,4.7,56.3,1715,5,Bred,1,22.07.11,22.4,179.8,1071,327,1373,1167,1353,1308,1209,1111,1071,327,0,411,1363,1475,Inseminate,-,0,22.07.11,-,566,2297,-,Female,-,298,Oct,21.10.18,Easy
8861,-,3,2,22.07.31,12,Female,0,22.07.04,Holstein,6723,3,159,-,17.12.01,4.7,56.3,1715,3,Bred,2,22.07.04,45.3,268.5,1481,511,0,0,894,1428,1641,1535,1481,511,1370,746,910,795,Pregn. Check,-,0,22.07.04,-,397,2645,-,Female,-,159,Mar,22.03.06,-
8863,-,4,3,22.07.31,12,Female,0,22.07.31,Holstein,11454,2,239,-,17.12.02,4.7,56.3,1714,4,Bred,1,22.06.27,20.5,165.7,1018,320,1499,1077,1036,1096,1160,1024,1018,320,711,442,0,508,Inseminate,-,0,22.06.27,-,504,2422,-,Female,-,239,Dec,21.12.16,Easy
8864,-,75,50,22.07.23,20,Female,239,21.12.16,Holstein,6064,3,347,-,17.12.02,4.7,56.3,1714,75,"Pregnant, Dry",5,22.03.07,-,-,530,0,1337,1196,1219,1129,1179,979,530,0,1626,1652,1628,1569,Conf. Step  Up,Yes,2,22.03.07,-,405,12198,-,Male,-,367,Aug,21.08.10,-
8866,-,199,190,22.03.01,164,Female,0,21.10.23,Holstein,-,2,733,Yes,17.12.03,4.7,56.3,1713,199,"Cull, Not Pregnant",1,21.09.22,-,-,0,0,0,0,0,0,0,0,0,0,0,0,0,0,Inseminate,-,0,21.09.22,-,717,11218,-,Male,-,733,Aug,20.08.09,Easy
8868,-,3,2,22.07.31,12,Female,0,22.06.21,Holstein,4963,3,188,-,17.12.07,4.7,56.1,1709,3,Open,1,22.06.18,36.6,216.6,1377,418,0,1189,1842,1693,1586,1445,1377,418,733,701,575,20,Inseminate,-,0,22.06.18,-,413,2580,-,Female,-,188,Feb,22.02.05,Easy
8869,-,5,4,22.07.31,12,Female,0,22.07.28,Holstein,4285,3,294,-,17.12.08,4.7,56.1,1708,5,Bred,1,-,35.3,194.3,1084,358,1681,1475,1537,1455,1356,1141,1084,358,0,340,1454,1674,Inseminate,-,0,-,-,556,12525,-,Male,-,294,Oct,21.10.22,-
8870,-,80,75,22.07.23,20,Female,270,21.11.15,Holstein,2071,2,286,-,17.12.08,4.7,56.1,1708,80,"Pregnant, Dry",5,22.02.07,-,-,0,0,1662,1507,1594,826,1149,726,0,0,1019,1690,1626,1740,Conf. Step  Up,Yes,2,22.02.07,-,345,12360,-,Male,-,338,Sep,21.09.08,-
8871,-,75,50,22.07.16,27,Female,245,21.12.10,Holstein,4344,2,317,-,17.12.08,4.7,56.1,1708,75,"Pregnant, Dry",5,22.02.28,-,-,327,0,1268,1065,1143,1109,1088,871,327,0,867,1283,1324,1351,Conf. Step  Up,Yes,2,22.02.28,-,376,2137,-,Female,-,344,Sep,21.09.02,Hard
8872,-,4,3,22.07.31,12,Female,100,22.05.04,Holstein,4095,2,286,-,17.12.08,4.7,56.1,1708,4,Pregnant,4,22.08.01,31.9,188,1149,359,1459,1310,1407,1337,1269,1188,1149,359,64,42,1338,1547,Conf. Dry Off,Yes,2,22.08.01,-,463,12557,-,Male,-,286,Oct,21.10.30,-
8873,-,4,3,22.07.31,12,Female,0,22.07.15,Holstein,82,2,251,-,17.12.09,4.7,56.1,1707,4,Bred,1,22.04.21,28,181.9,1174,355,1774,1551,1649,1592,1269,1173,1174,355,405,0,0,1256,Inseminate,-,0,22.04.21,-,500,2398,-,Female,-,251,Dec,21.12.04,-
8874,-,6,5,22.07.31,12,Female,0,22.07.13,Holstein,3837,3,313,-,17.12.09,4.7,56.1,1707,6,Bred,1,22.05.07,20.1,166.4,1009,322,1562,1433,1592,1508,1251,1237,1009,322,0,1240,1614,1724,Inseminate,-,0,22.05.07,-,560,2240,-,Female,-,313,Oct,21.10.03,Easy
8875,-,199,190,22.03.31,134,Female,0,21.12.10,Holstein,-,2,611,Yes,17.12.09,4.7,56.1,1707,199,"Cull, Not Pregnant",1,22.01.15,-,-,0,0,0,0,0,0,0,0,0,0,0,0,0,0,Inseminate,-,0,22.01.15,-,643,1506,-,Female,-,611,Dec,20.12.09,-
8877,-,4,3,22.07.31,12,Female,155,22.03.10,Holstein,1967,3,224,-,17.12.10,4.7,56,1706,4,Pregnant,4,22.05.30,36.9,273.8,1619,524,1697,1590,1949,1787,1831,1722,1619,524,1363,1031,0,7,Conf. Dry Off,Yes,2,22.05.30,-,346,2464,-,Female,-,224,Dec,21.12.31,-
8878,-,199,190,22.08.02,10,Female,0,22.07.13,Holstein,-,3,179,Yes,17.12.10,4.7,56,1706,199,"Cull, Not Pregnant",1,22.05.11,-,-,0,0,0,0,0,0,0,0,0,0,0,0,0,0,Inseminate,-,0,22.05.11,-,426,2604,-,Female,-,179,Feb,22.02.14,-
8879,-,3,2,22.07.31,12,Female,124,22.04.10,Holstein,6170,3,188,-,17.12.10,4.7,56,1706,3,Pregnant,4,22.07.02,34.4,208.3,1136,386,0,744,1313,1257,1183,1136,1136,386,932,879,617,0,Conf. Dry Off,Yes,2,22.07.02,-,341,12829,-,Male,-,188,Feb,22.02.05,Easy
8881,-,199,190,22.03.31,134,Female,0,22.01.06,Holstein,-,2,675,Yes,17.12.11,4.7,56,1705,199,"Cull, Not Pregnant",1,21.04.03,-,-,0,0,0,0,0,0,0,0,0,0,0,0,0,0,Inseminate,-,0,21.04.03,-,734,11486,-,Male,-,675,Oct,20.10.06,Easy
8882,-,4,3,22.07.31,12,Female,0,22.07.21,Holstein,6969,3,256,-,17.12.12,4.7,56,1704,4,Bred,1,22.06.18,32.4,202.7,1173,386,1450,1274,1364,1315,1234,1202,1173,386,665,30,4,1212,Inseminate,-,0,22.06.18,-,511,2388,-,Female,-,256,Nov,21.11.29,Hard
8883,-,2,22,22.07.31,12,Female,0,22.06.26,Holstein,126,3,99,-,17.12.13,4.7,56,1703,2,Pregnant (1st Preg Check),3,22.08.06,39.6,225.6,1246,422,572,238,0,0,904,1284,1246,422,1047,976,859,708,2nd Pregn. Check,-,1,22.08.06,-,329,13092,-,Male,-,99,May,22.05.05,Easy
8884,-,7,6,22.07.13,30,Female,196,22.01.28,Holstein,5725,2,407,-,17.12.13,4.7,56,1703,7,Pregnant,4,22.04.18,18.8,110.6,628,215,1011,950,998,969,946,805,628,215,1289,1190,1126,1047,Conf. Dry Off,Yes,2,22.04.18,-,488,1894,-,Female,-,407,Jul,21.07.01,-
8887,-,4,3,22.07.31,12,Female,0,22.05.18,Holstein,5294,3,234,-,17.12.14,4.7,55.9,1702,4,Open,1,22.07.04,33.3,202.4,1199,383,1604,1367,1508,1403,1369,1169,1199,383,783,487,0,364,Inseminate,-,0,22.07.04,-,425,2434,-,Female,-,234,Dec,21.12.21,Hard
8888,-,2,22,22.07.31,12,Female,0,22.07.20,Holstein,116,3,109,-,17.12.16,4.7,55.9,1700,2,Bred,1,-,44.4,264.4,1429,485,136,0,0,173,1301,1409,1429,485,725,613,516,495,Inseminate,-,0,-,-,363,2770,-,Female,-,109,Apr,22.04.25,-
8889,-,3,2,22.07.31,12,Female,0,22.07.09,Holstein,7541,3,143,-,17.12.16,4.7,55.9,1700,3,Bred,2,22.07.09,52.6,302.5,1745,549,0,0,256,1544,1898,1760,1745,549,0,0,0,0,Pregn. Check,-,0,22.07.09,-,386,2682,-,Female,-,143,Mar,22.03.22,Easy
8892,-,7,6,22.07.13,30,Female,207,22.01.17,Holstein,263,3,295,-,17.12.18,4.6,55.8,1698,7,Pregnant,4,22.04.11,12.7,74.5,580,155,1365,1155,1180,1108,987,764,580,155,0,374,1346,1403,Conf. Dry Off,Yes,2,22.04.11,-,365,12520,-,Male,-,295,Oct,21.10.21,-
8893,-,4,3,22.07.31,12,Female,0,22.07.14,Holstein,3455,2,288,-,17.12.18,4.6,55.8,1698,4,Bred,1,22.03.03,34.5,209.4,1109,377,1387,844,1211,1235,1318,1213,1109,377,12,93,1193,1464,Inseminate,-,0,22.03.03,-,536,12555,-,Male,-,288,Oct,21.10.28,-
8894,-,7,6,22.07.21,22,Female,106,22.04.28,Holstein,7764,2,463,-,17.12.18,4.6,55.8,1698,7,Pregnant,4,22.08.01,15,86,576,175,1251,802,971,849,784,680,576,175,1497,1421,1364,1248,Conf. Dry Off,Yes,2,22.08.01,-,634,1798,-,Female,-,463,May,21.05.06,-
8896,-,4,3,22.07.31,12,Female,0,22.07.24,Holstein,6013,3,226,-,17.12.18,4.6,55.8,1698,4,Bred,1,22.07.24,31.4,184.1,1068,346,1244,1320,1435,1374,1394,1222,1068,346,628,292,0,31,Inseminate,-,0,22.07.24,-,484,12739,12740,Male,Male,226,Dec,21.12.29,Easy
8897,-,5,4,22.07.31,12,Female,168,22.02.25,Holstein,1330,3,315,-,17.12.19,4.6,55.8,1697,5,Pregnant,4,22.05.16,27.3,166.1,1086,321,1223,1214,1341,1300,1277,1053,1086,321,0,1390,1735,1673,Conf. Dry Off,Yes,2,22.05.16,-,424,2234,-,Female,-,315,Oct,21.10.01,Easy
8906,-,3,1,22.08.08,4,Female,0,22.07.15,Holstein,4838,3,164,-,17.12.23,4.6,55.6,1693,3,Bred,1,22.07.04,39.8,227.2,1368,422,0,0,1358,1629,1624,1490,1368,422,1029,891,842,485,Inseminate,-,0,22.07.04,-,413,12902,-,Male,-,164,Mar,22.03.01,Normal
8907,-,2,22,22.07.31,12,Female,0,-,Holstein,4980,3,50,-,17.12.24,4.6,55.6,1692,2,Fresh,1,-,48.9,290.8,1596,540,1144,883,984,583,0,243,1596,540,1262,1290,1227,1187,Inseminate,-,0,-,-,-,2894,-,Female,-,50,Jun,22.06.23,Easy
8908,-,4,3,22.07.31,12,Female,100,22.05.04,Holstein,2336,2,318,-,17.12.25,4.6,55.6,1691,4,Pregnant,4,22.08.01,37.2,238.8,1354,451,1413,1238,1260,1171,1385,1363,1354,451,49,1352,1548,1565,Conf. Dry Off,Yes,2,22.08.01,-,495,2226,-,Female,-,318,Sep,21.09.28,-
8909,-,3,2,22.07.31,12,Female,0,22.07.06,Holstein,1936,3,123,-,17.12.25,4.6,55.6,1691,3,Bred,2,-,44.6,263.9,1592,501,842,150,0,871,1704,1638,1592,501,1142,1093,994,856,Pregn. Check,-,0,-,-,363,13014,-,Male,-,123,Apr,22.04.11,-
8910,-,50,7,22.08.11,1,Female,215,22.01.09,Holstein,1732,2,490,-,17.12.26,4.6,55.5,1690,50,Pregnant,4,22.04.04,14,76.1,462,148,343,694,583,474,429,399,462,148,0,0,0,0,Conf. Dry Off,Yes,2,22.04.04,-,552,1738,-,Female,-,490,Apr,21.04.09,-
8911,-,199,190,22.08.02,10,Female,0,21.12.06,Holstein,-,2,605,Yes,17.12.26,4.6,55.5,1690,199,"Cull, Not Pregnant",1,22.02.28,-,-,0,0,0,0,0,0,0,0,0,0,0,0,0,0,Inseminate,-,0,22.02.28,22.04.16,633,11707,-,Male,-,605,Dec,20.12.15,Hard
8912,-,50,7,22.08.11,1,Female,183,22.02.10,Holstein,178,2,468,-,17.12.28,4.6,55.5,1688,50,Pregnant,4,22.05.02,9.7,55.7,524,109,793,776,882,851,794,709,524,109,1267,1262,1120,1027,Conf. Dry Off,Yes,2,22.05.02,-,562,1786,-,Female,-,468,May,21.05.01,Easy
8914,-,6,5,22.07.31,12,Female,0,22.08.02,Holstein,7402,2,366,-,17.12.28,4.6,55.5,1688,6,Bred,1,22.07.14,25.7,172.2,1001,317,1353,1207,1224,1158,1168,1099,1001,317,1590,1510,1426,1402,Inseminate,-,0,22.07.14,-,633,12208,-,Male,-,366,Aug,21.08.11,-
8915,-,4,3,22.07.31,12,Female,0,22.07.06,Holstein,4781,3,200,-,17.12.29,4.6,55.4,1687,4,Bred,2,22.06.20,32.5,206,1240,363,225,1228,1402,1371,1362,1252,1240,363,892,824,533,0,Pregn. Check,-,0,22.06.20,-,440,12792,-,Male,-,200,Jan,22.01.24,-
8916,-,7,6,22.07.20,23,Female,186,22.02.07,Holstein,3633,2,548,-,18.01.01,4.6,55.3,1684,7,Pregnant,4,22.05.02,19.3,107.4,664,208,863,688,632,700,769,707,664,208,1002,993,1002,892,Conf. Dry Off,Yes,2,22.05.02,21.10.28,639,1637,-,Female,-,548,Feb,21.02.10,-
8918,-,4,3,22.07.31,12,Female,0,22.06.18,Holstein,4431,2,285,-,18.01.02,4.6,55.3,1683,4,Open,1,22.06.18,39.7,214.7,1337,421,1541,1358,1519,1506,1536,1382,1337,421,0,7,1443,1686,Inseminate,-,0,22.06.18,-,507,12567,-,Male,-,285,Oct,21.10.31,-
8922,-,5,1,22.08.08,4,Female,183,22.02.10,Holstein,5635,2,525,-,18.01.05,4.6,55.2,1680,5,Pregnant,4,22.05.02,25.7,150.6,864,276,1068,914,999,856,950,888,864,276,1228,1253,1198,1164,Conf. Dry Off,Yes,2,22.05.02,-,619,11889,-,Male,-,525,Mar,21.03.05,Easy
8928,-,3,2,22.07.31,12,Female,0,22.08.09,Holstein,7978,3,197,-,18.01.07,4.6,55.1,1678,3,Bred,1,-,37,200.7,1280,390,106,1013,1329,1395,1371,1318,1280,390,1136,1063,471,0,Inseminate,-,0,-,-,471,2546,-,Female,-,197,Jan,22.01.27,-
8930,-,199,190,22.05.01,103,Female,0,22.01.01,Holstein,-,1,941,Yes,18.01.08,4.6,55.1,1677,199,"Cull, Not Pregnant",1,21.12.27,-,-,0,0,0,0,0,0,0,0,0,0,0,0,0,0,Inseminate,-,0,21.12.27,-,995,730,-,Female,-,941,Jan,20.01.14,Easy
8933,-,4,3,22.07.31,12,Female,0,22.07.13,Holstein,5658,2,330,-,18.01.10,4.6,55,1675,4,Bred,1,22.06.18,39.4,239.4,1387,451,1701,1336,1497,1435,1479,1360,1387,451,686,1745,1726,1719,Inseminate,-,0,22.06.18,-,577,12391,-,Male,-,330,Sep,21.09.16,Easy
8934,-,2,22,22.07.31,12,Female,0,-,Holstein,12820,3,62,-,18.01.11,4.6,55,1674,2,Fresh,1,-,50.1,311.8,1622,569,925,719,573,0,0,729,1622,569,1291,1261,1152,912,Inseminate,-,0,-,-,-,13168,-,Male,-,62,Jun,22.06.11,Hard
8935,-,4,3,22.07.31,12,Female,121,22.04.13,Holstein,7379,3,223,-,18.01.11,4.6,55,1674,4,Pregnant,4,22.07.02,41.6,251.8,1400,469,1269,1444,1585,1479,1505,1393,1400,469,998,822,66,0,Conf. Dry Off,Yes,2,22.07.02,-,379,12747,-,Male,-,223,Jan,22.01.01,-
8936,-,4,3,22.07.31,12,Female,0,22.07.16,Holstein,424,2,277,-,18.01.11,4.6,55,1674,4,Open,1,-,33.8,209.2,1253,407,1658,1369,1476,1432,1398,1248,1253,407,197,0,963,1702,Inseminate,-,0,-,-,527,2344,-,Female,-,277,Nov,21.11.08,Easy
8937,-,75,25,22.05.15,89,Female,153,22.03.12,Holstein,5540,2,491,-,18.01.12,4.6,55,1673,75,"Pregnant, Dry",5,22.05.10,-,-,0,0,792,630,565,412,111,0,0,0,1023,956,884,759,Conf. Step  Up,Yes,2,22.05.10,-,709,11762,-,Male,-,585,Jan,21.01.04,Hard
8939,-,3,2,22.07.31,12,Female,0,22.07.29,Holstein,651,3,173,-,18.01.11,4.6,55,1674,3,Bred,1,-,44.2,270.6,1549,518,0,314,1630,1592,1601,1573,1549,518,1484,1436,1324,562,Inseminate,-,0,-,-,436,12863,-,Male,-,173,Feb,22.02.20,-
8940,-,5,40,22.08.08,4,Female,0,22.07.27,Holstein,6387,2,363,-,18.01.13,4.6,54.9,1672,5,Bred,1,22.07.23,28.8,157.3,956,306,1293,1191,1132,1183,1158,1029,956,306,1502,1532,1419,1403,Inseminate,-,0,22.07.23,-,624,2059,-,Female,-,363,Aug,21.08.14,-
8942,-,5,4,22.07.31,12,Female,0,22.07.17,Holstein,1630,2,263,-,18.01.14,4.6,54.9,1671,5,Bred,1,22.03.29,25.4,186.3,1157,360,1492,1343,1392,1316,1355,1153,1157,360,401,0,251,1343,Inseminate,-,0,22.03.29,-,514,12641,-,Male,-,263,Nov,21.11.22,Hard
8943,-,6,5,22.07.31,12,Female,0,22.06.23,Holstein,3189,1,804,-,18.01.14,4.6,54.9,1671,6,Open,1,22.06.23,22.1,133,679,236,824,750,759,674,747,704,679,236,936,899,910,792,Inseminate,-,0,22.06.23,-,1031,991,-,Female,-,804,May,20.05.30,Easy
8944,-,4,3,22.07.31,12,Female,135,22.03.30,Holstein,7797,3,234,-,18.01.14,4.6,54.9,1671,4,Pregnant,4,22.07.02,26.4,162.3,1040,312,1563,1361,1438,1335,1286,1103,1040,312,784,345,0,361,Conf. Dry Off,Yes,2,22.07.02,-,376,12720,-,Male,-,234,Dec,21.12.21,Easy
8946,-,199,190,22.03.01,164,Female,0,21.12.03,Holstein,-,2,501,Yes,18.01.15,4.6,54.9,1670,199,"Cull, Not Pregnant",1,22.01.11,-,-,0,0,0,0,0,0,0,0,0,0,0,0,0,0,Inseminate,-,0,22.01.11,-,526,1716,-,Female,-,501,Mar,21.03.29,-
8948,-,3,2,22.07.31,12,Female,0,22.07.09,Holstein,11,3,159,-,18.01.16,4.6,54.8,1669,3,Bred,2,-,38.6,228.7,1268,420,107,0,882,1201,1332,1283,1268,420,1120,1000,807,661,Pregn. Check,-,0,-,-,402,12912,-,Male,-,159,Mar,22.03.06,-
8949,-,4,3,22.07.31,12,Female,0,22.07.31,Holstein,3726,2,274,-,18.01.16,4.6,54.8,1669,4,Bred,1,22.07.11,27.6,177.1,976,329,1123,997,1053,1040,1076,1055,976,329,152,0,553,1180,Inseminate,-,0,22.07.11,-,539,-,-,-,-,274,Nov,21.11.11,-
8950,-,2,22,22.07.31,12,Female,0,22.07.30,Holstein,7819,3,111,-,18.01.16,4.6,54.8,1669,2,Bred,1,-,51.7,315.5,1688,592,957,492,0,232,1427,1648,1688,592,1297,1236,969,998,Inseminate,-,0,-,-,375,13052,-,Male,-,111,Apr,22.04.23,Easy
8951,-,4,3,22.07.31,12,Female,0,22.08.11,Holstein,411,2,236,-,18.01.17,4.6,54.8,1668,4,Bred,1,22.08.11,39.1,234.5,1356,450,1702,1541,1635,1467,1461,1395,1356,450,828,553,0,468,Inseminate,-,0,22.08.11,-,512,2426,-,Female,-,236,Dec,21.12.19,Easy
8952,-,3,2,22.07.31,12,Female,0,22.08.08,Holstein,890,3,139,-,18.01.18,4.6,54.8,1667,3,Bred,1,-,40.1,229,1511,444,658,0,190,1496,1685,1576,1511,444,1291,1218,1162,1082,Inseminate,-,0,-,-,412,12956,-,Male,-,139,Mar,22.03.26,-
8953,-,3,2,22.07.31,12,Female,0,22.05.25,Holstein,2627,3,167,-,18.01.18,4.6,54.8,1667,3,Pregnant (1st Preg Check),3,22.07.11,45.8,272.3,1589,515,0,41,1559,1735,1695,1610,1589,515,1121,1021,897,611,2nd Pregn. Check,-,1,22.07.11,-,365,2631,-,Female,-,167,Feb,22.02.26,-
8954,-,5,4,22.07.31,12,Female,0,22.06.24,Holstein,1515,2,346,-,18.01.18,4.6,54.8,1667,5,Open,1,-,34.6,164.6,1161,348,1626,1379,1460,1370,1337,1187,1161,348,1402,1686,1591,1632,Inseminate,-,0,-,-,574,2122,-,Female,-,346,Aug,21.08.31,-
8959,-,75,50,22.05.01,103,Female,248,21.12.07,Holstein,5362,2,427,-,18.01.23,4.6,54.6,1662,75,"Pregnant, Dry",5,22.02.28,-,-,0,0,831,684,610,495,6,0,0,0,1147,1062,1000,828,Conf. Step  Up,Yes,2,22.02.28,-,559,1664,-,Female,-,530,Feb,21.02.28,Easy
8960,-,4,3,22.07.31,12,Female,0,22.07.30,Holstein,5772,3,215,-,18.01.23,4.6,54.6,1662,4,Bred,1,22.07.30,39.2,235.8,1404,444,859,1385,1539,1542,1554,1427,1404,444,1031,785,0,0,Inseminate,-,0,22.07.30,-,479,12764,-,Male,-,215,Jan,22.01.09,-
8961,-,22,1,22.08.10,2,Female,0,-,Holstein,7206,3,21,-,18.01.24,4.5,54.6,1661,22,Fresh,0,-,46.2,252.3,338,463,1262,1062,1076,943,487,0,338,463,1399,1316,1277,1297,Report Heat,-,0,-,-,-,13306,-,Male,-,21,Jul,22.07.22,Easy
8962,-,199,190,22.03.31,134,Female,0,21.11.03,Holstein,-,2,493,Yes,18.01.25,4.5,54.5,1660,199,"Cull, Not Pregnant",1,22.01.03,-,-,0,0,0,0,0,0,0,0,0,0,0,0,0,0,Inseminate,-,0,22.01.03,-,488,1732,-,Female,-,493,Apr,21.04.06,Easy
8963,-,4,3,22.07.31,12,Female,191,22.02.02,Holstein,3101,2,421,-,18.01.26,4.5,54.5,1659,4,Pregnant,4,22.05.02,36.9,221.9,1326,412,1633,1459,1489,1382,1481,1371,1326,412,1592,1534,1532,1646,Conf. Dry Off,Yes,2,22.05.02,-,507,12080,-,Male,-,421,Jun,21.06.17,-
8964,-,3,2,22.07.31,12,Female,0,22.08.03,Holstein,4975,3,153,-,18.01.26,4.5,54.5,1659,3,Bred,1,22.07.13,44.2,260.3,1471,460,120,0,773,1536,1609,1419,1471,460,1285,1200,1060,958,Inseminate,-,0,22.07.13,-,421,12925,-,Male,-,153,Mar,22.03.12,Hard
8966,-,199,190,22.03.01,164,Female,0,22.01.11,Holstein,-,2,358,Yes,18.01.27,4.5,54.5,1658,199,"Cull, Not Pregnant",3,22.01.11,-,-,0,0,0,0,0,0,0,0,0,0,0,0,0,0,2nd Pregn. Check,-,0,22.01.11,-,422,12253,-,Male,-,358,Aug,21.08.19,Hard
8969,-,3,2,22.07.31,12,Female,0,22.06.29,Holstein,6944,3,115,-,18.01.29,4.5,54.4,1656,3,Open,1,22.08.06,35.1,220.4,1192,417,873,286,0,343,1426,1205,1192,417,1124,1102,1001,936,Inseminate,-,0,22.08.06,-,348,-,-,-,-,115,Apr,22.04.19,Easy
8971,-,75,50,22.07.23,20,Female,238,21.12.17,Holstein,3998,3,319,-,18.01.31,4.5,54.3,1654,75,"Pregnant, Dry",5,22.03.07,-,-,525,0,1083,962,1092,1069,999,926,525,0,816,1172,1152,1110,Conf. Step  Up,Yes,2,22.03.07,-,378,12341,-,Male,-,339,Sep,21.09.07,Easy
8973,-,2,70,22.08.10,2,Female,99,22.05.05,Holstein,8692,3,167,-,18.01.31,4.5,54.3,1654,2,Pregnant,4,22.08.01,25,102.9,1492,192,0,74,1304,1516,1572,1481,1492,192,1183,978,962,446,Conf. Dry Off,Yes,2,22.08.01,-,345,2630,-,Female,-,167,Feb,22.02.26,-
8974,-,7,5,22.08.10,2,Female,194,22.01.30,Holstein,5147,3,292,-,18.01.31,4.5,54.3,1654,7,Pregnant,4,22.05.02,23.2,146,898,256,1289,1095,1165,1084,1011,981,898,256,0,183,1272,1374,Conf. Dry Off,Yes,2,22.05.02,-,375,12541,-,Male,-,292,Oct,21.10.24,Easy
8975,-,22,1,22.08.01,11,Female,0,-,Holstein,282,3,44,-,18.02.01,4.5,54.3,1653,22,Fresh,1,-,46.1,272.9,1241,501,918,768,623,158,0,39,1241,501,1232,1165,1088,1018,Inseminate,-,0,-,-,-,2905,-,Female,-,44,Jun,22.06.29,-
8977,-,22,1,22.08.01,11,Female,0,-,Holstein,4683,3,30,-,18.02.03,4.5,54.2,1651,22,Fresh,0,-,47,281.6,790,528,442,0,0,0,0,0,790,528,967,893,842,741,Report Heat,-,0,-,-,-,13271,-,Male,-,30,Jul,22.07.13,-
8978,-,4,3,22.07.31,12,Female,0,22.08.06,Holstein,8662,2,320,-,18.02.03,4.5,54.2,1651,4,Bred,1,22.03.22,39.3,233,1352,419,1599,1438,1654,1548,1569,1370,1352,419,182,1658,1732,1731,Inseminate,-,0,22.03.22,-,591,2219,-,Female,-,320,Sep,21.09.26,-
8979,-,7,5,22.08.04,8,Female,205,22.01.19,Holstein,70,2,345,-,18.02.03,4.5,54.2,1651,7,Pregnant,4,22.04.11,24.4,138.4,1015,263,1402,1205,1307,1349,1321,1100,1015,263,1282,1520,1514,1494,Conf. Dry Off,Yes,2,22.04.11,-,417,12299,-,Male,-,345,Sep,21.09.01,-
8985,-,199,190,22.05.01,103,Female,0,-,Holstein,-,2,150,Yes,18.02.06,4.5,54.1,1648,199,"Cull, Not Pregnant",1,-,-,-,0,0,0,0,0,0,0,0,0,0,0,0,0,0,Inseminate,-,0,-,-,-,2664,-,Female,-,150,Mar,22.03.15,Easy
8986,-,6,5,22.07.31,12,Female,0,22.07.27,Holstein,9614,2,439,-,18.02.07,4.5,54.1,1647,6,Bred,1,22.06.30,25.6,165.7,827,305,1024,935,1006,979,937,782,827,305,1251,1264,1173,1114,Inseminate,-,0,22.06.30,-,700,1853,-,Female,-,439,May,21.05.30,Easy
8987,-,5,4,22.07.31,12,Female,186,22.02.07,Holstein,4028,2,292,-,18.02.08,4.5,54.1,1646,5,Pregnant,4,22.05.02,35.9,194.9,1224,371,1574,1425,1579,1541,1486,1311,1224,371,0,268,1560,1670,Conf. Dry Off,Yes,2,22.05.02,-,383,12532,-,Male,-,292,Oct,21.10.24,Easy
8989,-,3,2,22.07.31,12,Female,101,22.05.03,Holstein,4143,3,183,-,18.02.08,4.5,54.1,1646,3,Pregnant,4,22.08.01,25.3,219.5,1252,421,0,697,1444,1465,1394,1109,1252,421,847,754,601,136,Conf. Dry Off,Yes,2,22.08.01,-,359,12841,-,Male,-,183,Feb,22.02.10,-
8990,-,75,50,22.07.16,27,Female,243,21.12.12,Holstein,3341,2,303,-,18.02.10,4.5,54,1644,75,"Pregnant, Dry",5,22.03.07,-,-,298,0,1235,1093,1177,1066,1020,796,298,0,499,1368,1346,1323,Conf. Step  Up,Yes,2,22.03.07,-,364,2192,-,Female,-,330,Sep,21.09.16,Easy
8993,-,3,2,22.07.31,12,Female,0,22.05.14,Holstein,4076,3,188,-,18.02.13,4.5,53.9,1641,3,Pregnant (1st Preg Check),3,22.06.27,32,190.3,1082,356,0,727,1105,1037,1077,1026,1082,356,827,685,480,106,2nd Pregn. Check,-,1,22.06.27,-,375,2584,-,Female,-,188,Feb,22.02.05,Easy
8996,-,4,3,22.07.31,12,Female,0,22.07.25,Holstein,4021,2,271,-,18.02.14,4.5,53.9,1640,4,Bred,1,22.03.03,29.2,177,1077,333,1338,1178,1297,1198,1209,1076,1077,333,171,0,583,1375,Inseminate,-,0,22.03.03,-,530,12612,-,Male,-,271,Nov,21.11.14,Easy
8997,-,5,4,22.07.31,12,Female,0,22.07.20,Holstein,3578,2,352,-,18.02.15,4.5,53.8,1639,5,Bred,1,22.05.02,34.7,199.1,1085,366,1318,1095,1208,1237,1252,1129,1085,366,1412,1488,1421,1392,Inseminate,-,0,22.05.02,-,606,12266,-,Male,-,352,Aug,21.08.25,-
8998,-,3,2,22.07.31,12,Female,99,22.05.05,Holstein,6449,3,162,-,18.02.15,4.5,53.8,1639,3,Pregnant,4,22.08.01,37.5,230.1,1392,446,102,0,763,1290,1428,1415,1392,446,991,942,849,659,Conf. Dry Off,Yes,2,22.08.01,-,340,2643,-,Female,-,162,Mar,22.03.03,Easy
9001,-,4,3,22.07.31,12,Female,94,22.05.10,Holstein,7055,3,290,-,18.02.16,4.5,53.8,1638,4,Pregnant,4,22.08.01,38.5,219.2,1345,411,1770,1562,1612,1462,1440,1327,1345,411,4,148,1518,1829,Conf. Dry Off,Yes,2,22.08.01,-,473,12548,-,Male,-,290,Oct,21.10.26,Easy
9002,-,5,1,22.08.08,4,Female,0,22.05.20,Holstein,7620,2,550,-,18.02.16,4.5,53.8,1638,5,Pregnant (1st Preg Check),3,22.07.04,26.8,159.5,688,289,663,730,703,757,765,729,688,289,1080,980,951,698,2nd Pregn. Check,-,1,22.07.04,-,743,11857,-,Male,-,550,Feb,21.02.08,Easy
9003,-,2,22,22.07.31,12,Female,0,-,Holstein,364,3,78,-,18.02.16,4.5,53.8,1638,2,Fresh,1,-,45,277.4,1587,518,196,0,0,0,153,1399,1587,518,975,979,873,745,Inseminate,-,0,-,-,-,13133,-,Male,-,78,May,22.05.26,-
9005,-,199,190,22.02.01,192,Female,0,21.10.01,Holstein,-,1,843,Yes,18.02.17,4.5,53.8,1637,199,"Cull, Not Pregnant",1,21.11.04,-,-,0,0,0,0,0,0,0,0,0,0,0,0,0,0,Inseminate,-,0,21.11.04,-,805,886,-,Female,-,843,Apr,20.04.21,Easy
9006,-,199,190,22.03.31,134,Female,0,22.02.01,Holstein,-,2,278,Yes,18.02.19,4.5,53.7,1635,199,"Cull, Not Pregnant",1,22.03.22,-,-,0,0,0,0,0,0,0,0,0,0,0,0,0,0,Inseminate,-,0,22.03.22,-,363,2340,-,Female,-,278,Nov,21.11.07,Hard
9007,-,80,75,22.07.02,41,Female,286,21.10.30,Holstein,6586,2,276,-,18.02.20,4.5,53.7,1634,80,"Pregnant, Dry",5,22.01.24,-,-,0,0,993,942,1068,1066,995,74,0,0,1358,1662,1459,1088,Conf. Step  Up,Yes,2,22.01.24,-,336,2130,-,Female,-,345,Sep,21.09.01,-
9008,-,1,80,22.08.02,10,Female,0,-,Holstein,4438,3,10,-,18.02.20,4.5,53.7,1634,1,Fresh,0,-,40.8,226.9,0,314,1137,955,872,876,452,0,0,314,1171,1208,1156,1086,Report Heat,-,0,-,-,-,2995,-,Female,-,10,Aug,22.08.02,Easy
9010,-,2,22,22.07.31,12,Female,0,22.07.23,Holstein,3865,3,89,-,18.02.22,4.5,53.6,1632,2,Bred,1,-,46.1,302.5,1665,552,923,699,201,0,733,1668,1665,552,1204,1219,1153,1053,Inseminate,-,0,-,-,346,2807,-,Female,-,89,May,22.05.15,Easy
9011,-,7,6,22.07.21,22,Female,0,22.05.27,Holstein,355,2,447,-,18.02.22,4.5,53.6,1632,7,Open,1,21.10.18,12.1,68.3,556,122,1090,909,978,911,765,687,556,122,1341,1393,1215,1157,Inseminate,-,0,21.10.18,-,647,1829,-,Female,-,447,May,21.05.22,-
9013,-,1,80,22.08.07,5,Female,0,-,Holstein,152,3,5,-,18.02.24,4.5,53.6,1630,1,Fresh,0,-,39.1,136.8,0,137,941,765,707,570,408,0,0,137,1050,1022,982,939,Report Heat,-,0,-,-,-,3015,-,Female,-,5,Aug,22.08.07,-
9015,-,199,190,22.08.02,10,Female,0,22.01.13,Holstein,-,1,657,Yes,18.02.25,4.5,53.5,1629,199,"Cull, Not Pregnant",1,-,-,-,0,0,0,0,0,0,0,0,0,0,0,0,0,0,Inseminate,-,0,-,-,723,11555,-,Male,-,657,Oct,20.10.24,Hard
9016,-,75,50,22.08.02,10,Female,225,21.12.30,Holstein,1705,2,497,-,18.02.25,4.5,53.5,1629,75,"Pregnant, Dry",5,22.03.21,-,-,504,11,906,735,744,783,723,611,504,11,1029,945,846,937,Conf. Step  Up,Yes,2,22.03.21,-,559,11920,-,Male,-,507,Mar,21.03.23,Easy
9018,-,22,1,22.08.01,11,Female,0,-,Holstein,4914,3,41,-,18.02.27,4.5,53.5,1627,22,Fresh,1,-,53.5,324.6,1420,589,741,556,363,11,0,0,1420,589,1144,1125,816,850,Inseminate,-,0,-,-,-,2911,-,Female,-,41,Jul,22.07.02,-
9020,-,3,2,22.07.31,12,Female,0,22.07.22,Holstein,2792,3,121,-,18.02.28,4.5,53.4,1626,3,Bred,1,22.07.22,25.4,152.1,837,283,697,209,0,378,809,801,837,283,885,881,840,833,Inseminate,-,0,22.07.22,-,377,2736,-,Female,-,121,Apr,22.04.13,Easy
9021,-,199,190,22.08.02,10,Female,0,21.11.04,Holstein,-,2,482,Yes,18.02.28,4.5,53.4,1626,199,"Cull, Not Pregnant",1,22.01.24,-,-,0,0,0,0,0,0,0,0,0,0,0,0,0,0,Inseminate,-,0,22.01.24,22.07.02,478,11996,-,Male,-,482,Apr,21.04.17,Easy
9022,-,4,3,22.07.31,12,Female,0,22.06.21,Holstein,5369,3,229,-,18.02.28,4.5,53.4,1626,4,Pregnant (1st Preg Check),3,22.07.30,25.6,160.9,827,289,663,569,604,709,781,747,827,289,804,542,0,69,2nd Pregn. Check,-,1,22.07.30,-,454,2449,-,Female,-,229,Dec,21.12.26,-
9024,-,4,3,22.07.31,12,Female,0,22.05.20,Holstein,6663,2,247,-,18.03.02,4.4,53.4,1624,4,Open,1,22.07.04,40.5,229.6,1373,438,1670,1474,1683,1591,1582,1422,1373,438,15,0,0,804,Inseminate,-,0,22.07.04,-,440,12683,-,Male,-,247,Dec,21.12.08,-
9026,-,80,75,22.08.02,10,Female,261,21.11.24,Holstein,6803,2,410,-,18.03.02,4.4,53.4,1624,80,"Pregnant, Dry",5,22.02.21,-,-,0,0,776,624,349,0,0,0,0,0,951,885,879,862,Conf. Step  Up,Yes,2,22.02.21,21.09.04,568,1630,-,Female,-,552,Feb,21.02.06,-
9028,-,50,7,22.08.11,1,Female,212,22.01.12,Holstein,4048,2,313,-,18.03.03,4.4,53.3,1623,50,Pregnant,4,22.04.04,15.2,88.9,544,176,1069,900,950,811,816,632,544,176,0,975,1165,1113,Conf. Dry Off,Yes,2,22.04.04,-,378,12460,-,Male,-,313,Oct,21.10.03,Easy
9030,-,22,1,22.08.01,11,Female,0,-,Holstein,9757,3,30,-,18.03.03,4.4,53.3,1623,22,Fresh,0,-,31.1,175,476,326,1121,1040,1025,897,320,0,476,326,1073,1129,1121,1178,Report Heat,-,0,-,-,-,13272,-,Male,-,30,Jul,22.07.13,-
9032,-,199,190,22.07.02,41,Female,0,21.11.26,Holstein,-,2,497,Yes,18.03.03,4.4,53.3,1623,199,"Cull, Not Pregnant",1,22.02.21,-,-,0,0,0,0,0,0,0,0,0,0,0,0,0,0,Inseminate,-,0,22.02.21,22.06.11,515,11960,-,Male,-,497,Apr,21.04.02,Easy
9033,-,75,50,22.07.10,33,Female,221,22.01.03,Holstein,3016,2,485,-,18.03.04,4.4,53.3,1622,75,"Pregnant, Dry",5,22.03.30,-,-,29,0,745,614,552,435,334,193,29,0,1006,959,884,827,Conf. Step  Up,Yes,2,22.03.30,-,574,1683,-,Female,-,518,Mar,21.03.12,Easy
9034,-,50,7,22.08.11,1,Female,212,22.01.12,Holstein,4422,2,449,-,18.03.04,4.4,53.3,1622,50,Pregnant,4,22.04.04,17.1,109.4,817,223,1090,974,1083,1034,1035,959,817,223,1250,1232,1134,1075,Conf. Dry Off,Yes,2,22.04.04,-,514,1827,-,Male,-,449,May,21.05.20,Easy
9035,-,1,40,22.07.06,37,Female,0,-,Holstein,2450,3,65,-,18.03.04,4.4,53.3,1622,1,Fresh,1,-,24.3,144.4,802,265,234,0,0,0,0,600,802,265,945,873,748,602,Inseminate,-,0,-,-,-,2852,-,Female,-,65,Jun,22.06.08,Easy
9038,-,3,2,22.07.31,12,Female,106,22.04.28,Holstein,10530,3,172,-,18.03.06,4.4,53.2,1620,3,Pregnant,4,22.08.01,40.8,257.3,1391,464,0,213,1247,1338,1422,1413,1391,464,1221,1135,1054,675,Conf. Dry Off,Yes,2,22.08.01,-,343,2618,-,Female,-,172,Feb,22.02.21,-
9039,-,6,5,22.07.31,12,Female,140,22.03.25,Holstein,1816,2,344,-,18.03.07,4.4,53.2,1619,6,Pregnant,4,22.06.20,22.6,146.2,874,280,1164,1036,1122,1111,1049,899,874,280,991,1273,1282,1258,Conf. Dry Off,Yes,2,22.06.20,-,481,12315,-,Male,-,344,Sep,21.09.02,Easy
9040,-,3,2,22.07.31,12,Female,0,22.07.18,Holstein,2507,3,156,-,18.03.07,4.4,53.2,1619,3,Bred,1,22.07.14,35.6,202.3,1224,375,0,0,648,1323,1481,1366,1224,375,941,779,571,340,Inseminate,-,0,22.07.14,-,408,-,-,Female,-,156,Mar,22.03.09,Hard
9042,-,22,1,22.08.10,2,Female,0,-,Holstein,7246,3,21,-,18.03.08,4.4,53.2,1618,22,Fresh,0,-,41.5,257,362,470,754,629,598,221,0,0,362,470,965,911,871,835,Report Heat,-,0,-,-,-,2958,-,Female,-,21,Jul,22.07.22,Easy
9044,-,2,22,22.07.31,12,Female,0,22.07.30,Holstein,4690,3,76,-,18.03.12,4.4,53,1614,2,Bred,1,-,26.6,252.7,1833,518,495,105,0,0,95,1570,1833,518,1059,1006,898,683,Inseminate,-,0,-,-,340,13137,-,Male,-,76,May,22.05.28,Easy
9050,-,3,2,22.07.31,12,Female,0,22.06.27,Holstein,5203,2,118,-,18.03.19,4.4,52.8,1607,3,Open,1,22.08.06,50.1,292.8,1464,529,0,0,0,463,1264,1475,1464,529,472,185,0,0,Inseminate,-,0,22.08.06,-,349,2740,-,Female,-,118,Apr,22.04.16,-
9054,-,7,6,22.07.13,30,Female,204,22.01.20,Holstein,3997,2,503,-,18.03.21,4.4,52.7,1605,7,Pregnant,4,22.04.11,18,108.8,650,207,1007,914,1015,892,819,735,650,207,1136,1073,961,1062,Conf. Dry Off,Yes,2,22.04.11,-,576,1712,-,Female,-,503,Mar,21.03.27,Easy
9056,-,4,3,22.07.31,12,Female,0,22.06.01,Holstein,6701,2,268,-,18.03.21,4.4,52.7,1605,4,Open,1,22.07.04,40.2,245.4,1447,467,1841,1538,1673,1282,1522,1362,1447,467,253,0,628,1837,Inseminate,-,0,22.07.04,-,473,12619,-,Male,-,268,Nov,21.11.17,-
9059,-,2,22,22.07.31,12,Female,0,22.08.03,Holstein,4352,3,92,-,18.03.24,4.4,52.6,1602,2,Bred,1,-,49.5,300.1,1779,557,1068,882,235,0,866,1782,1779,557,1302,1329,1184,1188,Inseminate,-,0,-,-,360,13102,-,Male,-,92,May,22.05.12,Easy
9062,-,7,6,22.07.21,22,Female,0,21.10.07,Holstein,251,2,576,-,18.03.26,4.4,52.6,1600,7,Aborted,1,22.01.01,19.1,110.3,570,196,800,689,650,672,664,630,570,196,1029,993,888,808,Inseminate,-,0,22.01.01,22.02.22,544,11797,-,Male,-,576,Jan,21.01.13,-
9064,-,199,190,22.03.31,134,Female,0,21.10.23,Holstein,-,1,792,Yes,18.03.27,4.4,52.5,1599,199,"Cull, Not Pregnant",1,21.11.27,-,-,0,0,0,0,0,0,0,0,0,0,0,0,0,0,Inseminate,-,0,21.11.27,-,776,11058,-,Male,-,792,Jun,20.06.11,Easy
9065,-,7,6,22.07.21,22,Female,0,22.02.24,Holstein,4950,2,533,-,18.03.27,4.4,52.5,1599,7,Aborted,1,22.05.16,19.4,97.8,642,197,973,736,747,798,729,663,642,197,1077,1090,1040,1008,Inseminate,-,0,22.05.16,22.06.27,641,11876,-,Male,-,533,Feb,21.02.25,Hard
9070,-,3,2,22.07.31,12,Female,121,22.04.13,Holstein,3315,3,188,-,18.03.30,4.4,52.4,1596,3,Pregnant,4,22.07.02,38.3,237.5,1246,425,0,850,1412,1382,1366,1321,1246,425,981,846,779,164,Conf. Dry Off,Yes,2,22.07.02,-,344,2582,-,Female,-,188,Feb,22.02.05,Easy
9071,-,7,6,22.07.21,22,Female,0,22.03.30,Holstein,9023,2,367,-,18.04.01,4.4,52.4,1594,7,Open,1,22.06.01,14.7,78.1,581,172,1222,1007,1103,1023,912,753,581,172,1249,1242,1204,1274,Inseminate,-,0,22.06.01,-,509,12200,-,Male,-,367,Aug,21.08.10,-
9072,-,75,50,22.08.11,1,Female,220,22.01.04,Holstein,2135,2,338,-,18.04.01,4.4,52.4,1594,75,"Pregnant, Dry",5,22.03.30,12.1,75.8,972,209,1364,1055,1290,1283,1206,1118,972,209,970,1368,1311,1370,Conf. Step  Up,Yes,2,22.03.30,-,396,12339,-,Male,-,339,Sep,21.09.07,Easy
9074,-,1,80,22.08.03,9,Female,0,-,Holstein,3595,3,9,-,18.04.02,4.4,52.3,1593,1,Fresh,0,-,42.2,232,0,301,1523,1299,1367,1251,829,0,0,301,1503,1497,1468,1360,Report Heat,-,0,-,-,-,13346,-,Male,-,9,Aug,22.08.03,-
9079,-,199,190,22.05.01,103,Female,0,22.03.17,Holstein,-,2,506,Yes,18.04.07,4.3,52.2,1588,199,"Cull, Not Pregnant",1,22.04.28,-,-,0,0,0,0,0,0,0,0,0,0,0,0,0,0,Inseminate,-,0,22.04.28,-,635,11922,-,Male,-,506,Mar,21.03.24,-
9080,-,50,7,22.08.11,1,Female,212,22.01.12,Holstein,6699,2,386,-,18.04.08,4.3,52.1,1587,50,Pregnant,4,22.04.04,13.9,84.6,676,184,1090,1027,1067,970,872,777,676,184,1259,1200,1131,1195,Conf. Dry Off,Yes,2,22.04.04,-,451,1951,-,Female,-,386,Jul,21.07.22,Easy
9081,-,3,2,22.07.31,12,Female,0,22.07.13,Holstein,6674,3,116,-,18.04.08,4.3,52.1,1587,3,Bred,1,-,46.2,270.5,1484,486,993,519,0,325,1267,1472,1484,486,1246,1198,1177,1109,Inseminate,-,0,-,-,363,13035,-,Male,-,116,Apr,22.04.18,-
9087,-,75,50,22.08.02,10,Female,225,21.12.30,Holstein,8023,2,401,-,18.04.11,4.3,52,1584,75,"Pregnant, Dry",5,22.03.21,-,-,841,12,1041,976,1033,1049,1055,998,841,12,1421,1412,1343,1219,Conf. Step  Up,Yes,2,22.03.21,-,463,12098,-,Male,-,411,Jun,21.06.27,-
9089,-,2,22,22.07.31,12,Female,0,-,Holstein,12848,3,55,-,18.04.12,4.3,52,1583,2,Fresh,1,-,40.8,253.8,1353,476,953,815,653,0,0,383,1353,476,1035,1032,962,936,Inseminate,-,0,-,-,-,13199,-,Male,-,55,Jun,22.06.18,Easy
9091,-,3,2,22.07.31,12,Female,0,22.06.25,Holstein,7448,3,139,-,18.04.14,4.3,51.9,1581,3,Pregnant (1st Preg Check),3,22.07.30,40.2,233.9,1292,417,339,0,220,1316,1291,1292,1292,417,1144,1131,1035,916,2nd Pregn. Check,-,1,22.07.30,-,368,2689,-,Female,-,139,Mar,22.03.26,-
9092,-,4,3,22.07.31,12,Female,0,22.07.25,Holstein,3729,2,237,-,18.04.14,4.3,51.9,1581,4,Open,1,-,29.2,197.7,1184,371,1251,1203,1306,1293,1281,1216,1184,371,599,241,0,363,Inseminate,-,0,-,-,496,12713,-,Male,-,237,Dec,21.12.18,Easy
9093,-,2,22,22.07.31,12,Female,0,22.07.27,Holstein,4594,3,103,-,18.04.16,4.3,51.9,1579,2,Bred,1,-,49.3,311,1674,567,1179,946,0,1,1463,1705,1674,567,1359,1402,1320,1270,Inseminate,-,0,-,-,364,2787,-,Female,-,103,May,22.05.01,-
9094,-,3,2,22.07.31,12,Female,0,22.05.18,Holstein,6559,2,172,-,18.04.16,4.3,51.9,1579,3,Pregnant (1st Preg Check),3,22.07.04,45.8,289,1680,547,0,345,1747,1837,1819,1607,1680,547,1157,1153,1029,533,2nd Pregn. Check,-,1,22.07.04,-,363,2616,-,Female,-,172,Feb,22.02.21,-
9096,-,80,75,22.08.10,2,Female,254,21.12.01,Holstein,6740,1,704,-,18.04.16,4.3,51.9,1579,80,"Pregnant, Dry",5,22.02.18,-,-,0,0,467,259,0,0,0,0,0,0,729,743,728,659,Conf. Step  Up,Yes,2,22.02.18,21.10.13,898,-,-,-,-,875,Mar,20.03.20,Hard
9097,-,3,2,22.07.31,12,Female,0,22.07.01,Holstein,6746,3,121,-,18.04.17,4.3,51.8,1578,3,Pregnant (1st Preg Check),3,22.08.06,33.3,212.7,1263,392,446,0,0,624,1292,1269,1263,392,910,895,848,768,2nd Pregn. Check,-,1,22.08.06,-,356,2735,-,Female,-,121,Apr,22.04.13,-
9098,-,80,75,22.08.02,10,Female,261,21.11.24,Holstein,4046,2,421,-,18.04.18,4.3,51.8,1577,80,"Pregnant, Dry",5,22.02.21,-,-,0,0,1151,1006,1120,846,921,387,0,0,1219,1149,1135,1215,Conf. Step  Up,Yes,2,22.02.21,-,483,12023,-,Male,-,467,May,21.05.02,Easy
9099,-,22,1,22.08.10,2,Female,0,-,Holstein,6652,3,22,-,18.04.19,4.3,51.8,1576,22,Fresh,0,-,42.3,250.7,375,461,1283,1030,1080,988,351,0,375,461,1151,1232,1234,1255,Report Heat,-,0,-,-,-,13297,-,Male,-,22,Jul,22.07.21,-
9102,-,2,22,22.07.31,12,Female,0,22.08.04,Holstein,3095,3,72,-,18.04.22,4.3,51.7,1573,2,Bred,1,-,48.8,293.2,1557,545,1097,841,954,177,3,1327,1557,545,1273,1255,1204,1126,Inseminate,-,0,-,-,341,2839,-,Female,-,72,Jun,22.06.01,-
9103,-,5,4,22.07.31,12,Female,185,22.02.08,Holstein,12693,2,373,-,18.04.22,4.3,51.7,1573,5,Pregnant,4,22.05.02,25.7,153,794,287,1094,1017,1104,1105,1113,945,794,287,1011,991,1036,1092,Conf. Dry Off,Yes,2,22.05.02,-,465,2005,-,Female,-,373,Aug,21.08.04,-
9105,-,75,50,22.07.02,41,Female,247,21.12.08,Holstein,12793,2,377,-,18.04.23,4.3,51.6,1572,75,"Pregnant, Dry",5,22.02.28,-,-,12,0,1120,936,968,876,720,530,12,0,1214,1200,1170,1189,Conf. Step  Up,Yes,2,22.02.28,-,448,12093,-,Male,-,418,Jun,21.06.20,Easy
9106,-,80,75,22.07.02,41,Female,287,21.10.29,Holstein,8965,2,298,-,18.04.24,4.3,51.6,1571,80,"Pregnant, Dry",5,22.01.24,-,-,0,0,1283,1140,1200,1151,1049,56,0,0,1326,1339,1286,1252,Conf. Step  Up,Yes,2,22.01.24,-,357,2035,-,Female,-,367,Aug,21.08.10,-
9108,-,3,2,22.07.31,12,Female,0,22.07.20,Holstein,4620,2,192,-,18.04.25,4.3,51.6,1570,3,Bred,1,22.07.14,39,227.7,1442,439,0,1187,1686,1694,1675,1469,1442,439,856,746,419,0,Inseminate,-,0,22.07.14,-,446,12816,-,Male,-,192,Feb,22.02.01,-
9112,-,4,3,22.07.31,12,Female,0,22.07.01,Holstein,2118,2,276,-,18.04.27,4.3,51.5,1568,4,Open,1,22.08.06,30.9,204.6,1201,382,1430,1216,1282,1241,1261,1196,1201,382,389,0,840,1574,Inseminate,-,0,22.08.06,-,511,2346,-,Female,-,276,Nov,21.11.09,Easy
9113,-,50,7,22.08.11,1,Female,213,22.01.11,Holstein,4541,2,377,-,18.04.27,4.3,51.5,1568,50,Pregnant,4,22.04.04,20.5,130.9,951,264,1229,1069,1143,1028,1064,984,951,264,1272,1254,1223,1277,Conf. Dry Off,Yes,2,22.04.04,-,441,1987,-,Female,-,377,Jul,21.07.31,-
9118,-,7,6,22.08.10,2,Female,202,22.01.22,Holstein,4642,2,342,-,18.04.29,4.3,51.4,1566,7,Pregnant,4,22.04.18,26.8,158.9,844,297,1052,1017,1082,1111,1114,913,844,297,1084,1329,1282,1190,Conf. Dry Off,Yes,2,22.04.18,-,417,12320,-,Male,-,342,Sep,21.09.04,-
9119,-,2,22,22.07.31,12,Female,0,22.08.03,Holstein,3680,3,96,-,18.05.01,4.3,51.4,1564,2,Bred,1,-,41.5,246.4,1369,445,913,510,0,0,755,1376,1369,445,1028,1053,972,911,Inseminate,-,0,-,-,364,13096,-,Male,-,96,May,22.05.08,Easy
9120,-,199,190,22.03.31,134,Female,0,21.11.23,Holstein,-,2,510,Yes,18.05.01,4.3,51.4,1564,199,"Cull, Not Pregnant",1,-,-,-,0,0,0,0,0,0,0,0,0,0,0,0,0,0,Inseminate,-,0,-,-,525,1694,-,Female,-,510,Mar,21.03.20,-
9121,-,75,50,22.07.16,27,Female,244,21.12.11,Holstein,49,1,817,-,18.05.01,4.3,51.4,1564,75,"Pregnant, Dry",5,22.03.07,-,-,235,0,770,720,817,769,706,666,235,0,939,935,857,839,Conf. Step  Up,Yes,2,22.03.07,-,877,882,-,Female,-,844,Apr,20.04.20,Easy
9123,-,75,50,22.07.16,27,Female,243,21.12.12,Holstein,4029,2,278,-,18.05.01,4.3,51.4,1564,75,"Pregnant, Dry",5,22.03.07,-,-,230,0,1043,926,1002,975,944,793,230,0,0,717,1295,1099,Conf. Step  Up,Yes,2,22.03.07,-,339,2265,-,Female,-,305,Oct,21.10.11,Easy
9126,-,4,3,22.07.31,12,Female,0,22.08.06,Holstein,6288,2,227,-,18.05.03,4.3,51.3,1562,4,Bred,1,22.07.11,43.7,253.2,1486,472,1401,1507,1637,1532,1560,1392,1486,472,974,653,0,123,Inseminate,-,0,22.07.11,-,498,12732,-,Male,-,227,Dec,21.12.28,-
9127,-,75,50,22.07.23,20,Female,240,21.12.15,Holstein,9954,2,290,-,18.05.03,4.3,51.3,1562,75,"Pregnant, Dry",5,22.02.03,-,-,551,0,1273,1207,1348,1302,1255,1053,551,0,0,748,1244,1330,Conf. Step  Up,Yes,1,22.02.03,-,347,2248,-,Female,-,310,Oct,21.10.06,-
9128,-,5,4,22.07.31,12,Female,157,22.03.08,Holstein,1729,2,333,-,18.05.04,4.3,51.3,1561,5,Pregnant,4,22.05.30,31.8,180.3,1057,339,1337,1133,1338,1305,1260,1122,1057,339,705,1398,1425,1453,Conf. Dry Off,Yes,2,22.05.30,-,453,12380,-,Male,-,333,Sep,21.09.13,-
9130,-,2,22,22.07.31,12,Female,0,-,Holstein,3925,3,81,-,18.05.05,4.3,51.3,1560,2,Fresh,1,-,56.3,339.2,1861,623,1063,718,227,0,334,1766,1861,623,1419,1362,1242,1171,Inseminate,-,0,-,-,-,13123,-,Male,-,81,May,22.05.23,-
9131,-,7,6,22.07.13,30,Female,207,22.01.17,Holstein,3491,2,519,-,18.05.07,4.3,51.2,1558,7,Pregnant,4,22.04.11,13.6,81.7,488,162,990,871,958,917,881,644,488,162,1296,1166,1115,1037,Conf. Dry Off,Yes,2,22.04.11,-,589,1681,-,Female,-,519,Mar,21.03.11,Easy
9132,-,50,7,22.08.11,1,Female,212,22.01.12,Holstein,6558,2,495,-,18.05.07,4.3,51.2,1558,50,Pregnant,4,22.04.04,15.4,88.5,618,183,975,821,856,846,783,689,618,183,1221,1190,1105,999,Conf. Dry Off,Yes,2,22.04.04,-,560,11963,-,Male,-,495,Apr,21.04.04,-
9134,-,5,4,22.07.31,12,Female,100,22.05.04,Holstein,3764,2,302,-,18.05.08,4.3,51.2,1557,5,Pregnant,4,22.08.01,33.3,205.5,1107,381,1336,1114,1227,1205,1241,1148,1107,381,0,568,1360,1369,Conf. Dry Off,Yes,2,22.08.01,-,479,2281,-,Female,-,302,Oct,21.10.14,Easy
9135,-,80,75,22.08.02,10,Female,261,21.11.24,Holstein,6664,2,426,-,18.05.09,4.3,51.1,1556,80,"Pregnant, Dry",5,22.02.21,-,-,0,0,1098,940,1091,1024,990,802,0,0,1316,1255,1179,1099,Conf. Step  Up,Yes,2,22.02.21,-,488,1776,-,Female,-,472,Apr,21.04.27,Easy
9136,-,2,22,22.07.31,12,Female,0,22.08.10,Holstein,1669,3,82,-,18.05.09,4.3,51.1,1556,2,Bred,1,-,42.1,262.9,1443,490,991,855,496,0,312,1354,1443,490,1093,1103,937,970,Inseminate,-,0,-,-,357,2824,-,Female,-,82,May,22.05.22,Easy
9139,-,22,1,22.08.01,11,Female,0,-,Holstein,1670,2,33,-,18.05.10,4.3,51.1,1555,22,Fresh,0,-,52,303.4,853,560,278,0,0,0,0,0,853,560,720,684,605,535,Report Heat,-,0,-,-,-,2932,-,Female,-,33,Jul,22.07.10,Easy
9141,-,199,190,22.07.02,41,Female,0,-,Holstein,-,3,86,Yes,18.05.10,4.3,51.1,1555,199,"Cull, Not Pregnant",1,-,-,-,0,0,0,0,0,0,0,0,0,0,0,0,0,0,Inseminate,-,0,-,-,-,13112,-,Male,-,86,May,22.05.18,Easy
9142,-,80,75,22.08.02,10,Female,260,21.11.25,Holstein,8031,2,349,-,18.05.12,4.3,51,1553,80,"Pregnant, Dry",5,22.02.21,-,-,0,0,950,847,870,837,769,485,0,0,1263,1162,1033,990,Conf. Step  Up,Yes,2,22.02.21,-,412,12119,-,Male,-,395,Jul,21.07.13,-
9143,-,2,22,22.07.31,12,Female,0,22.07.10,Holstein,7388,3,100,-,18.05.12,4.3,51,1553,2,Bred,2,-,49.2,289.6,1599,532,975,508,0,0,1057,1572,1599,532,1173,1143,1083,1050,Pregn. Check,-,0,-,-,344,13089,-,Male,-,100,May,22.05.04,Easy
9144,-,2,22,22.07.31,12,Female,0,22.08.03,Holstein,6573,3,90,-,18.05.12,4.3,51,1553,2,Bred,1,-,46,279.3,1470,521,1057,872,518,0,469,1343,1470,521,1334,1279,1214,1141,Inseminate,-,0,-,-,358,2804,-,Female,-,90,May,22.05.14,-
9145,-,80,1,22.07.25,18,Female,281,21.11.04,Holstein,6689,2,322,-,18.05.13,4.2,51,1552,80,"Pregnant, Dry",5,22.01.24,-,-,0,0,1118,952,950,899,558,0,0,0,1240,1216,1169,1194,Conf. Step  Up,Yes,2,22.01.24,-,393,1912,-,Female,-,397,Jul,21.07.11,-
9146,-,5,4,22.07.31,12,Female,128,22.04.06,Holstein,10364,2,300,-,18.05.14,4.2,51,1551,5,Pregnant,4,22.07.02,33.2,190.5,1079,353,1431,1257,1404,1398,1389,1195,1079,353,0,548,1506,1516,Conf. Dry Off,Yes,2,22.07.02,-,449,2287,-,Female,-,300,Oct,21.10.16,Hard
9147,-,75,50,22.08.02,10,Female,170,22.02.23,Holstein,6484,2,340,-,18.05.15,4.2,50.9,1550,75,"Pregnant, Dry",5,22.05.16,-,-,288,5,894,529,533,297,346,339,288,5,1004,1045,770,807,Conf. Step  Up,Yes,2,22.05.16,-,457,12275,-,Female,-,350,Aug,21.08.27,Hard
9149,-,6,5,22.07.31,12,Female,0,21.11.29,Holstein,6647,2,480,-,18.05.17,4.2,50.9,1548,6,Aborted,1,22.02.21,27.9,167,807,305,1109,979,1078,1013,886,654,807,305,1241,1267,1154,1142,Inseminate,-,0,22.02.21,22.06.22,501,1758,-,Female,-,480,Apr,21.04.19,Easy
9150,-,6,5,22.07.31,12,Female,100,22.05.04,Holstein,7999,2,490,-,18.05.17,4.2,50.9,1548,6,Pregnant,4,22.08.01,25.5,161.9,916,305,1164,1058,1155,1143,1099,967,916,305,1400,1344,1127,1167,Conf. Dry Off,Yes,2,22.08.01,-,667,1739,-,Female,-,490,Apr,21.04.09,Easy
9152,-,6,5,22.07.31,12,Female,0,22.08.03,Holstein,2456,2,447,-,18.05.17,4.2,50.9,1548,6,Bred,1,-,30.6,176.1,951,322,1055,906,1049,1009,1030,943,951,322,1226,1190,1091,1009,Inseminate,-,0,-,-,715,12058,-,Male,-,447,May,21.05.22,Easy
9153,-,199,190,22.05.01,103,Female,0,22.01.19,Holstein,-,2,374,Yes,18.05.18,4.2,50.8,1547,199,"Cull, Not Pregnant",1,22.04.11,-,-,0,0,0,0,0,0,0,0,0,0,0,0,0,0,Inseminate,-,0,22.04.11,22.04.17,446,2002,-,Female,-,374,Aug,21.08.03,-
9154,-,3,2,22.07.31,12,Female,0,22.05.30,Holstein,3592,3,176,-,18.05.19,4.2,50.8,1546,3,Pregnant (1st Preg Check),3,22.07.11,39.9,241,1324,450,0,390,1458,1521,1576,1422,1324,450,1203,1176,1092,444,2nd Pregn. Check,-,1,22.07.11,-,379,12853,-,Male,-,176,Feb,22.02.17,-
9157,-,3,2,22.07.31,12,Female,0,22.07.20,Holstein,6692,2,163,-,18.05.21,4.2,50.7,1544,3,Bred,1,22.07.11,41.6,245,1408,457,0,0,1433,1748,1677,1542,1408,457,596,356,0,0,Inseminate,-,0,22.07.11,-,417,12904,-,Male,-,163,Mar,22.03.02,Easy
9159,-,75,50,22.07.23,20,Female,237,21.12.18,Holstein,933,2,395,-,18.05.22,4.2,50.7,1543,75,"Pregnant, Dry",5,22.03.15,-,-,396,0,1297,1135,1164,1033,947,769,396,0,1306,1210,1248,1294,Conf. Step  Up,Yes,2,22.03.15,-,455,12096,-,Male,-,415,Jun,21.06.23,-
9161,-,199,190,22.06.04,69,Female,0,21.10.23,Holstein,-,2,489,Yes,18.05.22,4.2,50.7,1543,199,"Cull, Not Pregnant",1,22.01.15,-,-,0,0,0,0,0,0,0,0,0,0,0,0,0,0,Inseminate,-,0,22.01.15,22.06.06,473,1741,-,Female,-,489,Apr,21.04.10,Easy
9165,-,3,2,22.07.31,12,Female,0,22.07.20,Holstein,889,3,171,-,18.05.24,4.2,50.6,1541,3,Bred,1,22.06.06,39.2,235,1070,434,0,94,1027,1206,1270,1150,1070,434,1030,954,943,753,Inseminate,-,0,22.06.06,-,425,12869,-,Male,-,171,Feb,22.02.22,Easy
9166,-,5,4,22.07.31,12,Female,175,22.02.18,Holstein,6780,2,330,-,18.05.25,4.2,50.6,1540,5,Pregnant,4,22.05.16,31.5,170.5,1080,318,1320,1239,1380,1319,1273,1125,1080,318,407,1241,1337,1330,Conf. Dry Off,Yes,2,22.05.16,-,432,2194,-,Female,-,330,Sep,21.09.16,Easy
9167,-,7,6,22.04.12,122,Female,148,22.03.17,Holstein,5312,1,711,-,18.05.25,4.2,50.6,1540,7,Pregnant,4,22.06.20,14,87.8,562,173,851,615,693,473,497,511,562,173,912,909,876,894,Conf. Dry Off,Yes,2,22.06.20,-,840,1200,-,Female,-,711,Aug,20.08.31,-
9169,-,6,5,22.07.31,12,Female,0,22.06.05,Holstein,3225,2,307,-,18.05.26,4.2,50.6,1539,6,Pregnant (1st Preg Check),3,22.07.14,25.4,168.2,898,313,1183,828,870,885,1017,910,898,313,0,850,1385,1332,2nd Pregn. Check,-,1,22.07.14,-,516,2261,-,Female,-,307,Oct,21.10.09,Easy
9170,-,80,75,22.07.23,20,Female,267,21.11.18,Holstein,1750,2,403,-,18.05.25,4.2,50.6,1540,80,"Pregnant, Dry",5,22.02.07,-,-,0,0,1016,878,849,854,727,295,0,0,1133,1105,1064,1000,Conf. Step  Up,Yes,2,22.02.07,-,465,12043,-,Male,-,455,May,21.05.14,Easy
9172,-,4,3,22.07.31,12,Female,104,22.04.30,Holstein,9235,2,288,-,18.05.26,4.2,50.6,1539,4,Pregnant,4,22.08.01,30.3,195.2,1094,368,1174,1021,1186,1102,1157,1094,1094,368,11,88,1125,1234,Conf. Dry Off,Yes,2,22.08.01,-,461,2319,-,Female,-,288,Oct,21.10.28,Hard
9173,-,4,3,22.07.31,12,Female,176,22.02.17,Holstein,1565,2,348,-,18.05.26,4.2,50.6,1539,4,Pregnant,4,22.05.16,41.2,231.7,1312,435,1611,1484,1613,1542,1524,1365,1312,435,1419,1465,1482,1646,Conf. Dry Off,Yes,2,22.05.16,-,449,2114,-,Female,-,348,Aug,21.08.29,-
9174,-,22,1,22.08.01,11,Female,0,-,Holstein,4208,3,29,-,18.05.26,4.2,50.6,1539,22,Fresh,0,-,48.3,273.6,644,495,1147,913,1090,935,7,0,644,495,1211,1136,1160,1140,Report Heat,-,0,-,-,-,-,-,-,-,29,Jul,22.07.14,-
9175,-,199,190,22.07.02,41,Female,0,21.09.03,Holstein,-,2,411,Yes,18.05.28,4.2,50.5,1537,199,"Cull, Not Pregnant",1,21.11.27,-,-,0,0,0,0,0,0,0,0,0,0,0,0,0,0,Inseminate,-,0,21.11.27,22.06.12,345,12099,-,Male,-,411,Jun,21.06.27,-
9177,-,2,22,22.07.31,12,Female,0,22.07.21,Holstein,4509,3,81,-,18.05.28,4.2,50.5,1537,2,Bred,1,-,40.8,246.6,1403,464,1059,820,243,0,350,1361,1403,464,1190,1219,1162,1150,Inseminate,-,0,-,-,336,13120,-,Male,-,81,May,22.05.23,-
9179,-,80,75,22.07.16,27,Female,275,21.11.10,Holstein,5713,2,347,-,18.05.28,4.2,50.5,1537,80,"Pregnant, Dry",5,22.02.07,-,-,0,0,1165,1012,991,991,785,131,0,0,1350,1121,1161,1203,Conf. Step  Up,Yes,2,22.02.07,-,410,12101,-,Male,-,408,Jun,21.06.30,-
9180,-,75,50,22.07.16,27,Female,242,21.12.13,Holstein,4569,2,305,-,18.05.28,4.2,50.5,1537,75,"Pregnant, Dry",5,22.03.07,-,-,231,0,1665,1419,1600,1462,1298,902,231,0,666,1567,1553,1636,Conf. Step  Up,Yes,2,22.03.07,-,367,2187,-,Female,-,332,Sep,21.09.14,Easy
9181,-,3,2,22.07.31,12,Female,120,22.04.14,Holstein,6508,3,195,-,18.05.29,4.2,50.5,1536,3,Pregnant,4,22.07.16,32.2,192.9,1073,360,42,730,1053,1075,1098,1048,1073,360,1015,992,702,0,Conf. Dry Off,Yes,2,22.07.16,-,352,2555,-,Female,-,195,Jan,22.01.29,-
9183,-,7,6,22.07.13,30,Female,206,22.01.18,Holstein,3344,2,504,-,18.05.31,4.2,50.4,1534,7,Pregnant,4,22.04.11,19.6,112.7,670,226,713,709,864,846,801,750,670,226,1243,1156,1094,980,Conf. Dry Off,Yes,2,22.04.11,-,575,1711,-,Female,-,504,Mar,21.03.26,Easy
9185,-,80,75,22.07.23,20,Female,265,21.11.20,Holstein,4621,2,329,-,18.06.02,4.2,50.3,1532,80,"Pregnant, Dry",5,22.02.21,-,-,0,0,1236,1080,1066,944,753,446,0,0,1396,1362,1343,1250,Conf. Step  Up,Yes,2,22.02.21,-,387,12162,-,Male,-,375,Aug,21.08.02,Easy
9186,-,199,190,22.06.04,69,Female,0,21.09.20,Holstein,-,2,498,Yes,18.06.02,4.2,50.3,1532,199,"Cull, Not Pregnant",1,21.12.11,-,-,0,0,0,0,0,0,0,0,0,0,0,0,0,0,Inseminate,-,0,21.12.11,22.03.29,449,11953,-,Male,-,498,Apr,21.04.01,-
9187,-,22,1,22.08.10,2,Female,0,-,Holstein,6646,3,24,-,18.06.02,4.2,50.3,1532,22,Fresh,0,-,59.5,348,619,633,1367,1000,1105,1009,504,0,619,633,1517,1478,1418,1452,Report Heat,-,0,-,-,-,13292,-,Male,-,24,Jul,22.07.19,-
9188,-,80,75,22.08.10,2,Female,253,21.12.02,Holstein,4635,2,305,-,18.06.03,4.2,50.3,1531,80,"Pregnant, Dry",5,22.02.21,-,-,161,0,1338,1244,1388,1326,1291,843,161,0,767,1377,1368,1370,Conf. Step  Up,Yes,2,22.02.21,-,362,2170,-,Female,-,338,Sep,21.09.08,-
9195,-,199,190,22.08.02,10,Female,0,22.06.07,Holstein,-,1,816,Yes,18.06.06,4.2,50.2,1528,199,"Cull, Not Pregnant",2,22.01.13,-,-,0,0,0,0,0,0,0,0,0,0,0,0,0,0,Pregn. Check,-,0,22.01.13,-,1027,959,-,Female,-,816,May,20.05.18,-
9197,-,75,50,22.08.11,1,Female,219,22.01.05,Holstein,3734,2,316,-,18.06.08,4.2,50.1,1526,75,"Pregnant, Dry",5,22.03.30,9.3,55.4,918,179,1512,1237,1333,1263,1152,988,918,179,42,1413,1554,1594,Conf. Step  Up,Yes,2,22.03.30,-,375,12440,-,Male,-,317,Sep,21.09.29,-
9198,-,2,22,22.07.31,12,Female,0,22.08.04,Holstein,2852,3,68,-,18.06.08,4.2,50.1,1526,2,Bred,1,-,42.7,253.6,1454,484,972,706,754,143,0,969,1454,484,1189,1050,1113,1085,Inseminate,-,0,-,-,337,2849,-,Female,-,68,Jun,22.06.05,Easy
9199,-,2,22,22.07.31,12,Female,0,22.07.31,Holstein,6876,3,111,-,18.06.09,4.2,50.1,1525,2,Bred,1,-,48.8,292.6,1605,536,1226,649,0,207,1442,1616,1605,536,1329,1294,1268,1253,Inseminate,-,0,-,-,376,13056,-,Male,-,111,Apr,22.04.23,Easy
9200,-,75,50,22.08.02,10,Female,225,21.12.30,Holstein,6684,2,341,-,18.06.09,4.2,50.1,1525,75,"Pregnant, Dry",5,22.03.21,-,-,905,13,1263,1138,1269,1183,1169,1056,905,13,1032,1273,1283,1307,Conf. Step  Up,Yes,2,22.03.21,-,403,2105,-,Female,-,351,Aug,21.08.26,Easy
9202,-,6,5,22.07.31,12,Female,0,21.07.28,Holstein,14668,2,483,-,18.06.10,4.2,50.1,1524,6,Aborted,1,21.10.22,31.8,186.6,1040,341,716,173,59,944,1197,1136,1040,341,1118,1025,966,867,Inseminate,-,0,21.10.22,22.03.27,380,11989,-,Male,-,483,Apr,21.04.16,Easy
9204,-,2,22,22.07.31,12,Female,0,22.07.09,Holstein,3918,3,92,-,18.06.12,4.2,50,1522,2,Open,1,-,40.5,246.6,1342,435,856,671,198,0,558,1242,1342,435,1125,1093,991,912,Inseminate,-,0,-,-,335,13103,-,Male,-,92,May,22.05.12,Easy
9205,-,7,6,22.07.21,22,Female,0,22.05.01,Holstein,5801,2,384,-,18.06.13,4.2,50,1521,7,Open,1,22.06.18,16.7,91.8,592,183,1122,975,938,863,710,652,592,183,1295,1232,1194,1137,Inseminate,-,0,22.06.18,-,558,12143,-,Male,-,384,Jul,21.07.24,-
9207,-,2,22,22.07.31,12,Female,0,-,Holstein,3935,3,64,-,18.06.15,4.2,49.9,1519,2,Fresh,1,-,46,259.2,1431,498,937,756,559,0,0,763,1431,498,1170,1203,1141,1017,Inseminate,-,0,-,-,-,13163,-,Male,-,64,Jun,22.06.09,-
9209,-,5,4,22.07.31,12,Female,0,22.06.22,Holstein,2320,2,317,-,18.06.16,4.2,49.9,1518,5,Pregnant (1st Preg Check),3,22.07.30,33.3,191.2,1057,356,1149,971,1189,1263,1280,1146,1057,356,23,1118,1233,1165,2nd Pregn. Check,-,1,22.07.30,-,543,2230,-,Female,-,317,Sep,21.09.29,-
9211,-,2,22,22.07.31,12,Female,0,-,Holstein,14644,3,51,-,18.06.16,4.2,49.9,1518,2,Fresh,1,-,49,296.6,1506,532,1149,1023,1026,429,0,273,1506,532,1307,1327,1249,1156,Inseminate,-,0,-,-,-,13217,-,Male,-,51,Jun,22.06.22,Hard
9212,-,7,40,22.07.05,38,Female,183,22.02.10,Holstein,4201,2,348,-,18.06.16,4.2,49.9,1518,7,Pregnant,4,22.05.02,17.9,105.4,563,203,793,604,618,517,496,452,563,203,1231,1149,1023,819,Conf. Dry Off,Yes,2,22.05.02,-,442,12279,-,Male,-,348,Aug,21.08.29,-
9214,-,3,2,22.07.31,12,Female,0,22.05.25,Holstein,4595,3,160,-,18.06.17,4.2,49.8,1517,3,Pregnant (1st Preg Check),3,22.07.11,38.7,228.5,1331,420,0,0,1132,1567,1704,1509,1331,420,1024,1056,986,759,2nd Pregn. Check,-,1,22.07.11,-,358,12910,-,Male,-,160,Mar,22.03.05,-
9218,-,3,2,22.07.31,12,Female,0,22.05.25,Holstein,3380,3,134,-,18.06.20,4.1,49.7,1514,3,Pregnant (1st Preg Check),3,22.07.11,41.2,251.1,1453,468,675,0,16,1270,1497,1453,1453,468,1230,1022,997,886,2nd Pregn. Check,-,1,22.07.11,-,332,12982,-,Male,-,134,Mar,22.03.31,-
9220,-,75,50,22.08.02,10,Female,201,22.01.23,Holstein,6493,2,439,-,18.06.20,4.1,49.7,1514,75,"Pregnant, Dry",5,22.04.18,-,-,305,7,968,904,1096,1031,1006,814,305,7,1405,1347,1205,1142,Conf. Step  Up,Yes,2,22.04.18,-,525,12052,-,Male,-,449,May,21.05.20,-
9221,-,80,75,22.08.02,10,Female,259,21.11.26,Holstein,6366,2,276,-,18.06.20,4.1,49.7,1514,80,"Pregnant, Dry",5,22.02.21,-,-,28,0,1345,1118,1316,1326,1313,946,28,0,44,1338,1402,1404,Conf. Step  Up,Yes,2,22.02.21,-,335,2229,-,Female,-,317,Sep,21.09.29,-
9222,-,50,7,22.08.11,1,Female,212,22.01.12,Holstein,3505,2,397,-,18.06.21,4.1,49.7,1513,50,Pregnant,4,22.04.04,19,118.6,699,228,1221,974,1082,1048,922,796,699,228,1321,1342,1290,1268,Conf. Dry Off,Yes,2,22.04.04,-,462,12115,-,Male,-,397,Jul,21.07.11,-
9223,-,2,22,22.07.31,12,Female,0,-,Holstein,5091,2,101,-,18.06.21,4.1,49.7,1513,2,Fresh,1,-,44.5,270.2,1540,500,141,0,0,0,1036,1498,1540,500,674,514,561,520,Inseminate,-,0,-,-,-,2791,-,Female,-,101,May,22.05.03,Easy
9224,-,1,80,22.08.10,2,Female,0,-,Holstein,6460,3,3,-,18.06.21,4.1,49.7,1513,1,Fresh,0,-,33.4,55.5,0,56,878,794,668,509,282,0,0,56,1258,930,993,1020,Report Heat,-,0,-,-,-,3023,-,Female,-,3,Aug,22.08.09,Easy
9225,-,75,50,22.08.02,10,Female,193,22.01.31,Holstein,1226,2,473,-,18.06.21,4.1,49.7,1513,75,"Pregnant, Dry",5,22.05.02,-,-,330,1,1004,883,963,968,882,723,330,1,1154,1175,1102,1025,Conf. Step  Up,Yes,2,22.05.02,-,567,11993,-,Male,-,483,Apr,21.04.16,Easy
9226,-,6,5,22.07.31,12,Female,0,22.06.01,Holstein,4548,2,391,-,18.06.21,4.1,49.7,1513,6,Pregnant (1st Preg Check),3,22.07.14,23.7,140.9,728,260,1106,971,954,872,830,751,728,260,1145,1085,1076,1122,2nd Pregn. Check,-,1,22.07.14,-,596,1938,-,Female,-,391,Jul,21.07.17,-
9227,-,6,5,22.07.31,12,Female,139,22.03.26,Holstein,1548,2,372,-,18.06.22,4.1,49.7,1512,6,Pregnant,4,22.06.20,27,174.2,1003,326,1089,984,1028,979,968,1028,1003,326,1197,1247,1212,1121,Conf. Dry Off,Yes,2,22.06.20,-,510,-,-,Male,-,372,Aug,21.08.05,Easy
9228,-,6,5,22.07.31,12,Female,163,22.03.02,Holstein,6975,2,396,-,18.06.22,4.1,49.7,1512,6,Pregnant,4,22.05.30,28,171.5,1035,317,1479,1261,1330,1313,1286,1149,1035,317,1465,1462,1433,1506,Conf. Dry Off,Yes,2,22.05.30,-,510,12118,-,Male,-,396,Jul,21.07.12,-
9229,-,3,2,22.07.31,12,Female,0,22.05.23,Holstein,3596,3,127,-,18.06.22,4.1,49.7,1512,3,Pregnant (1st Preg Check),3,22.07.11,27.7,207.5,1295,403,0,0,0,274,1368,1224,1295,403,0,0,0,0,2nd Pregn. Check,-,1,22.07.11,-,323,2717,-,Female,-,127,Apr,22.04.07,Easy
9230,-,190,99,22.08.08,4,Female,0,22.07.10,Holstein,-,2,281,Yes,18.06.22,4.1,49.7,1512,190,"Cull, Not Pregnant",2,22.07.10,-,-,0,0,0,0,0,0,0,0,0,0,0,0,0,0,Pregn. Check,-,0,22.07.10,-,525,12580,-,Male,-,281,Nov,21.11.04,-
9231,-,7,6,22.07.21,22,Female,0,21.11.10,Holstein,4783,2,451,-,18.06.07,4.2,50.2,1527,7,Open,1,21.12.23,18.1,119.3,598,220,666,662,634,606,595,600,598,220,943,920,857,781,Inseminate,-,0,21.12.23,-,453,12051,-,Male,-,451,May,21.05.18,Easy
9232,-,3,2,22.07.31,12,Female,0,22.06.16,Holstein,3614,3,127,-,18.06.23,4.1,49.6,1511,3,Pregnant (1st Preg Check),3,22.07.23,46.2,275.5,1543,499,516,0,0,1054,1589,1509,1543,499,1196,1131,980,807,2nd Pregn. Check,-,1,22.07.23,-,347,2718,-,Female,-,127,Apr,22.04.07,Easy
9233,-,80,75,22.08.02,10,Female,256,21.11.29,Holstein,1894,2,289,-,18.06.24,4.1,49.6,1510,80,"Pregnant, Dry",5,22.02.21,-,-,25,0,1513,1355,1490,1412,1375,828,25,0,590,1638,1642,1565,Conf. Step  Up,Yes,2,22.02.21,-,351,12393,-,Male,-,330,Sep,21.09.16,Easy
9234,-,3,2,22.07.31,12,Female,0,22.08.08,Holstein,54,3,121,-,18.06.24,4.1,49.6,1510,3,Bred,1,-,33.7,217.6,1243,391,509,69,0,520,1148,1220,1243,391,1006,873,790,698,Inseminate,-,0,-,-,394,13019,-,Male,-,121,Apr,22.04.13,-
9235,-,5,4,22.07.31,12,Female,128,22.04.06,Holstein,3041,2,347,-,18.06.24,4.1,49.6,1510,5,Pregnant,4,22.07.02,27.8,164,947,288,1318,1131,1209,1122,1125,1001,947,288,1336,1486,1422,1338,Conf. Dry Off,Yes,2,22.07.02,-,496,12287,-,Male,-,347,Aug,21.08.30,-
9237,-,80,75,22.08.10,2,Female,254,21.12.01,Holstein,5754,2,352,-,18.06.25,4.1,49.6,1509,80,"Pregnant, Dry",5,22.02.21,-,-,19,0,950,770,931,879,871,589,19,0,1323,1288,1163,1137,Conf. Step  Up,Yes,2,22.02.21,-,416,1929,-,Female,-,393,Jul,21.07.15,-
9238,-,75,50,22.08.11,1,Female,195,22.01.29,Holstein,5837,2,362,-,18.06.25,4.1,49.6,1509,75,"Pregnant, Dry",5,22.05.02,3.1,23.3,381,72,586,619,618,486,465,414,381,72,952,887,705,714,Conf. Step  Up,Yes,2,22.05.02,-,445,12226,-,Male,-,363,Aug,21.08.14,-
9239,-,7,6,22.07.20,23,Female,140,22.03.25,Holstein,9722,2,337,-,18.06.25,4.1,49.6,1509,7,Pregnant,4,22.06.20,19.6,113.3,683,218,1062,936,1027,964,974,840,683,218,633,1213,1212,1108,Conf. Dry Off,Yes,2,22.06.20,-,474,2174,-,Female,-,337,Sep,21.09.09,Easy
9240,-,2,22,22.07.31,12,Female,0,-,Holstein,6245,2,53,-,18.06.26,4.1,49.5,1508,2,Fresh,1,-,44.2,269.3,1091,496,229,0,0,0,0,268,1091,496,601,604,558,561,Inseminate,-,0,-,-,-,13207,-,Male,-,53,Jun,22.06.20,-
9242,-,75,50,22.08.02,10,Female,225,21.12.30,Holstein,4452,2,488,-,18.06.30,4.1,49.4,1504,75,"Pregnant, Dry",5,22.03.21,-,-,592,9,905,784,854,854,783,681,592,9,1138,1085,948,941,Conf. Step  Up,Yes,2,22.03.21,-,550,11957,-,Male,-,498,Apr,21.04.01,Easy
9243,-,5,4,22.07.31,12,Female,0,22.06.21,Holstein,1290,2,292,-,18.06.27,4.1,49.5,1507,5,Pregnant (1st Preg Check),3,22.07.30,21.4,197.8,1123,353,1467,1296,1338,1345,1350,1202,1123,353,0,212,1440,1529,2nd Pregn. Check,-,1,22.07.30,-,517,12542,-,Male,-,292,Oct,21.10.24,Easy
9244,-,4,7,22.08.10,2,Female,205,22.01.19,Holstein,6046,2,285,-,18.06.27,4.1,49.5,1507,4,Pregnant,4,22.04.11,31.3,198.4,1212,375,1526,1360,1426,1357,1415,1232,1212,375,81,8,1331,1581,Conf. Dry Off,Yes,2,22.04.11,-,357,12566,-,Male,-,285,Oct,21.10.31,-
9245,-,75,50,22.08.02,10,Female,227,21.12.28,Holstein,9361,2,285,-,18.06.28,4.1,49.5,1506,75,"Pregnant, Dry",5,22.03.21,-,-,790,17,1384,1206,1300,1175,1168,1064,790,17,0,351,1439,1530,Conf. Step  Up,Yes,2,22.03.21,-,345,12522,-,Male,-,295,Oct,21.10.21,-
9247,-,75,50,22.08.02,10,Female,225,21.12.30,Holstein,3507,2,332,-,18.06.28,4.1,49.5,1506,75,"Pregnant, Dry",5,22.03.21,-,-,686,16,1075,924,1061,998,1001,896,686,16,935,1204,1175,1059,Conf. Step  Up,Yes,2,22.03.21,-,394,12326,-,Male,-,342,Sep,21.09.04,-
9248,-,6,5,22.07.31,12,Female,166,22.02.27,Holstein,228,2,353,-,18.06.28,4.1,49.5,1506,6,Pregnant,4,22.05.30,26.5,164.7,870,297,1219,1016,1079,1044,1047,897,870,297,1285,1322,1252,1240,Conf. Dry Off,Yes,2,22.05.30,-,464,2094,-,Female,-,353,Aug,21.08.24,-
9249,-,5,4,22.07.31,12,Female,192,22.02.01,Holstein,3893,2,294,-,18.06.28,4.1,49.5,1506,5,Pregnant,4,22.05.02,31.8,179.5,964,340,1206,900,1117,1093,1150,1034,964,340,0,205,1217,1361,Conf. Dry Off,Yes,2,22.05.02,-,379,12526,-,Male,-,294,Oct,21.10.22,-
9250,-,1,40,22.08.10,2,Female,0,-,Holstein,4817,3,4,-,18.06.29,4.1,49.4,1505,1,Fresh,0,-,23.9,102.7,0,103,750,589,315,0,0,0,0,103,992,982,892,840,Report Heat,-,0,-,-,-,13370,-,Male,-,4,Aug,22.08.08,-
9251,-,22,1,22.08.04,8,Female,0,-,Holstein,5911,3,25,-,18.06.29,4.1,49.4,1505,22,Fresh,0,-,47.1,258.8,556,489,1106,498,785,877,748,34,556,489,1240,1222,1179,1117,Report Heat,-,0,-,-,-,13333,-,Male,-,25,Jul,22.07.18,-
9253,-,6,5,22.07.31,12,Female,161,22.03.04,Holstein,4077,2,446,-,18.06.29,4.1,49.4,1505,6,Pregnant,4,22.06.20,25.9,157.2,793,284,1064,990,1112,1045,995,881,793,284,1382,1312,1279,1103,Conf. Dry Off,Yes,2,22.06.20,-,562,1840,-,Female,-,446,May,21.05.23,Easy
9254,-,7,6,22.07.21,22,Female,0,22.05.15,Holstein,3227,2,302,-,18.06.30,4.1,49.4,1504,7,Pregnant (1st Preg Check),3,22.07.04,19.7,118.5,612,230,1046,914,979,953,917,689,612,230,0,560,1125,1124,2nd Pregn. Check,-,1,22.07.04,-,490,12493,-,Male,-,302,Oct,21.10.14,-
9255,-,6,5,22.07.31,12,Female,0,22.06.15,Holstein,6565,2,365,-,18.06.30,4.1,49.4,1504,6,Open,1,22.05.19,20.9,144.7,786,251,1016,964,1026,901,886,807,786,251,1151,1150,1080,1124,Inseminate,-,0,22.05.19,-,584,12219,-,Male,-,365,Aug,21.08.12,Easy
9256,-,75,50,22.05.29,75,Female,208,22.01.16,Holstein,4716,2,220,-,18.06.30,4.1,49.4,1504,75,"Pregnant, Dry",5,22.04.11,-,-,0,0,1456,1317,1447,1323,807,0,0,0,8,393,1401,1476,Conf. Step  Up,Yes,2,22.04.11,-,364,2301,-,Female,-,295,Oct,21.10.21,-
9257,-,2,22,22.07.31,12,Female,0,22.08.10,Holstein,3098,3,86,-,18.07.01,4.1,49.4,1503,2,Bred,1,-,40.8,243.9,1345,451,883,697,220,0,465,1289,1345,451,1059,1028,1001,953,Inseminate,-,0,-,-,361,2814,-,Female,-,86,May,22.05.18,Easy
9263,-,80,75,22.07.23,20,Female,269,21.11.16,Holstein,6202,2,355,-,18.07.02,4.1,49.3,1502,80,"Pregnant, Dry",5,22.02.07,-,-,0,0,1154,998,1003,969,802,307,0,0,1382,1344,1198,1224,Conf. Step  Up,Yes,2,22.02.07,-,415,12105,-,Male,-,407,Jul,21.07.01,Easy
9264,-,6,5,22.07.31,12,Female,0,22.06.22,Holstein,2593,2,386,-,18.07.02,4.1,49.3,1502,6,Pregnant (1st Preg Check),3,22.07.30,27.5,168.5,914,304,1342,1144,1209,1104,1048,985,914,304,1404,1398,1385,1407,2nd Pregn. Check,-,1,22.07.30,-,612,12140,-,Male,-,386,Jul,21.07.22,Easy
9265,-,7,6,22.07.20,23,Female,188,22.02.05,Holstein,1161,2,493,-,18.07.02,4.1,49.3,1502,7,Pregnant,4,22.05.02,20.6,110.1,702,217,1092,912,1025,984,876,818,702,217,1235,1215,1162,1090,Conf. Dry Off,Yes,2,22.05.02,-,582,11969,-,Male,-,493,Apr,21.04.06,Easy
9268,-,2,22,22.07.31,12,Female,0,-,Holstein,6214,3,50,-,18.07.03,4.1,49.3,1501,2,Fresh,1,-,34.9,215.2,1098,400,681,509,322,0,0,166,1098,400,866,820,763,722,Inseminate,-,0,-,-,-,2893,-,Female,-,50,Jun,22.06.23,Easy
9269,-,1,80,22.08.02,10,Female,0,-,Holstein,7,3,10,-,18.07.03,4.1,49.3,1501,1,Fresh,0,-,17.8,95.5,0,122,692,591,500,106,0,0,0,122,1121,1104,976,927,Report Heat,-,0,-,-,-,13343,-,Male,-,10,Aug,22.08.02,Easy
9270,-,1,80,22.08.09,3,Female,0,-,Holstein,1678,3,3,-,18.07.03,4.1,49.3,1501,1,Fresh,0,-,23.1,50.6,0,51,1148,1010,1088,1001,960,317,0,51,1172,1184,1104,1141,Report Heat,-,0,-,-,-,13380,-,Male,-,3,Aug,22.08.09,-
9271,-,1,80,22.08.07,5,Female,0,-,Holstein,2590,3,5,-,18.07.03,4.1,49.3,1501,1,Fresh,0,-,34.5,130.2,0,130,1135,979,994,872,590,40,0,130,1276,1257,1187,1183,Report Heat,-,0,-,-,-,13365,-,Male,-,5,Aug,22.08.07,-
9273,-,22,1,22.08.01,11,Female,0,-,Holstein,3552,3,41,-,18.07.04,4.1,49.3,1500,22,Fresh,1,-,31.2,226.6,809,426,868,711,601,232,0,0,809,426,1113,1013,916,919,Inseminate,-,0,-,-,-,-,-,-,-,41,Jul,22.07.02,Hard
9274,-,80,75,22.07.23,20,Female,268,21.11.17,Holstein,5836,2,271,-,18.07.04,4.1,49.3,1500,80,"Pregnant, Dry",5,22.02.07,-,-,0,0,1310,1215,1301,1276,1192,533,0,0,200,1262,1386,1392,Conf. Step  Up,Yes,2,22.02.07,-,332,2210,-,Female,-,323,Sep,21.09.23,Hard
9277,-,1,80,22.08.04,8,Female,0,-,Holstein,608,3,9,-,18.07.05,4.1,49.2,1499,1,Fresh,0,-,37.9,188.1,0,216,1082,946,938,904,690,48,0,216,1183,1208,1167,1159,Report Heat,-,0,-,-,-,3003,-,Female,-,9,Aug,22.08.03,Easy
9278,-,7,6,22.07.20,23,Female,150,22.03.15,Holstein,3342,2,342,-,18.07.05,4.1,49.2,1499,7,Pregnant,4,22.06.20,18.5,99,589,195,796,753,784,864,883,773,589,195,880,1064,821,808,Conf. Dry Off,Yes,2,22.06.20,-,469,2148,-,Female,-,342,Sep,21.09.04,-
9279,-,6,5,22.07.31,12,Female,193,22.01.31,Holstein,9943,2,449,-,18.07.06,4.1,49.2,1498,6,Pregnant,4,22.05.02,19.8,122,772,230,1173,995,1162,1098,1025,876,772,230,1396,1258,1144,1213,Conf. Dry Off,Yes,2,22.05.02,-,533,12053,-,Male,-,449,May,21.05.20,-
9280,-,5,4,22.07.31,12,Female,0,22.06.06,Holstein,4369,2,333,-,18.07.06,4.1,49.2,1498,5,Pregnant (1st Preg Check),3,22.07.14,25.2,139.6,836,255,1279,1128,1187,1097,1026,938,836,255,657,1441,1412,1443,2nd Pregn. Check,-,1,22.07.14,-,543,12379,-,Male,-,333,Sep,21.09.13,-
9281,-,6,5,22.07.31,12,Female,190,22.02.03,Holstein,16221,2,440,-,18.07.06,4.1,49.2,1498,6,Pregnant,4,22.05.02,24.3,142.7,1034,273,1382,1260,1337,1257,1297,1149,1034,273,1442,1466,1443,1408,Conf. Dry Off,Yes,2,22.05.02,-,527,12066,-,Male,-,440,May,21.05.29,-
9282,-,2,22,22.07.31,12,Female,0,22.07.26,Holstein,3084,3,109,-,18.07.06,4.1,49.2,1498,2,Bred,1,22.07.23,40.4,240.6,1294,436,830,435,0,136,1224,1381,1294,436,1039,1050,1003,965,Inseminate,-,0,22.07.23,-,369,2771,-,Female,-,109,Apr,22.04.25,-
9283,-,199,190,22.08.02,10,Female,0,22.06.20,Holstein,-,2,300,Yes,18.07.06,4.1,49.2,1498,199,"Cull, Not Pregnant",2,22.04.09,-,-,0,0,0,0,0,0,0,0,0,0,0,0,0,0,Pregn. Check,-,0,22.04.09,-,524,2289,-,Female,-,300,Oct,21.10.16,Easy
9284,-,199,190,22.05.01,103,Female,0,21.08.15,Holstein,-,2,454,Yes,18.07.08,4.1,49.1,1496,199,"Cull, Not Pregnant",1,21.11.08,-,-,0,0,0,0,0,0,0,0,0,0,0,0,0,0,Inseminate,-,0,21.11.08,22.04.19,369,12047,-,Male,-,454,May,21.05.15,Easy
9285,-,5,4,22.07.31,12,Female,0,22.08.08,Holstein,6109,2,327,-,18.07.08,4.1,49.1,1496,5,Bred,1,22.07.04,34.5,197.9,1105,360,1227,1087,1193,1145,1112,1093,1105,360,271,1248,1265,1278,Inseminate,-,0,22.07.04,-,600,12398,-,Male,-,327,Sep,21.09.19,Hard
9286,-,5,4,22.07.31,12,Female,190,22.02.03,Holstein,275,2,295,-,18.07.08,4.1,49.1,1496,5,Pregnant,4,22.05.02,27.7,167,1010,317,1289,1162,1266,1221,1243,1100,1010,317,0,379,1375,1329,Conf. Dry Off,Yes,2,22.05.02,-,382,12519,-,Male,-,295,Oct,21.10.21,-
9287,-,80,75,22.07.16,27,Female,277,21.11.08,Holstein,7108,2,296,-,18.07.08,4.1,49.1,1496,80,"Pregnant, Dry",5,22.02.18,-,-,0,0,605,283,0,0,0,0,0,0,836,748,710,655,Conf. Step  Up,Yes,3,22.02.18,-,467,12026,-,Male,-,467,May,21.05.02,Easy
9288,-,3,2,22.07.31,12,Female,0,22.06.08,Holstein,1369,3,130,-,18.07.08,4.1,49.1,1496,3,Pregnant (1st Preg Check),3,22.07.14,43.8,263.1,1521,489,447,0,0,1281,1673,1551,1521,489,1190,1125,976,886,2nd Pregn. Check,-,1,22.07.14,-,342,12992,-,Male,-,130,Apr,22.04.04,Easy
9289,-,5,4,22.07.31,12,Female,107,22.04.27,Holstein,4584,2,295,-,18.07.09,4.1,49.1,1495,5,Pregnant,4,22.07.16,32.3,186.6,1054,353,1424,1173,1291,1178,1202,1096,1054,353,0,386,1326,1430,Conf. Dry Off,Yes,2,22.07.16,-,465,12521,-,Male,-,295,Oct,21.10.21,-
9290,-,2,22,22.07.31,12,Female,0,22.08.07,Holstein,14927,3,84,-,18.07.09,4.1,49.1,1495,2,Bred,1,-,45.5,273.4,1448,511,718,453,0,0,190,1140,1448,511,1211,1114,992,906,Inseminate,-,0,-,-,356,-,-,-,-,84,May,22.05.20,-
9292,-,1,80,22.07.30,13,Female,0,-,Holstein,1205,3,13,-,18.07.09,4.1,49.1,1495,1,Fresh,0,-,38.9,248.5,60,426,1073,727,851,781,103,0,60,426,1129,1148,1117,1126,Report Heat,-,0,-,-,-,13322,-,Male,-,13,Jul,22.07.30,-
9295,-,199,190,22.06.04,69,Female,0,22.03.13,Holstein,-,2,506,Yes,18.07.10,4.1,49.1,1494,199,"Cull, Not Pregnant",1,22.05.10,-,-,0,0,0,0,0,0,0,0,0,0,0,0,0,0,Inseminate,-,0,22.05.10,-,631,11921,-,Male,-,506,Mar,21.03.24,-
9296,-,6,5,22.07.31,12,Female,104,22.04.30,Holstein,2743,2,300,-,18.07.10,4.1,49.1,1494,6,Pregnant,4,22.08.01,23.4,130.9,812,231,1156,951,1113,1019,1016,915,812,231,0,488,1192,1260,Conf. Dry Off,Yes,2,22.08.01,-,473,12499,-,Male,-,300,Oct,21.10.16,-
9297,-,4,3,22.07.31,12,Female,103,22.05.01,Holstein,4611,2,218,-,18.07.11,4.1,49.1,1493,4,Pregnant,4,22.08.01,34.4,217.6,1261,410,886,1306,1418,1320,1366,1280,1261,410,643,571,157,0,Conf. Dry Off,Yes,2,22.08.01,-,392,12759,-,Male,-,218,Jan,22.01.06,Easy
9298,-,1,80,22.07.30,13,Female,0,-,Holstein,10225,3,13,-,18.07.11,4.1,49.1,1493,1,Fresh,0,-,42.2,255.8,32,427,1330,1168,1182,1084,994,51,32,427,1396,1419,1423,1460,Report Heat,-,0,-,-,-,13325,-,Male,-,13,Jul,22.07.30,-
9299,-,1,80,22.08.05,7,Female,0,-,Holstein,383,3,8,-,18.07.11,4.1,49.1,1493,1,Fresh,0,-,41.1,215.8,0,229,885,693,544,87,0,0,0,229,1205,1124,1019,965,Report Heat,-,0,-,-,-,13356,-,Male,-,8,Aug,22.08.04,Easy
9300,-,75,50,22.08.02,10,Female,227,21.12.28,Holstein,1360,2,362,-,18.07.11,4.1,49.1,1493,75,"Pregnant, Dry",5,22.03.21,-,-,882,11,1461,1269,1318,1299,1240,1050,882,11,1403,1477,1419,1490,Conf. Step  Up,Yes,2,22.03.21,-,422,-,-,-,-,372,Aug,21.08.05,-
9305,-,2,22,22.07.31,12,Female,0,22.08.03,Holstein,4590,3,72,-,18.07.14,4.1,49,1490,2,Bred,1,-,46.7,288,1577,530,552,235,0,0,0,1318,1577,530,782,510,686,718,Inseminate,-,0,-,-,340,2838,-,Female,-,72,Jun,22.06.01,-
9306,-,5,4,22.07.31,12,Female,0,22.07.27,Holstein,3532,2,327,-,18.07.14,4.1,49,1490,5,Bred,1,22.05.06,32.3,199.1,1125,370,1303,1136,1313,1248,1247,1164,1125,370,472,1478,1368,1394,Inseminate,-,0,22.05.06,-,588,2198,-,Female,-,327,Sep,21.09.19,-
9307,-,75,50,22.08.02,10,Female,225,21.12.30,Holstein,6120,2,362,-,18.07.14,4.1,49,1490,75,"Pregnant, Dry",5,22.03.21,-,-,544,5,1350,1192,1196,1079,1025,881,544,5,1605,1545,1403,1369,Conf. Step  Up,Yes,2,22.03.21,-,424,12168,-,Male,-,372,Aug,21.08.05,-
9308,-,7,6,22.07.20,23,Female,188,22.02.05,Holstein,14958,2,328,-,18.07.15,4.1,48.9,1489,7,Pregnant,4,22.05.02,19.4,116.6,656,217,875,781,854,741,791,700,656,217,355,1016,950,888,Conf. Dry Off,Yes,2,22.05.02,-,417,-,-,-,-,328,Sep,21.09.18,-
9309,-,4,3,22.07.31,12,Female,188,22.02.05,Holstein,7147,2,265,-,18.07.15,4.1,48.9,1489,4,Pregnant,4,22.05.02,27.1,169.7,1194,325,1578,1408,1493,1430,1453,1302,1194,325,34,0,372,1516,Conf. Dry Off,Yes,2,22.05.02,-,354,12630,-,Female,-,265,Nov,21.11.20,Easy
9311,-,50,7,22.08.11,1,Female,213,22.01.11,Holstein,5952,2,284,-,18.07.15,4.1,48.9,1489,50,Pregnant,4,22.04.04,16.6,144.1,1020,282,1477,1290,1507,1411,1391,1215,1020,282,73,0,1202,1511,Conf. Dry Off,Yes,2,22.04.04,-,348,2328,-,Female,-,284,Nov,21.11.01,Easy
9313,-,4,3,22.07.31,12,Female,0,22.08.03,Holstein,12307,2,204,-,18.07.16,4.1,48.9,1488,4,Bred,1,22.06.18,40.7,239.8,1017,430,379,1434,1566,1490,1394,1309,1017,430,780,713,466,0,Inseminate,-,0,22.06.18,-,472,12789,-,Male,-,204,Jan,22.01.20,Easy
9316,-,50,7,22.08.11,1,Female,215,22.01.09,Holstein,110,2,358,-,18.07.17,4.1,48.9,1487,50,Pregnant,4,22.04.04,24.2,137.9,1071,286,1298,1175,1271,1275,1220,1174,1071,286,1311,1357,1348,1348,Conf. Dry Off,Yes,2,22.04.04,-,420,2080,-,Female,-,358,Aug,21.08.19,-
9317,-,3,2,22.07.31,12,Female,0,22.07.06,Holstein,7191,3,125,-,18.07.17,4.1,48.9,1487,3,Bred,2,-,35.8,210.7,1158,390,340,0,0,717,1273,1203,1158,390,907,827,699,643,Pregn. Check,-,0,-,-,365,2721,-,Female,-,125,Apr,22.04.09,-
9318,-,80,75,22.08.02,10,Female,259,21.11.26,Holstein,5592,2,331,-,18.07.17,4.1,48.9,1487,80,"Pregnant, Dry",5,22.02.21,-,-,22,0,1290,1159,1172,1077,1061,803,22,0,1348,1314,1293,1320,Conf. Step  Up,Yes,2,22.02.21,-,390,2009,-,Female,-,372,Aug,21.08.05,-
9320,-,7,6,22.06.19,54,Female,195,22.01.29,Holstein,7728,2,443,-,18.07.18,4.1,48.8,1486,7,Pregnant,4,22.05.02,12.1,74.2,453,148,905,700,778,733,653,541,453,148,1102,1117,1086,979,Conf. Dry Off,Yes,2,22.05.02,-,525,1847,-,Female,-,443,May,21.05.26,Easy
9321,-,6,5,22.07.31,12,Female,99,22.05.05,Holstein,356,2,363,-,18.07.18,4.1,48.8,1486,6,Pregnant,4,22.08.01,25.7,153.3,952,292,1150,1052,1102,1057,1072,1030,952,292,1350,1157,1163,1228,Conf. Dry Off,Yes,2,22.08.01,-,541,2061,-,Female,-,363,Aug,21.08.14,-
9322,-,3,2,22.07.31,12,Female,0,22.07.27,Holstein,9940,3,133,-,18.07.18,4.1,48.8,1486,3,Bred,1,-,36.2,211.7,1239,397,706,0,0,1155,1332,1204,1239,397,960,939,903,877,Inseminate,-,0,-,-,394,12986,-,Male,-,133,Apr,22.04.01,Easy
9323,-,80,75,22.07.23,20,Female,267,21.11.18,Holstein,9937,2,303,-,18.07.19,4.1,48.8,1485,80,"Pregnant, Dry",5,22.02.07,-,-,0,0,1325,1169,1207,1135,1100,585,0,0,1227,1411,1327,1381,Conf. Step  Up,Yes,2,22.02.07,-,365,2086,-,Female,-,355,Aug,21.08.22,-
9325,-,80,75,22.08.02,10,Female,260,21.11.25,Holstein,1563,2,285,-,18.07.20,4.1,48.8,1484,80,"Pregnant, Dry",5,22.02.21,-,-,0,0,1358,1189,1269,1175,1141,628,0,0,471,1378,1424,1494,Conf. Step  Up,Yes,2,22.02.21,-,348,2190,-,Female,-,331,Sep,21.09.15,Easy
9328,-,22,1,22.08.04,8,Female,0,-,Holstein,223,3,26,-,18.07.21,4.1,48.7,1483,22,Fresh,0,-,39,243.2,485,439,1038,874,877,771,104,0,485,439,1090,1117,1056,1072,Report Heat,-,0,-,-,-,13286,-,Male,-,26,Jul,22.07.17,-
9329,-,75,50,22.07.16,27,Female,245,21.12.10,Holstein,6743,2,315,-,18.07.21,4.1,48.7,1483,75,"Pregnant, Dry",5,22.02.28,-,-,236,0,941,1020,1107,999,761,718,236,0,1114,1327,1303,1161,Conf. Step  Up,Yes,2,22.02.28,-,374,2140,-,Female,-,342,Sep,21.09.04,-
9330,-,75,50,22.07.23,20,Female,231,21.12.24,Holstein,2996,2,285,-,18.07.21,4.1,48.7,1483,75,"Pregnant, Dry",5,22.03.15,-,-,649,0,1225,1061,1168,1127,1135,983,649,0,0,724,1301,1322,Conf. Step  Up,Yes,2,22.03.15,-,351,2264,-,Female,-,305,Oct,21.10.11,-
9331,-,5,4,22.07.31,12,Female,0,22.08.03,Holstein,3205,2,256,-,18.07.21,4.1,48.7,1483,5,Bred,1,22.06.18,34.3,195.5,1144,364,1640,1434,1435,1352,1330,1223,1144,364,339,0,7,1552,Inseminate,-,0,22.06.18,-,524,12665,-,Male,-,256,Nov,21.11.29,Easy
9332,-,80,75,22.07.16,27,Female,279,21.11.06,Holstein,6690,2,284,-,18.07.22,4.1,48.7,1482,80,"Pregnant, Dry",5,22.02.07,-,-,0,0,1147,957,1095,1014,952,158,0,0,935,1089,1115,1143,Conf. Step  Up,Yes,2,22.02.07,-,343,12308,-,Male,-,345,Sep,21.09.01,Easy
9333,-,80,75,22.08.10,2,Female,255,21.11.30,Holstein,3549,2,319,-,18.07.22,4.1,48.7,1482,80,"Pregnant, Dry",5,22.02.21,-,-,14,0,1040,870,1073,1050,1021,781,14,0,1213,1246,1202,1229,Conf. Step  Up,Yes,2,22.02.21,-,382,12241,-,Male,-,360,Aug,21.08.17,-
9334,-,22,1,22.08.01,11,Female,0,-,Holstein,5410,3,41,-,18.07.23,4.1,48.7,1481,22,Fresh,1,-,50.6,295.2,1387,515,1362,1136,1180,680,0,0,1387,515,1431,1400,1356,1362,Inseminate,-,0,-,-,-,2912,-,Female,-,41,Jul,22.07.02,-
9335,-,75,50,22.07.23,20,Female,231,21.12.24,Holstein,7981,2,327,-,18.07.23,4.1,48.7,1481,75,"Pregnant, Dry",5,22.03.15,-,-,444,0,1244,1018,1201,1055,957,746,444,0,1456,1532,1461,1394,Conf. Step  Up,Yes,2,22.03.15,-,393,2120,-,Female,-,347,Aug,21.08.30,-
9337,-,5,4,22.07.31,12,Female,119,22.04.15,Holstein,6657,2,367,-,18.07.23,4.1,48.7,1481,5,Pregnant,4,22.07.16,31.1,181.5,1026,336,1278,1137,920,1178,1172,1069,1026,336,1465,1482,1368,1358,Conf. Dry Off,Yes,2,22.07.16,22.04.01,525,12197,-,Male,-,367,Aug,21.08.10,-
9339,-,4,3,22.07.31,12,Female,0,22.07.21,Holstein,1418,2,232,-,18.07.24,4.1,48.6,1480,4,Bred,1,22.07.11,36.6,230.6,1268,419,1457,1329,1480,1412,1427,1268,1268,419,666,378,0,244,Inseminate,-,0,22.07.11,-,487,12725,-,Male,-,232,Dec,21.12.23,Easy
9341,-,7,6,22.06.19,54,Female,126,22.04.08,Holstein,3119,2,525,-,18.07.24,4.1,48.6,1480,7,Pregnant,4,22.07.02,9,49.3,481,116,924,823,863,800,664,557,481,116,1312,1235,1114,1023,Conf. Dry Off,Yes,2,22.07.02,22.03.02,676,1676,-,Female,-,525,Mar,21.03.05,Easy
9342,-,199,190,22.03.31,134,Female,0,21.10.13,Holstein,-,1,826,Yes,18.07.24,4.1,48.6,1480,199,"Cull, Not Pregnant",1,21.11.20,-,-,0,0,0,0,0,0,0,0,0,0,0,0,0,0,Inseminate,-,0,21.11.20,-,800,932,-,Female,-,826,May,20.05.08,Easy
9343,-,3,70,22.08.06,6,Female,0,22.08.10,Holstein,3008,2,153,-,18.07.24,4.1,48.6,1480,3,Bred,1,22.07.23,32,205.1,1284,334,78,0,629,1364,1425,1289,1284,334,714,659,597,514,Inseminate,-,0,22.07.23,-,428,12924,-,Male,-,153,Mar,22.03.12,-
9344,-,199,190,22.03.01,164,Female,0,21.08.05,Holstein,-,1,809,Yes,18.07.25,4,48.6,1479,199,"Cull, Not Pregnant",1,21.06.22,-,-,0,0,0,0,0,0,0,0,0,0,0,0,0,0,Inseminate,-,0,21.06.22,-,714,981,-,Female,-,809,May,20.05.25,Easy
9345,-,2,22,22.07.31,12,Female,0,22.06.30,Holstein,4581,3,96,-,18.07.25,4,48.6,1479,2,Pregnant (1st Preg Check),3,22.08.06,44.6,272.3,1511,515,990,838,235,0,1000,1554,1511,515,1242,1211,1125,1063,2nd Pregn. Check,-,1,22.08.06,-,330,2796,-,Female,-,96,May,22.05.08,Hard
9346,-,7,6,22.07.21,22,Female,0,22.06.23,Holstein,5697,2,449,-,18.07.25,4,48.6,1479,7,Pregnant (1st Preg Check),3,22.07.30,16.8,92.3,566,181,900,891,936,851,689,580,566,181,1319,1292,1169,1076,2nd Pregn. Check,-,1,22.07.30,22.06.13,676,12055,-,Male,-,449,May,21.05.20,Easy
9347,-,7,6,22.07.21,22,Female,0,22.07.06,Holstein,1682,2,348,-,18.07.25,4,48.6,1479,7,Bred,2,22.05.11,16.8,98,588,189,936,938,1038,974,951,855,588,189,939,1138,1070,1097,Pregn. Check,-,0,22.05.11,-,588,2113,-,Female,-,348,Aug,21.08.29,-
9348,-,5,1,22.08.08,4,Female,143,22.03.22,Holstein,1505,2,470,-,18.07.25,4,48.6,1479,5,Pregnant,4,22.06.20,17.7,99.8,493,177,1030,772,672,709,703,690,493,177,1109,1127,1034,1009,Conf. Dry Off,Yes,2,22.06.20,-,604,-,-,-,-,470,Apr,21.04.29,Easy
9349,-,199,190,22.02.01,192,Female,0,-,Holstein,-,2,247,Yes,18.07.26,4,48.6,1478,199,"Cull, Not Pregnant",1,-,-,-,0,0,0,0,0,0,0,0,0,0,0,0,0,0,Inseminate,-,0,-,-,-,2406,-,Female,-,247,Dec,21.12.08,-
9350,-,4,7,22.08.10,2,Female,208,22.01.16,Holstein,787,2,263,-,18.07.26,4,48.6,1478,4,Pregnant,4,22.04.11,27,174.7,970,326,1305,1112,1210,1165,1108,965,970,326,441,0,230,1243,Conf. Dry Off,Yes,2,22.04.11,-,332,12643,-,Male,-,263,Nov,21.11.22,Hard
9352,-,7,6,22.07.21,22,Female,0,22.06.21,Holstein,3557,2,361,-,18.07.26,4,48.6,1478,7,Pregnant (1st Preg Check),3,22.07.30,16.7,92,547,176,832,718,660,637,665,596,547,176,771,824,814,804,2nd Pregn. Check,-,1,22.07.30,-,586,12237,-,Male,-,361,Aug,21.08.16,-
9355,-,199,190,22.03.31,134,Female,0,-,Holstein,-,2,254,Yes,18.07.28,4,48.5,1476,199,"Cull, Not Pregnant",1,-,-,-,0,0,0,0,0,0,0,0,0,0,0,0,0,0,Inseminate,-,0,-,-,-,12672,-,Male,-,254,Dec,21.12.01,Easy
9356,-,199,190,22.07.02,41,Female,0,-,Holstein,-,3,69,Yes,18.07.28,4,48.5,1476,199,"Cull, Not Pregnant",1,-,-,-,0,0,0,0,0,0,0,0,0,0,0,0,0,0,Inseminate,-,0,-,-,-,-,-,-,-,69,Jun,22.06.04,Easy
9357,-,199,190,22.07.02,41,Female,0,21.12.17,Holstein,-,2,338,Yes,18.07.28,4,48.5,1476,199,"Cull, Not Pregnant",1,22.03.07,-,-,0,0,0,0,0,0,0,0,0,0,0,0,0,0,Inseminate,-,0,22.03.07,22.06.12,377,-,-,-,-,338,Sep,21.09.08,-
9360,-,75,50,22.07.23,20,Female,231,21.12.24,Holstein,5449,2,296,-,18.07.29,4,48.5,1475,75,"Pregnant, Dry",5,22.03.15,-,-,577,0,1309,1153,1206,1141,1071,932,577,0,14,1275,1414,1364,Conf. Step  Up,Yes,2,22.03.15,-,362,2232,-,Female,-,316,Sep,21.09.30,-
9365,-,4,5,22.08.10,2,Female,175,22.02.18,Holstein,2897,2,342,-,18.07.30,4,48.4,1474,4,Pregnant,4,22.05.16,36.5,221.2,1200,405,1307,1199,1323,1246,1347,1249,1200,405,982,1328,1333,1345,Conf. Dry Off,Yes,2,22.05.16,-,444,12321,-,Male,-,342,Sep,21.09.04,-
9366,-,80,75,22.07.16,27,Female,277,21.11.08,Holstein,544,2,329,-,18.07.31,4,48.4,1473,80,"Pregnant, Dry",5,22.02.07,-,-,0,0,1147,996,1012,964,922,219,0,0,1325,1307,1235,1219,Conf. Step  Up,Yes,2,22.02.07,-,386,12139,-,Male,-,386,Jul,21.07.22,Hard
9367,-,199,190,22.08.02,10,Female,0,22.05.11,Holstein,-,2,295,Yes,18.07.31,4,48.4,1473,199,"Cull, Not Pregnant",1,22.03.31,-,-,0,0,0,0,0,0,0,0,0,0,0,0,0,0,Inseminate,-,0,22.03.31,-,479,2303,-,Female,-,295,Oct,21.10.21,-
9368,-,6,5,22.07.31,12,Female,0,22.06.26,Holstein,5289,2,342,-,18.07.31,4,48.4,1473,6,Pregnant (1st Preg Check),3,22.08.06,28,170.5,989,317,1287,1134,1236,1158,1120,1081,989,317,1172,1310,1223,1263,2nd Pregn. Check,-,1,22.08.06,22.03.09,572,12324,-,Male,-,342,Sep,21.09.04,-
9369,-,5,4,22.07.31,12,Female,152,22.03.13,Holstein,4234,2,297,-,18.07.31,4,48.4,1473,5,Pregnant,4,22.06.20,28.2,160.1,888,294,1096,961,1046,985,1028,924,888,294,0,327,1142,1166,Conf. Dry Off,Yes,2,22.06.20,-,422,12515,-,Male,-,297,Oct,21.10.19,-
9370,-,75,50,22.04.10,124,Female,222,22.01.02,Holstein,4804,1,673,-,18.07.31,4,48.4,1473,75,"Pregnant, Dry",5,22.03.30,-,-,0,0,584,446,313,48,0,0,0,0,708,766,791,753,Conf. Step  Up,Yes,2,22.03.30,21.06.25,852,-,-,-,-,797,Jun,20.06.06,Hard
9373,-,70,4,22.08.11,1,Female,0,22.07.20,Holstein,5609,2,292,-,18.08.01,4,48.4,1472,70,Bred,1,22.06.27,13.7,111.3,752,198,893,991,1033,1056,853,797,752,198,0,200,754,972,Inseminate,-,0,22.06.27,-,546,12540,-,Male,-,292,Oct,21.10.24,Easy
9376,-,2,22,22.07.31,12,Female,0,-,Holstein,3093,3,65,-,18.08.03,4,48.3,1470,2,Fresh,1,-,42.6,273.5,1503,512,835,546,141,0,0,856,1503,512,1152,1092,944,889,Inseminate,-,0,-,-,-,13158,-,Male,-,65,Jun,22.06.08,Easy
9377,-,2,22,22.07.31,12,Female,0,22.08.10,Holstein,1959,2,111,-,18.08.03,4,48.3,1470,2,Bred,1,22.07.23,38.9,233,1243,419,603,426,0,174,1182,1261,1243,419,817,842,808,780,Inseminate,-,0,22.07.23,-,386,-,-,-,-,111,Apr,22.04.23,Easy
9378,-,2,22,22.07.31,12,Female,0,-,Holstein,5918,2,69,-,18.08.03,4,48.3,1470,2,Fresh,1,-,52.4,314,1716,566,947,830,777,0,0,1267,1716,566,1011,1052,876,944,Inseminate,-,0,-,-,-,13153,-,Male,-,69,Jun,22.06.04,Hard
9379,-,6,5,22.07.31,12,Female,0,22.06.22,Holstein,738,2,298,-,18.08.03,4,48.3,1470,6,Open,1,22.07.30,23.2,137.7,804,249,990,910,1023,1030,987,857,804,249,0,408,1196,1205,Inseminate,-,0,22.07.30,-,524,12509,-,Male,-,298,Oct,21.10.18,-
9380,-,5,4,22.07.31,12,Female,97,22.05.07,Holstein,6719,2,347,-,18.08.03,4,48.3,1470,5,Pregnant,4,22.08.01,32,184.6,1063,348,1291,1145,1241,1180,1161,1088,1063,348,1101,1342,1297,1325,Conf. Dry Off,Yes,2,22.08.01,22.04.04,527,12285,-,Male,-,347,Aug,21.08.30,-
9381,-,199,190,22.02.01,192,Female,0,-,Holstein,-,1,780,Yes,18.08.03,4,48.3,1470,199,"Cull, Not Pregnant",1,-,-,-,0,0,0,0,0,0,0,0,0,0,0,0,0,0,Inseminate,-,0,-,-,-,11102,-,Female,-,780,Jun,20.06.23,Hard
9382,-,80,75,22.08.10,2,Female,253,21.12.02,Holstein,1513,2,297,-,18.08.03,4,48.3,1470,80,"Pregnant, Dry",5,22.02.21,-,-,155,0,1443,1229,1400,1345,1130,873,155,0,461,1381,1415,1444,Conf. Step  Up,Yes,2,22.02.21,-,354,2191,-,Female,-,330,Sep,21.09.16,Easy
9387,-,5,4,22.07.31,12,Female,124,22.04.10,Holstein,8312,2,341,-,18.08.04,4,48.3,1469,5,Pregnant,4,22.07.02,32.9,182.3,1108,348,1490,1273,1386,1324,1306,1182,1108,348,996,1490,1528,1516,Conf. Dry Off,Yes,2,22.07.02,-,494,2154,-,Female,-,341,Sep,21.09.05,Easy
9388,-,2,22,22.07.31,12,Female,0,22.06.28,Holstein,3346,3,111,-,18.08.04,4,48.3,1469,2,Open,1,22.08.06,24.4,197.9,1323,400,671,214,0,190,1207,1349,1323,400,1083,1072,925,747,Inseminate,-,0,22.08.06,-,343,2764,-,Female,-,111,Apr,22.04.23,Easy
9389,-,75,50,22.07.23,20,Female,232,21.12.23,Holstein,2948,2,348,-,18.08.04,4,48.3,1469,75,"Pregnant, Dry",5,22.03.15,-,-,453,0,1341,1024,1134,1090,1082,991,453,0,1576,1514,1358,1415,Conf. Step  Up,Yes,2,22.03.15,-,413,12193,-,Male,-,368,Aug,21.08.09,-
9390,-,3,2,22.07.31,12,Female,0,22.06.03,Holstein,243,3,129,-,18.08.05,4,48.2,1468,3,Pregnant (1st Preg Check),3,22.07.14,43.3,261.1,1497,488,340,0,0,1177,1599,1540,1497,488,1124,1128,1022,875,2nd Pregn. Check,-,1,22.07.14,-,336,12997,-,Male,-,129,Apr,22.04.05,Easy
9391,-,3,2,22.07.31,12,Female,0,22.08.04,Holstein,6504,3,134,-,18.08.05,4,48.2,1468,3,Bred,1,-,36.4,210.2,1178,375,492,0,22,1132,1344,1225,1178,375,944,920,878,826,Inseminate,-,0,-,-,403,12981,-,Male,-,134,Mar,22.03.31,-
9392,-,2,22,22.07.31,12,Female,0,22.07.20,Holstein,206,3,108,-,18.08.05,4,48.2,1468,2,Bred,1,-,48.1,292.1,1543,534,951,441,0,128,1361,1549,1543,534,1230,1203,1138,988,Inseminate,-,0,-,-,362,13060,-,Male,-,108,Apr,22.04.26,-
9396,-,1,80,22.08.09,3,Female,0,-,Holstein,5923,2,3,-,18.08.06,4,48.2,1467,1,Fresh,0,-,31.7,72.4,0,73,873,685,685,607,479,0,0,73,941,917,836,868,Report Heat,-,0,-,-,-,3021,-,Female,-,3,Aug,22.08.09,-
9399,-,4,5,22.08.10,2,Female,0,22.07.26,Holstein,1769,2,260,-,18.08.06,4,48.2,1467,4,Bred,1,22.05.19,36.8,217.6,1152,408,1676,1399,1518,1472,1428,1026,1152,408,419,0,181,1561,Inseminate,-,0,22.05.19,-,520,2377,-,Female,-,260,Nov,21.11.25,-
9401,-,80,75,22.08.10,2,Female,250,21.12.05,Holstein,4429,2,261,-,18.08.07,4,48.2,1466,80,"Pregnant, Dry",5,22.02.28,-,-,0,0,1077,903,930,739,132,0,0,0,904,1096,1077,1099,Conf. Step  Up,Yes,2,22.02.28,-,376,12276,-,Male,-,349,Aug,21.08.28,-
9403,-,3,40,22.08.01,11,Female,0,22.06.08,Holstein,503,2,192,-,18.08.08,4,48.1,1465,3,Open,1,22.07.14,18.4,181.7,1090,353,0,849,1151,1139,1232,1094,1090,353,600,496,128,0,Inseminate,-,0,22.07.14,-,404,12817,-,Male,-,192,Feb,22.02.01,Hard
9404,-,4,3,22.07.31,12,Female,142,22.03.23,Holstein,414,2,222,-,18.08.08,4,48.1,1465,4,Pregnant,4,22.06.20,11.1,64.9,414,123,596,673,706,600,552,452,414,123,408,255,0,0,Conf. Dry Off,Yes,2,22.06.20,-,357,12749,-,Male,-,222,Jan,22.01.02,-
9405,-,1,80,22.07.30,13,Female,0,-,Holstein,796,3,13,-,18.08.08,4,48.1,1465,1,Fresh,0,-,42.8,250.3,57,435,1161,1000,988,884,418,0,57,435,1197,1256,1200,1221,Report Heat,-,0,-,-,-,2981,-,Female,-,13,Jul,22.07.30,-
9407,-,199,190,22.05.01,103,Female,0,22.03.13,Holstein,-,2,363,Yes,18.08.09,4,48.1,1464,199,"Cull, Not Pregnant",1,22.04.16,-,-,0,0,0,0,0,0,0,0,0,0,0,0,0,0,Inseminate,-,0,22.04.16,-,488,12223,-,Male,-,363,Aug,21.08.14,-
9408,-,75,50,22.08.02,10,Female,229,21.12.26,Holstein,4689,2,337,-,18.08.09,4,48.1,1464,75,"Pregnant, Dry",5,22.03.21,-,-,773,18,1388,1165,1325,1230,1112,979,773,18,1367,1576,1493,1518,Conf. Step  Up,Yes,2,22.03.21,-,395,2118,-,Female,-,347,Aug,21.08.30,-
9409,-,7,6,22.07.13,30,Female,190,22.02.03,Holstein,1479,2,327,-,18.08.09,4,48.1,1464,7,Pregnant,4,22.05.02,12.3,66.7,466,130,1036,820,911,883,866,624,466,130,269,1134,1123,1138,Conf. Dry Off,Yes,2,22.05.02,-,414,2201,-,Female,-,327,Sep,21.09.19,Easy
9410,-,2,22,22.07.31,12,Female,0,22.08.10,Holstein,7283,2,61,-,18.08.09,4,48.1,1464,2,Bred,1,-,54.4,321.4,1744,599,416,0,0,0,0,832,1744,599,948,897,745,625,Inseminate,-,0,-,-,336,13171,-,Male,-,61,Jun,22.06.12,Hard
9411,-,80,75,22.07.06,37,Female,282,21.11.03,Holstein,6516,2,297,-,18.08.10,4,48.1,1463,80,"Pregnant, Dry",5,22.01.24,-,-,0,0,1230,971,1102,1002,1020,189,0,0,1236,1330,1244,1273,Conf. Step  Up,Yes,2,22.01.24,-,353,2082,-,Female,-,358,Aug,21.08.19,Easy
9414,-,50,7,22.08.11,1,Female,217,22.01.07,Holstein,2769,2,366,-,18.08.11,4,48,1462,50,Pregnant,4,22.03.30,14.2,84.1,610,143,1174,1030,1074,895,823,585,610,143,1113,1162,1101,1094,Conf. Dry Off,Yes,2,22.03.30,-,426,2040,-,Female,-,366,Aug,21.08.11,-
9415,-,22,1,22.08.10,2,Female,0,-,Holstein,891,3,20,-,18.08.11,4,48,1462,22,Fresh,0,-,50.3,276.3,250,484,1354,1215,1211,1120,568,0,250,484,1361,1311,1321,1376,Report Heat,-,0,-,-,-,13308,-,Male,-,20,Jul,22.07.23,-
9416,-,11,10,22.08.10,2,Female,0,-,Holstein,2822,2,55,-,18.08.11,4,48,1462,11,Fresh,1,-,36.9,238.6,1195,451,492,0,0,0,0,294,1195,451,910,896,834,786,Inseminate,-,0,-,-,-,13198,-,Male,-,55,Jun,22.06.18,Hard
9417,-,3,2,22.07.31,12,Female,0,22.07.13,Holstein,6594,2,118,-,18.08.11,4,48,1462,3,Bred,1,-,36.7,210.9,1273,412,420,0,0,547,1454,1362,1273,412,759,662,597,570,Inseminate,-,0,-,-,365,13026,-,Male,-,118,Apr,22.04.16,-
9419,-,7,6,22.07.21,22,Female,0,22.05.20,Holstein,3623,2,394,-,18.08.11,4,48,1462,7,Pregnant (1st Preg Check),3,22.07.04,17,97.4,593,191,957,855,856,792,750,646,593,191,1139,1137,1080,1047,2nd Pregn. Check,-,1,22.07.04,-,587,12123,-,Male,-,394,Jul,21.07.14,-
9420,-,22,1,22.08.01,11,Female,0,-,Holstein,46,3,40,-,18.08.11,4,48,1462,22,Fresh,1,-,50.2,305.5,1216,566,1037,895,918,772,112,0,1216,566,1152,1164,1118,1077,Inseminate,-,0,-,-,-,2914,-,Female,-,40,Jul,22.07.03,Easy
9422,-,75,50,22.07.23,20,Female,233,21.12.22,Holstein,6499,1,589,-,18.08.11,4,48,1462,75,"Pregnant, Dry",5,22.03.15,-,-,337,0,822,686,808,782,730,506,337,0,906,907,877,802,Conf. Step  Up,Yes,2,22.03.15,-,653,11691,-,Male,-,609,Dec,20.12.11,Hard
9423,-,75,50,22.07.10,33,Female,247,21.12.08,Holstein,6638,2,411,-,18.08.11,4,48,1462,75,"Pregnant, Dry",5,22.02.28,-,-,107,0,888,872,854,809,741,623,107,0,1032,1021,956,893,Conf. Step  Up,Yes,2,22.02.28,-,474,12060,-,Male,-,444,May,21.05.25,Normal
9425,-,75,50,22.08.02,10,Female,229,21.12.26,Holstein,690,2,384,-,18.08.11,4,48,1462,75,"Pregnant, Dry",5,22.03.21,-,-,713,10,1196,1019,1068,989,992,940,713,10,1278,1073,1172,1217,Conf. Step  Up,Yes,2,22.03.21,-,442,1927,-,Female,-,394,Jul,21.07.14,-
9426,-,5,4,22.07.31,12,Female,0,22.08.04,Holstein,3440,2,297,-,18.08.12,4,48,1461,5,Bred,1,22.06.18,36.1,206.5,1193,383,1464,1236,1415,1380,1383,1284,1193,383,0,505,1559,1513,Inseminate,-,0,22.06.18,-,566,12516,-,Male,-,297,Oct,21.10.19,Easy
9428,-,75,50,22.07.10,33,Female,243,21.12.12,Holstein,7922,2,306,-,18.08.12,4,48,1461,75,"Pregnant, Dry",5,22.03.07,-,-,87,0,1110,988,1089,1055,1028,763,87,0,825,1180,1213,1165,Conf. Step  Up,Yes,2,22.03.07,-,373,12344,-,Male,-,339,Sep,21.09.07,Easy
9433,-,1,80,22.07.27,16,Female,0,-,Holstein,3961,3,16,-,18.08.14,4,47.9,1459,1,Fresh,0,-,27.1,228,142,423,884,697,595,255,0,0,142,423,1119,1051,967,922,Report Heat,-,0,-,-,-,13312,-,Male,-,16,Jul,22.07.27,-
9434,-,80,75,22.07.16,27,Female,275,21.11.10,Holstein,14054,2,282,-,18.08.14,4,47.9,1459,80,"Pregnant, Dry",5,22.02.07,-,-,0,0,1217,1026,1143,1109,1049,311,0,0,775,1321,1225,1260,Conf. Step  Up,Yes,2,22.02.07,-,341,2158,-,Female,-,339,Sep,21.09.07,Easy
9435,-,199,190,22.02.01,192,Female,0,-,Holstein,-,2,224,Yes,18.08.14,4,47.9,1459,199,"Cull, Not Pregnant",1,-,-,-,0,0,0,0,0,0,0,0,0,0,0,0,0,0,Inseminate,-,0,-,-,-,-,-,-,-,224,Dec,21.12.31,-
9436,-,4,3,22.07.31,12,Female,186,22.02.07,Holstein,15210,2,247,-,18.08.15,4,47.9,1458,4,Pregnant,4,22.05.02,37.6,228.4,1348,432,1485,1339,1460,1419,1430,1382,1348,432,909,596,0,885,Conf. Dry Off,Yes,2,22.05.02,-,338,2407,-,Female,-,247,Dec,21.12.08,-
9437,-,75,25,22.02.22,171,Female,239,21.12.16,Holstein,3,1,620,-,18.08.15,4,47.9,1458,75,"Pregnant, Dry",5,22.02.18,-,-,0,0,483,302,0,0,0,0,0,0,805,707,695,634,Conf. Step  Up,Yes,2,22.02.18,21.07.31,829,1013,-,Female,-,791,Jun,20.06.12,-
9439,-,75,50,22.07.23,20,Female,239,21.12.16,Holstein,7287,2,318,-,18.08.16,4,47.9,1457,75,"Pregnant, Dry",5,22.03.07,-,-,613,0,1414,1213,1394,1345,1340,1165,613,0,983,1529,1462,1421,Conf. Step  Up,Yes,2,22.03.07,-,376,12356,-,Male,-,338,Sep,21.09.08,-
9443,-,7,6,22.07.13,30,Female,195,22.01.29,Holstein,4437,2,407,-,18.08.16,4,47.9,1457,7,Pregnant,4,22.05.02,12.8,71.2,654,160,1241,1052,1041,1045,919,740,654,160,1185,1187,1235,1293,Conf. Dry Off,Yes,2,22.05.02,-,489,12104,-,Male,-,407,Jul,21.07.01,-
9444,-,2,22,22.07.31,12,Female,0,-,Holstein,3100,2,51,-,18.08.16,4,47.9,1457,2,Fresh,1,-,59.2,341.3,1686,630,609,653,598,0,0,351,1686,630,907,955,740,756,Inseminate,-,0,-,-,-,2889,-,Female,-,51,Jun,22.06.22,Easy
9451,-,1,40,22.08.10,2,Female,0,-,Holstein,2259,3,6,-,18.08.18,4,47.8,1455,1,Fresh,0,-,20.8,76.6,0,77,1389,1211,1322,1197,928,103,0,77,667,1381,1393,1402,Report Heat,-,0,-,-,-,13362,-,Male,-,6,Aug,22.08.06,-
9453,-,6,5,22.07.31,12,Female,0,22.05.27,Holstein,3435,2,376,-,18.08.18,4,47.8,1455,6,Pregnant (1st Preg Check),3,22.07.11,29.6,162.9,1088,316,1392,1219,1286,1243,1242,1187,1088,316,1515,1477,1377,1368,2nd Pregn. Check,-,1,22.07.11,-,576,12158,-,Male,-,376,Aug,21.08.01,-
9456,-,5,4,22.07.31,12,Female,0,22.07.06,Holstein,611,2,335,-,18.08.19,4,47.8,1454,5,Open,1,22.05.19,30.3,186.3,987,337,1149,1011,1129,1078,1040,982,987,337,625,1268,1165,1231,Inseminate,-,0,22.05.19,-,575,-,-,-,-,335,Sep,21.09.11,-
9458,-,22,1,22.08.01,11,Female,0,-,Holstein,5788,2,31,-,18.08.19,4,47.8,1454,22,Fresh,0,-,53.4,297.7,795,551,165,0,0,0,0,0,795,551,688,641,582,587,Report Heat,-,0,-,-,-,13263,-,Male,-,31,Jul,22.07.12,Easy
9459,-,5,4,22.07.31,12,Female,173,22.02.20,Holstein,5691,2,321,-,18.08.21,4,47.7,1452,5,Pregnant,4,22.05.16,29.7,187.5,1008,345,1311,1106,1197,1154,1126,987,1008,345,95,886,1425,1423,Conf. Dry Off,Yes,2,22.05.16,-,425,12424,-,Male,-,321,Sep,21.09.25,-
9460,-,3,2,22.07.31,12,Female,0,22.07.26,Holstein,1668,2,157,-,18.08.21,4,47.7,1452,3,Bred,1,22.06.27,41.4,233.6,1322,439,99,0,908,1539,1616,1515,1322,439,743,715,721,594,Inseminate,-,0,22.06.27,-,417,-,-,-,-,157,Mar,22.03.08,-
9463,-,7,6,22.08.10,2,Female,196,22.01.28,Holstein,2841,2,368,-,18.08.21,4,47.7,1452,7,Pregnant,4,22.04.18,19.5,136,882,259,1279,1129,1182,1136,1096,958,882,259,1328,1301,1263,1293,Conf. Dry Off,Yes,2,22.04.18,-,449,12192,-,Male,-,368,Aug,21.08.09,-
9464,-,4,3,22.07.31,12,Female,179,22.02.14,Holstein,2690,2,345,-,18.08.21,4,47.7,1452,4,Pregnant,4,22.05.16,38.3,222,1297,425,1619,1405,1566,1514,1496,1288,1297,425,1216,1526,1502,1608,Conf. Dry Off,Yes,2,22.05.16,-,443,12314,-,Male,-,345,Sep,21.09.01,Easy
9467,-,199,190,22.03.31,134,Female,0,-,Holstein,-,2,155,Yes,18.08.22,4,47.7,1451,199,"Cull, Not Pregnant",1,-,-,-,0,0,0,0,0,0,0,0,0,0,0,0,0,0,Inseminate,-,0,-,-,-,-,-,-,-,155,Mar,22.03.10,Hard
9468,-,2,22,22.07.31,12,Female,0,22.07.13,Holstein,6512,3,115,-,18.08.22,4,47.7,1451,2,Open,1,-,39.2,252,1351,449,866,267,0,361,1367,1376,1351,449,1105,1103,990,922,Inseminate,-,0,-,-,362,2754,-,Female,-,115,Apr,22.04.19,Easy
9469,-,80,75,22.07.23,20,Female,264,21.11.21,Holstein,2277,2,277,-,18.08.22,4,47.7,1451,80,"Pregnant, Dry",5,22.02.21,-,-,0,0,1266,1070,1182,1134,1157,652,0,0,216,1375,1385,1313,Conf. Step  Up,Yes,2,22.02.21,-,336,2213,-,Female,-,323,Sep,21.09.23,Easy
9470,-,4,3,22.07.31,12,Female,0,22.07.20,Holstein,10686,2,290,-,18.08.22,4,47.7,1451,4,Bred,1,22.06.20,36,218,1233,406,1502,1267,1409,1329,1374,958,1233,406,0,128,1323,1551,Inseminate,-,0,22.06.20,-,544,12547,-,Male,-,290,Oct,21.10.26,Hard
9472,-,4,3,22.07.31,12,Female,0,22.07.27,Holstein,1114,2,261,-,18.08.22,4,47.7,1451,4,Bred,1,22.07.23,40.2,248.4,1408,453,1660,1437,1544,1540,1490,1414,1408,453,948,29,210,1537,Inseminate,-,0,22.07.23,-,522,2376,-,Female,-,261,Nov,21.11.24,-
9473,-,75,50,22.07.23,20,Female,233,21.12.22,Holstein,5962,2,356,-,18.08.22,4,47.7,1451,75,"Pregnant, Dry",5,22.03.15,-,-,699,0,1338,1175,1223,1165,1147,1081,699,0,1469,1458,1387,1388,Conf. Step  Up,Yes,2,22.03.15,-,420,1996,-,Female,-,376,Aug,21.08.01,-
9474,-,3,2,22.07.31,12,Female,0,22.08.04,Holstein,2227,2,139,-,18.08.23,4,47.6,1450,3,Bred,1,-,42.6,250.2,1483,467,0,0,151,1462,1719,1453,1483,467,720,673,574,272,Inseminate,-,0,-,-,408,12964,-,Male,-,139,Mar,22.03.26,Easy
9475,-,80,75,22.08.02,10,Female,258,21.11.27,Holstein,14035,2,278,-,18.08.23,4,47.6,1450,80,"Pregnant, Dry",5,22.02.21,-,-,0,0,1107,1000,1101,1115,1018,551,0,0,202,1130,1193,1210,Conf. Step  Up,Yes,2,22.02.21,-,343,12410,-,Male,-,324,Sep,21.09.22,-
9478,-,22,1,22.08.01,11,Female,0,-,Holstein,9842,3,33,-,18.08.24,4,47.6,1449,22,Fresh,0,-,52.5,306.7,868,559,864,579,836,789,11,0,868,559,1169,1328,1244,1235,Report Heat,-,0,-,-,-,13259,-,Male,-,33,Jul,22.07.10,Easy
9479,-,5,4,22.07.31,12,Female,0,22.08.10,Holstein,1937,2,298,-,18.08.24,4,47.6,1449,5,Bred,1,22.08.06,28.3,156,950,289,1294,1114,1209,1135,1117,1000,950,289,0,419,1273,1340,Inseminate,-,0,22.08.06,-,573,2293,-,Female,-,298,Oct,21.10.18,Easy
9482,-,4,3,22.07.31,12,Female,0,22.03.02,Holstein,4854,2,232,-,18.08.25,4,47.6,1448,4,Aborted,1,22.05.30,37.3,218.3,1209,403,1257,1161,1327,1249,1237,1200,1209,403,645,472,0,219,Inseminate,-,0,22.05.30,22.08.03,346,2437,-,Female,-,232,Dec,21.12.23,Easy
9483,-,50,7,22.08.11,1,Female,215,22.01.09,Holstein,9684,2,347,-,18.08.25,4,47.6,1448,50,Pregnant,4,22.04.04,25.1,171.7,1024,320,1267,1097,1235,1203,1201,1044,1024,320,1086,1320,1101,1192,Conf. Dry Off,Yes,2,22.04.04,-,409,12286,-,Male,-,347,Aug,21.08.30,-
9486,-,22,1,22.08.01,11,Female,0,-,Holstein,5264,3,27,-,18.08.25,4,47.6,1448,22,Fresh,0,-,44.8,266,545,486,902,734,659,250,0,0,545,486,1026,1014,957,923,Report Heat,-,0,-,-,-,13280,-,Male,-,27,Jul,22.07.16,-
9488,-,80,75,22.08.02,10,Female,259,21.11.26,Holstein,4641,2,331,-,18.08.26,4,47.5,1447,80,"Pregnant, Dry",5,22.02.21,-,-,21,0,1274,1089,714,1013,1066,899,21,0,1300,1372,1309,1329,Conf. Step  Up,Yes,2,22.02.21,-,390,12176,-,Male,-,372,Aug,21.08.05,Easy
9489,-,22,1,22.08.10,2,Female,0,-,Holstein,218,2,22,-,18.08.26,4,47.5,1447,22,Fresh,0,-,24,222.8,345,413,203,0,0,0,0,0,345,413,572,553,558,527,Report Heat,-,0,-,-,-,13299,-,Male,-,22,Jul,22.07.21,-
9490,-,6,5,22.07.31,12,Female,151,22.03.14,Holstein,4809,2,421,-,18.08.26,4,47.5,1447,6,Pregnant,4,22.06.20,27.1,169.3,1015,325,1237,1153,1171,1151,1038,1073,1015,325,1269,1269,1167,1189,Conf. Dry Off,Yes,2,22.06.20,-,547,12086,12087,Male,Male,421,Jun,21.06.17,Easy
9492,-,4,5,22.08.10,2,Female,0,22.07.21,Holstein,6734,2,298,-,18.08.27,4,47.5,1446,4,Bred,1,22.06.12,38.9,220,1248,410,1419,1239,1505,1410,1396,1254,1248,410,0,410,1422,1638,Inseminate,-,0,22.06.12,-,553,12510,-,Female,-,298,Oct,21.10.18,Easy
9494,-,199,190,22.06.04,69,Female,0,22.03.15,Holstein,-,2,405,Yes,18.08.27,4,47.5,1446,199,"Cull, Not Pregnant",1,22.05.10,-,-,0,0,0,0,0,0,0,0,0,0,0,0,0,0,Inseminate,-,0,22.05.10,-,532,12108,-,Male,-,405,Jul,21.07.03,-
9499,-,22,1,22.08.04,8,Female,0,-,Holstein,13279,3,26,-,18.08.28,4,47.5,1445,22,Fresh,0,-,38.5,225.2,460,407,746,671,591,238,0,0,460,407,835,803,792,781,Report Heat,-,0,-,-,-,2951,-,Female,-,26,Jul,22.07.17,-
9501,-,22,1,22.08.01,11,Female,0,-,Holstein,1381,3,29,-,18.08.29,4,47.4,1444,22,Fresh,0,-,42.8,256.9,666,468,1001,766,823,735,103,0,666,468,1226,1156,1059,1058,Report Heat,-,0,-,-,-,2944,-,Female,-,29,Jul,22.07.14,-
9504,-,7,6,22.07.20,23,Female,120,22.04.14,Holstein,804,2,393,-,18.08.30,4,47.4,1443,7,Pregnant,4,22.07.16,16.3,104.4,623,196,1019,896,967,843,752,700,623,196,1091,971,949,976,Conf. Dry Off,Yes,2,22.07.16,22.04.03,550,12126,-,Male,-,393,Jul,21.07.15,Easy
9505,-,22,1,22.08.10,2,Female,0,-,Holstein,2979,3,20,-,18.08.30,4,47.4,1443,22,Fresh,0,-,49.1,280.2,329,505,1165,1117,1157,1102,544,0,329,505,1287,1260,1247,1223,Report Heat,-,0,-,-,-,2962,-,Female,-,20,Jul,22.07.23,-
9506,-,1,80,22.07.28,15,Female,0,-,Holstein,6045,3,16,-,18.08.30,4,47.4,1443,1,Fresh,0,-,50.1,286.8,129,507,1317,1051,1104,1021,461,0,129,507,1483,1438,1351,1357,Report Heat,-,0,-,-,-,2976,-,Female,-,16,Jul,22.07.27,Easy
9507,-,1,80,22.07.30,13,Female,0,-,Holstein,5534,3,13,-,18.08.30,4,47.4,1443,1,Fresh,0,-,34.9,204.7,20,346,946,801,788,709,256,0,20,346,1138,1080,1001,990,Report Heat,-,0,-,-,-,13326,-,Male,-,13,Jul,22.07.30,-
9508,-,5,4,22.07.31,12,Female,0,22.07.28,Holstein,7070,1,569,-,18.08.31,3.9,47.4,1442,5,Bred (Aborted) ,1,22.05.16,28.3,169,877,296,801,739,897,875,802,836,877,296,992,981,901,827,Inseminate,-,0,22.05.16,22.06.07,831,11823,-,Male,-,569,Jan,21.01.20,-
9511,-,80,75,22.07.16,27,Female,279,21.11.06,Holstein,2469,2,386,-,18.09.01,3.9,47.3,1441,80,"Pregnant, Dry",5,22.02.07,-,-,0,0,1277,1101,1012,998,1072,202,0,0,1381,1421,1345,1308,Conf. Step  Up,Yes,2,22.02.07,-,445,1835,-,Female,-,447,May,21.05.22,Easy
9513,-,40,7,22.08.11,1,Female,0,22.06.04,Holstein,5770,2,354,-,18.09.02,3.9,47.3,1440,40,Open,1,22.07.14,4,72.2,494,160,789,761,753,836,810,699,494,160,1298,1213,1073,634,Inseminate,-,0,22.07.14,-,562,2090,-,Female,-,354,Aug,21.08.23,-
9514,-,75,50,22.08.02,10,Female,224,21.12.31,Holstein,1680,2,345,-,18.09.02,3.9,47.3,1440,75,"Pregnant, Dry",5,22.03.21,-,-,938,36,1272,1136,1223,1186,1204,1029,938,36,1242,1348,1257,1316,Conf. Step  Up,Yes,2,22.03.21,-,408,12258,-,Male,-,355,Aug,21.08.22,-
9515,-,75,50,22.08.02,10,Female,226,21.12.29,Holstein,987,2,307,-,18.09.02,3.9,47.3,1440,75,"Pregnant, Dry",5,22.03.21,-,-,848,20,1103,864,1069,1021,998,938,848,20,16,948,981,1154,Conf. Step  Up,Yes,2,22.03.21,-,368,2227,-,Female,-,317,Sep,21.09.29,-
9517,-,199,190,22.02.01,192,Female,0,21.09.26,Holstein,-,1,709,Yes,18.09.03,3.9,47.3,1439,199,"Cull, Not Pregnant",1,21.09.26,-,-,0,0,0,0,0,0,0,0,0,0,0,0,0,0,Inseminate,-,0,21.09.26,-,666,1208,-,Female,-,709,Sep,20.09.02,-
9518,-,75,25,22.04.24,110,Female,197,22.01.27,Holstein,9290,1,623,-,18.09.03,3.9,47.3,1439,75,"Pregnant, Dry",5,22.04.18,-,-,0,0,617,529,533,264,0,0,0,0,756,777,763,717,Conf. Step  Up,Yes,2,22.04.18,-,813,1144,-,Female,-,733,Aug,20.08.09,Easy
9520,-,7,4,21.12.27,228,Female,0,21.11.09,Holstein,7015,2,376,-,18.09.03,3.9,47.3,1439,7,Open,1,21.12.23,23.6,125,640,241,695,650,752,694,639,626,640,241,1241,1198,960,866,Inseminate,-,0,21.12.23,-,377,1994,-,Female,-,376,Aug,21.08.01,-
9523,-,3,2,22.07.31,12,Female,0,22.08.03,Holstein,1886,3,121,-,18.09.06,3.9,47.2,1436,3,Bred,1,22.07.14,42.4,219.5,1324,423,918,164,0,554,1312,1365,1324,423,1158,1178,1065,964,Inseminate,-,0,22.07.14,-,389,13017,-,Male,-,121,Apr,22.04.13,-
9525,-,5,4,22.07.31,12,Female,0,22.07.30,Holstein,3448,2,307,-,18.09.07,3.9,47.1,1435,5,Bred,1,22.06.29,28.7,152.1,976,297,1316,1116,1201,1194,1187,1054,976,297,0,905,1411,1424,Inseminate,-,0,22.06.29,-,571,2257,-,Female,-,307,Oct,21.10.09,Easy
9527,-,50,7,22.08.11,1,Female,213,22.01.11,Holstein,1736,2,318,-,18.09.08,3.9,47.1,1434,50,Pregnant,4,22.04.04,23.6,153,1002,290,1342,1135,1209,1184,1159,1029,1002,290,50,1278,1434,1401,Conf. Dry Off,Yes,2,22.04.04,-,382,2224,-,Female,-,318,Sep,21.09.28,-
9528,-,4,3,22.07.31,12,Female,0,22.07.28,Holstein,1698,2,274,-,18.09.08,3.9,47.1,1434,4,Bred,1,22.07.23,23.9,212.8,1266,398,1570,1438,1539,1496,1373,1302,1266,398,477,0,813,1613,Inseminate,-,0,22.07.23,-,536,12600,-,Male,-,274,Nov,21.11.11,-
9529,-,80,75,22.08.10,2,Female,255,21.11.30,Holstein,1699,2,317,-,18.09.08,3.9,47.1,1434,80,"Pregnant, Dry",5,22.02.21,-,-,18,0,1192,888,924,852,733,509,18,0,1386,1380,1254,1291,Conf. Step  Up,Yes,2,22.02.21,-,380,12251,-,Male,-,358,Aug,21.08.19,-
9531,-,2,22,22.07.31,12,Female,0,-,Holstein,34,3,57,-,18.09.07,3.9,47.1,1435,2,Fresh,1,-,46.6,273,1567,516,975,775,790,157,0,475,1567,516,1167,1110,1056,1003,Inseminate,-,0,-,-,-,-,-,-,-,57,Jun,22.06.16,Easy
9532,-,3,2,22.07.31,12,Female,0,22.07.29,Holstein,527,2,148,-,18.09.08,3.9,47.1,1434,3,Bred,1,22.07.23,35.9,222.6,1268,418,65,0,526,1430,1431,1306,1268,418,819,757,695,546,Inseminate,-,0,22.07.23,-,411,12936,-,Male,-,148,Mar,22.03.17,Easy
9533,-,2,22,22.07.31,12,Female,0,22.07.16,Holstein,1697,2,100,-,18.09.08,3.9,47.1,1434,2,Bred,1,-,50.4,309.7,1678,578,775,604,0,0,1069,1631,1678,578,990,978,920,886,Inseminate,-,0,-,-,350,2793,-,Female,-,100,May,22.05.04,Easy
9534,-,4,3,22.07.31,12,Female,0,22.07.24,Holstein,3529,2,241,-,18.09.09,3.9,47.1,1433,4,Bred,1,22.06.19,41.5,263.1,1355,514,1406,1286,1439,1395,1417,1356,1355,514,911,598,0,586,Inseminate,-,0,22.06.19,-,499,12698,-,Male,-,241,Dec,21.12.14,Normal
9535,-,3,2,22.07.31,12,Female,0,22.08.09,Holstein,1673,2,348,-,18.09.09,3.9,47.1,1433,3,Bred,1,-,35.5,203.1,998,389,1341,1114,1264,1213,1134,1176,998,389,1177,1393,1422,1394,Inseminate,-,0,-,-,622,12280,-,Male,-,348,Aug,21.08.29,-
9536,-,4,3,22.07.31,12,Female,0,22.07.06,Holstein,1344,2,274,-,18.09.09,3.9,47.1,1433,4,Bred,2,22.04.26,37.4,228.9,1215,427,1335,1198,1337,1320,1284,1240,1215,427,198,0,725,1359,Pregn. Check,-,0,22.04.26,-,514,2347,-,Female,-,274,Nov,21.11.11,-
9537,-,75,50,22.08.11,1,Female,198,22.01.26,Holstein,8061,1,768,-,18.09.11,3.9,47,1431,75,"Pregnant, Dry",5,22.04.18,5.6,35.1,423,95,829,723,692,653,643,453,423,95,998,952,903,871,Conf. Step  Up,Yes,2,22.04.18,-,848,-,-,-,-,769,Jul,20.07.04,-
9538,-,4,3,22.07.31,12,Female,0,22.08.08,Holstein,11604,2,260,-,18.09.12,3.9,47,1430,4,Bred,1,22.07.11,42.5,240.4,1410,438,1519,1435,1536,1489,1508,1448,1410,438,866,41,184,1423,Inseminate,-,0,22.07.11,-,533,12649,-,Male,-,260,Nov,21.11.25,-
9541,-,75,50,22.07.23,20,Female,241,21.12.14,Holstein,4681,2,321,-,18.09.12,3.9,47,1430,75,"Pregnant, Dry",5,22.03.07,-,-,626,0,1381,1211,1383,1295,1204,1039,626,0,929,1336,1332,1440,Conf. Step  Up,Yes,2,22.03.07,-,377,2149,-,Female,-,341,Sep,21.09.05,-
9546,-,80,75,22.07.06,37,Female,281,21.11.04,Holstein,3417,2,284,-,18.09.13,3.9,46.9,1429,80,"Pregnant, Dry",5,22.01.24,-,-,0,0,1102,1010,1061,1011,894,157,0,0,821,1041,1044,1155,Conf. Step  Up,Yes,2,22.01.24,-,341,-,-,-,-,345,Sep,21.09.01,-
9547,-,5,4,22.07.31,12,Female,0,22.06.03,Holstein,15134,2,302,-,18.09.13,3.9,46.9,1429,5,Pregnant (1st Preg Check),3,22.07.14,32.4,177,1003,336,1193,966,1095,1134,1151,980,1003,336,0,496,1225,1261,2nd Pregn. Check,-,1,22.07.14,-,509,12491,-,Male,-,302,Oct,21.10.14,Easy
9550,-,4,3,22.07.31,12,Female,0,22.06.26,Holstein,7354,2,227,-,18.09.13,3.9,46.9,1429,4,Pregnant (1st Preg Check),3,22.08.06,40.6,251.4,1457,468,1440,1534,1671,1541,1574,1207,1457,468,1033,807,0,84,2nd Pregn. Check,-,1,22.08.06,-,457,12735,-,Male,-,227,Dec,21.12.28,Easy
9552,-,4,3,22.07.31,12,Female,132,22.04.02,Holstein,9110,2,268,-,18.09.14,3.9,46.9,1428,4,Pregnant,4,22.07.02,35.5,205.4,1182,386,1459,1276,1410,1384,1365,1095,1182,386,456,0,451,1418,Conf. Dry Off,Yes,2,22.07.02,-,413,12624,-,Male,-,268,Nov,21.11.17,Easy
9555,-,7,4,22.08.10,2,Female,211,22.01.13,Holstein,8596,2,288,-,18.09.15,3.9,46.9,1427,7,Pregnant,4,22.04.04,10.9,94.8,650,190,794,736,824,794,812,733,650,190,235,14,485,763,Conf. Dry Off,Yes,2,22.04.04,-,354,2316,-,Female,-,288,Oct,21.10.28,-
9560,-,80,75,22.08.10,2,Female,253,21.12.02,Holstein,156,2,253,-,18.09.15,3.9,46.9,1427,80,"Pregnant, Dry",5,22.02.21,-,-,0,0,953,765,689,453,7,0,0,0,1205,1272,1193,1147,Conf. Step  Up,Yes,2,22.02.21,-,380,12257,-,Male,-,356,Aug,21.08.21,-
9570,-,1,80,22.08.04,8,Female,0,-,Holstein,6624,3,8,-,18.09.19,3.9,46.8,1423,1,Fresh,0,-,40,204.4,0,232,1375,1188,1241,1187,1116,54,0,232,1321,1443,1393,1436,Report Heat,-,0,-,-,-,3004,-,Female,-,8,Aug,22.08.04,Easy
9574,-,5,4,22.07.31,12,Female,149,22.03.16,Holstein,4550,2,295,-,18.09.19,3.9,46.8,1423,5,Pregnant,4,22.06.20,34.2,200.8,1151,381,1201,1138,1266,1244,1314,1210,1151,381,0,375,1296,1289,Conf. Dry Off,Yes,2,22.06.20,-,423,12518,-,Male,-,295,Oct,21.10.21,-
9576,-,22,1,22.08.10,2,Female,0,-,Holstein,7991,2,22,-,18.09.20,3.9,46.7,1422,22,Fresh,0,-,51.5,285.2,495,531,844,765,856,807,124,0,495,531,1108,1047,925,883,Report Heat,-,0,-,-,-,13294,-,Male,-,22,Jul,22.07.21,-
9584,-,75,50,22.07.23,20,Female,238,21.12.17,Holstein,4597,2,282,-,18.09.22,3.9,46.7,1420,75,"Pregnant, Dry",5,22.03.07,-,-,511,0,1368,1180,1270,1199,1138,945,511,0,0,634,1418,1470,Conf. Step  Up,Yes,2,22.03.07,-,341,2278,-,Female,-,302,Oct,21.10.14,Easy
9585,-,6,5,22.07.31,12,Female,191,22.02.02,Holstein,6613,2,362,-,18.09.22,3.9,46.7,1420,6,Pregnant,4,22.05.02,20.9,115.5,809,232,1098,992,1026,954,963,907,809,232,1244,1281,1224,1185,Conf. Dry Off,Yes,2,22.05.02,-,448,12231,-,Male,-,362,Aug,21.08.15,-
9587,-,199,190,22.06.04,69,Female,0,22.02.07,Holstein,-,1,760,Yes,18.09.23,3.9,46.6,1419,199,"Cull, Not Pregnant",1,22.03.22,-,-,0,0,0,0,0,0,0,0,0,0,0,0,0,0,Inseminate,-,0,22.03.22,-,851,1083,-,Female,-,760,Jul,20.07.13,Easy
9593,-,1,80,22.07.29,14,Female,0,-,Holstein,6517,2,15,-,18.09.26,3.9,46.5,1416,1,Fresh,0,-,38.8,226.5,91,402,632,431,0,0,0,0,91,402,763,740,709,673,Report Heat,-,0,-,-,-,2979,-,Female,-,15,Jul,22.07.28,Easy
9596,-,80,75,22.07.23,20,Female,270,21.11.15,Holstein,6151,2,268,-,18.09.26,3.9,46.5,1416,80,"Pregnant, Dry",5,22.02.07,-,-,0,0,941,817,915,896,859,491,0,0,94,1070,1076,1053,Conf. Step  Up,Yes,2,22.02.07,-,327,12426,-,Male,-,320,Sep,21.09.26,-
9597,-,5,4,22.07.31,12,Female,0,22.06.06,Holstein,15779,2,323,-,18.09.27,3.9,46.5,1415,5,Pregnant (1st Preg Check),3,22.07.14,30.3,208.3,1115,392,1358,1202,1302,1300,1262,1059,1115,392,199,1218,1292,1420,2nd Pregn. Check,-,1,22.07.14,-,533,2211,-,Female,-,323,Sep,21.09.23,Easy
9600,-,199,190,22.03.01,164,Female,0,21.09.03,Holstein,-,1,757,Yes,18.09.30,3.9,46.4,1412,199,"Cull, Not Pregnant",1,21.11.27,-,-,0,0,0,0,0,0,0,0,0,0,0,0,0,0,Inseminate,-,0,21.11.27,22.02.09,691,1090,-,Male,-,757,Jul,20.07.16,Normal
9606,-,3,2,22.07.31,12,Female,0,22.08.09,Holstein,1787,2,193,-,18.09.29,3.9,46.4,1413,3,Bred,1,-,33.7,223.8,1371,430,21,1229,1545,1501,1498,1429,1371,430,924,891,846,366,Inseminate,-,0,-,-,467,2565,-,Female,-,193,Jan,22.01.31,-
9615,-,75,50,22.07.10,33,Female,236,21.12.19,Holstein,676,2,323,-,18.10.01,3.9,46.4,1411,75,"Pregnant, Dry",5,22.03.15,-,-,51,0,1075,903,837,640,488,357,51,0,1162,1253,1200,1189,Conf. Step  Up,Yes,2,22.03.15,-,397,12256,-,Male,-,356,Aug,21.08.21,-
9616,-,6,5,22.07.31,12,Female,0,22.05.19,Holstein,1831,2,330,-,18.10.02,3.9,46.3,1410,6,Pregnant (1st Preg Check),3,22.07.04,22.6,137.7,843,251,933,829,951,912,958,814,843,251,416,1111,1060,1005,2nd Pregn. Check,-,1,22.07.04,-,522,12388,-,Male,-,330,Sep,21.09.16,Easy
9617,-,75,50,22.08.02,10,Female,227,21.12.28,Holstein,7291,2,357,-,18.10.02,3.9,46.3,1410,75,"Pregnant, Dry",5,22.03.21,-,-,804,13,1167,1052,1151,1055,1080,1011,804,13,1303,1299,1220,1226,Conf. Step  Up,Yes,2,22.03.21,-,417,2032,-,Female,-,367,Aug,21.08.10,-
9619,-,1,80,22.08.02,10,Female,0,-,Holstein,453,3,10,-,18.10.02,3.9,46.3,1410,1,Fresh,0,-,39.1,219.2,0,324,1061,1035,1051,1023,694,0,0,324,1127,1144,1128,1123,Report Heat,-,0,-,-,-,2993,-,Female,-,10,Aug,22.08.02,Easy
9622,-,199,190,22.06.04,69,Female,0,-,Holstein,-,2,88,Yes,18.10.04,3.9,46.3,1408,199,"Cull, Not Pregnant",1,-,-,-,0,0,0,0,0,0,0,0,0,0,0,0,0,0,Inseminate,-,0,-,-,-,13109,-,Male,-,88,May,22.05.16,Easy
9625,-,6,5,22.07.31,12,Female,188,22.02.05,Holstein,2323,2,338,-,18.10.05,3.9,46.2,1407,6,Pregnant,4,22.05.02,28.1,172.1,969,320,1289,1144,1231,1247,1116,941,969,320,850,1266,1346,1367,Conf. Dry Off,Yes,2,22.05.02,-,427,2169,-,Female,-,338,Sep,21.09.08,-
9632,-,199,190,22.02.01,192,Female,0,21.05.09,Holstein,-,1,707,Yes,18.10.06,3.8,46.2,1406,199,"Cull, Not Pregnant",1,21.07.07,-,-,0,0,0,0,0,0,0,0,0,0,0,0,0,0,Inseminate,-,0,21.07.07,-,524,1217,-,Female,-,707,Sep,20.09.04,-
9635,-,75,50,22.07.02,41,Female,247,21.12.08,Holstein,14029,1,684,-,18.10.07,3.8,46.2,1405,75,"Pregnant, Dry",5,22.02.28,-,-,8,0,693,675,675,532,438,320,8,0,834,806,759,756,Conf. Step  Up,Yes,2,22.02.28,-,755,-,-,-,-,725,Aug,20.08.17,-
9638,-,5,4,22.07.31,12,Female,193,22.01.31,Holstein,3365,2,258,-,18.10.09,3.8,46.1,1403,5,Pregnant,4,22.05.02,28.7,159.5,932,292,1203,1051,1143,1113,1099,959,932,292,406,0,49,1116,Conf. Dry Off,Yes,2,22.05.02,-,342,2379,-,Female,-,258,Nov,21.11.27,-
9646,-,199,75,22.03.21,144,Female,0,22.03.21,Holstein,-,2,400,Yes,18.10.12,3.8,46,1400,199,"Cull, Not Pregnant",3,22.03.21,-,-,0,0,0,0,0,0,0,0,0,0,0,0,0,0,2nd Pregn. Check,-,0,22.03.21,22.03.21,533,1908,-,Female,-,400,Jul,21.07.08,-
9649,-,7,6,22.08.04,8,Female,208,22.01.16,Holstein,4526,2,338,-,18.10.13,3.8,46,1399,7,Pregnant,4,22.04.11,20.9,124.4,889,244,1117,994,1154,1171,1150,951,889,244,573,1164,1154,1206,Conf. Dry Off,Yes,2,22.04.11,-,407,12354,-,Male,-,338,Sep,21.09.08,-
9657,-,50,7,22.08.11,1,Female,216,22.01.08,Holstein,4601,2,332,-,18.10.17,3.8,45.8,1395,50,Pregnant,4,22.04.04,20.5,120.5,790,241,1088,955,1145,1138,1097,915,790,241,365,1012,1067,1147,Conf. Dry Off,Yes,2,22.04.04,-,393,2184,-,Female,-,332,Sep,21.09.14,-
9659,-,22,1,22.08.10,2,Female,0,-,Holstein,3336,3,19,-,18.10.18,3.8,45.8,1394,22,Fresh,0,-,47.8,280.9,274,508,1323,1190,1243,1193,1098,48,274,508,1071,1369,1326,1356,Report Heat,-,0,-,-,-,2963,-,Female,-,19,Jul,22.07.24,Easy
9667,-,2,22,22.07.31,12,Female,0,22.07.20,Holstein,7130,2,111,-,18.10.20,3.8,45.7,1392,2,Bred,1,-,32.7,236.9,1359,442,621,208,0,250,1430,1434,1359,442,942,896,835,783,Inseminate,-,0,-,-,365,2760,-,Female,-,111,Apr,22.04.23,Easy
9673,-,22,1,22.08.01,11,Female,0,-,Holstein,13912,2,38,-,18.10.22,3.8,45.7,1390,22,Fresh,0,-,42,246.1,856,455,495,85,0,0,0,0,856,455,635,593,549,541,Report Heat,-,0,-,-,-,-,-,-,-,38,Jul,22.07.05,Hard
9678,-,3,2,22.07.31,12,Female,0,22.08.03,Holstein,7442,2,166,-,18.10.10,3.8,46.1,1402,3,Bred,1,22.07.11,35.7,206,1164,365,0,42,1227,1342,1389,1265,1164,365,807,791,661,407,Inseminate,-,0,22.07.11,-,434,12886,-,Male,-,166,Feb,22.02.27,Hard
9702,-,6,5,22.07.31,12,Female,0,22.07.24,Holstein,13557,2,350,-,18.11.04,3.8,45.2,1377,6,Bred,1,22.07.23,28.1,170.6,977,306,1110,971,1057,1067,1036,1017,977,306,1232,1256,1158,1156,Inseminate,-,0,22.07.23,-,608,2107,-,Female,-,350,Aug,21.08.27,Easy
9712,-,75,50,22.07.02,41,Female,245,21.12.10,Holstein,915,2,339,-,18.11.08,3.8,45.1,1373,75,"Pregnant, Dry",5,22.02.28,-,-,3,0,1047,937,977,889,688,463,3,0,1117,1083,1058,1061,Conf. Step  Up,Yes,2,22.02.28,-,412,1975,-,Female,-,380,Jul,21.07.28,-
9716,-,22,1,22.08.01,11,Female,0,-,Holstein,3362,3,41,-,18.11.10,3.8,45,1371,22,Fresh,1,-,38.5,217,664,391,974,796,785,705,76,0,664,391,1107,1073,1062,1006,Inseminate,-,0,-,-,-,-,-,-,-,41,Jul,22.07.02,Hard
9717,-,1,80,22.08.09,3,Female,0,-,Holstein,1717,2,3,-,18.11.10,3.8,45,1371,1,Fresh,0,-,31.8,84.7,0,85,820,719,778,609,228,0,0,85,944,985,916,859,Report Heat,-,0,-,-,-,13378,-,Male,-,3,Aug,22.08.09,-
9724,-,80,75,22.07.23,20,Female,273,21.11.12,Holstein,9430,2,307,-,18.11.12,3.7,45,1369,80,"Pregnant, Dry",5,22.02.07,-,-,0,0,910,774,771,724,520,112,0,0,1020,969,1020,991,Conf. Step  Up,Yes,2,22.02.07,-,372,12195,-,Male,-,368,Aug,21.08.09,-
9739,-,4,3,22.07.31,12,Female,0,22.07.24,Holstein,7198,2,216,-,18.11.17,3.7,44.8,1364,4,Bred,1,22.07.14,35.1,211.7,1257,405,668,1145,1337,1257,1231,1244,1257,405,972,953,262,0,Inseminate,-,0,22.07.14,-,474,2486,-,Female,-,216,Jan,22.01.08,-
9740,-,75,50,22.07.23,20,Female,238,21.12.17,Holstein,13544,1,458,-,18.11.18,3.7,44.8,1363,75,"Pregnant, Dry",5,22.03.07,-,-,319,0,841,735,814,802,712,498,319,0,993,1024,977,980,Conf. Step  Up,Yes,2,22.03.07,-,517,12005,-,Male,-,478,Apr,21.04.21,-
9741,-,4,3,22.07.31,12,Female,0,22.08.05,Holstein,8190,2,251,-,18.11.18,3.7,44.8,1363,4,Bred,1,22.06.05,34.8,225.6,1273,397,1403,1282,1413,1364,1364,1255,1273,397,808,29,0,1015,Inseminate,-,0,22.06.05,-,521,12675,-,Male,-,251,Dec,21.12.04,-
9745,-,5,4,22.07.31,12,Female,183,22.02.10,Holstein,5112,2,297,-,18.11.20,3.7,44.7,1361,5,Pregnant,4,22.05.02,30.9,183.2,1075,342,1268,1143,1251,1217,1266,1102,1075,342,0,335,1190,1367,Conf. Dry Off,Yes,2,22.05.02,-,391,12513,-,Male,-,297,Oct,21.10.19,Easy
9752,-,7,5,22.08.10,2,Female,196,22.01.28,Holstein,3597,2,325,-,18.11.24,3.7,44.6,1357,7,Pregnant,4,22.04.18,25.6,163.9,944,307,1134,1026,1140,1096,1102,961,944,307,223,1130,1194,1205,Conf. Dry Off,Yes,2,22.04.18,-,406,2207,-,Female,-,325,Sep,21.09.21,Easy
9754,-,199,190,22.06.04,69,Female,0,21.11.22,Holstein,-,1,596,Yes,18.11.24,3.7,44.6,1357,199,"Cull, Not Pregnant",1,22.01.13,-,-,0,0,0,0,0,0,0,0,0,0,0,0,0,0,Inseminate,-,0,22.01.13,-,610,1536,-,Female,-,596,Dec,20.12.24,Easy
9766,-,190,99,22.08.08,4,Female,0,-,Holstein,-,2,121,Yes,18.11.19,3.7,44.7,1362,190,"Cull, Not Pregnant",1,-,-,-,0,0,0,0,0,0,0,0,0,0,0,0,0,0,Inseminate,-,0,-,-,-,-,-,-,-,121,Apr,22.04.13,Easy
9769,-,2,22,22.07.31,12,Female,0,-,Holstein,148,3,47,-,18.11.29,3.7,44.4,1352,2,Fresh,1,-,44.9,287.9,1259,538,1152,1020,1055,788,11,84,1259,538,1301,1290,1258,1250,Inseminate,-,0,-,-,-,13225,-,Male,-,47,Jun,22.06.26,-
9770,-,199,190,22.03.01,164,Female,0,21.10.13,Holstein,-,1,418,Yes,18.11.29,3.7,44.4,1352,199,"Cull, Not Pregnant",1,21.11.20,-,-,0,0,0,0,0,0,0,0,0,0,0,0,0,0,Inseminate,-,0,21.11.20,-,392,1880,-,Female,-,418,Jun,21.06.20,Easy
9780,-,80,75,22.07.16,27,Female,275,21.11.10,Holstein,6862,2,282,-,18.12.02,3.7,44.3,1349,80,"Pregnant, Dry",5,22.02.07,-,-,0,0,1471,1284,1427,1340,1298,375,0,0,782,1186,1339,1467,Conf. Step  Up,Yes,2,22.02.07,-,341,2162,-,Female,-,339,Sep,21.09.07,Easy
9784,-,4,3,22.07.31,12,Female,0,22.06.25,Holstein,9247,2,254,-,18.12.05,3.7,44.2,1346,4,Open,1,22.08.08,27.6,167.3,948,320,1197,1051,1074,945,1028,989,948,320,529,0,0,1084,Inseminate,-,0,22.08.08,-,483,2391,-,Female,-,254,Dec,21.12.01,Easy
9787,-,11,10,22.07.13,30,Female,0,22.08.10,Holstein,8394,1,86,-,18.12.07,3.7,44.2,1344,11,Bred,1,-,37.8,221.1,1106,410,0,0,0,0,345,1117,1106,410,0,0,0,0,Inseminate,-,0,-,-,361,2811,-,Female,-,86,May,22.05.18,-
9789,-,4,3,22.07.31,12,Female,163,22.03.02,Holstein,2205,2,219,-,18.12.08,3.7,44.1,1343,4,Pregnant,4,22.05.30,25.3,151.1,801,277,365,726,864,830,845,763,801,277,937,800,486,274,Conf. Dry Off,Yes,2,22.05.30,-,333,-,-,-,-,219,Jan,22.01.05,-
9794,-,75,50,22.08.02,10,Female,229,21.12.26,Holstein,4300,2,341,-,18.12.10,3.7,44.1,1341,75,"Pregnant, Dry",5,22.03.21,-,-,832,20,1149,979,1086,1046,1051,1002,832,20,1168,1258,1205,1207,Conf. Step  Up,Yes,2,22.03.21,-,399,2101,-,Female,-,351,Aug,21.08.26,-
9796,-,80,75,22.08.02,10,Female,256,21.11.29,Holstein,98,2,264,-,18.12.11,3.7,44,1340,80,"Pregnant, Dry",5,22.02.21,-,-,22,0,1202,1026,1139,1119,1102,728,22,0,0,634,1180,1257,Conf. Step  Up,Yes,2,22.02.21,-,326,12483,-,Male,-,305,Oct,21.10.11,Easy
9799,-,80,75,22.07.23,20,Female,268,21.11.17,Holstein,363,2,289,-,18.12.12,3.7,44,1339,80,"Pregnant, Dry",5,22.02.07,-,-,0,0,1086,984,1027,1042,1019,535,0,0,683,1068,1049,1097,Conf. Step  Up,Yes,2,22.02.07,-,350,12335,-,Male,-,341,Sep,21.09.05,Easy
9801,-,75,50,22.07.16,27,Female,226,21.12.29,Holstein,105,1,651,-,18.12.12,3.7,44,1339,75,"Pregnant, Dry",5,22.03.21,-,-,178,0,758,667,660,547,469,384,178,0,823,818,771,782,Conf. Step  Up,Yes,2,22.03.21,-,729,1336,-,Female,-,678,Oct,20.10.03,-
9804,-,4,3,22.07.31,12,Female,148,22.03.17,Holstein,13675,2,215,-,18.12.12,3.7,44,1339,4,Pregnant,4,22.06.20,32.5,193.4,1081,353,633,1062,1237,1265,1243,1058,1081,353,747,581,143,0,Conf. Dry Off,Yes,2,22.06.20,-,344,12763,-,Male,-,215,Jan,22.01.09,-
9810,-,199,190,22.02.01,192,Female,0,21.11.25,Holstein,-,2,313,Yes,18.12.16,3.7,43.9,1335,199,"Cull, Not Pregnant",1,22.01.20,-,-,0,0,0,0,0,0,0,0,0,0,0,0,0,0,Inseminate,-,0,22.01.20,-,330,2236,-,Female,-,313,Oct,21.10.03,Easy
9813,-,4,3,22.07.31,12,Female,157,22.03.08,Holstein,6749,2,269,-,18.12.17,3.7,43.8,1334,4,Pregnant,4,22.05.30,36.1,224.5,1242,423,1348,1214,1335,1324,1290,1267,1242,423,543,0,490,1371,Conf. Dry Off,Yes,2,22.05.30,-,389,12615,-,Male,-,269,Nov,21.11.16,-
9817,-,3,2,22.07.31,12,Female,0,22.06.24,Holstein,12790,2,163,-,18.12.19,3.6,43.8,1332,3,Pregnant (1st Preg Check),3,22.07.30,34,210.1,1089,385,124,0,958,1291,1334,1212,1089,385,914,909,799,754,2nd Pregn. Check,-,1,22.07.30,-,391,2641,-,Female,-,163,Mar,22.03.02,Easy
9819,-,7,6,22.07.20,23,Female,146,22.03.19,Holstein,3763,2,307,-,18.12.21,3.6,43.7,1330,7,Pregnant,4,22.07.16,17.3,90.2,585,173,973,809,880,894,896,848,585,173,0,636,1054,1041,Conf. Dry Off,Yes,2,22.07.16,-,438,2262,-,Female,-,307,Oct,21.10.09,Easy
9822,-,75,50,22.08.02,10,Female,224,21.12.31,Holstein,1571,1,480,-,18.12.21,3.6,43.7,1330,75,"Pregnant, Dry",5,22.03.21,-,-,668,10,932,858,977,951,976,763,668,10,966,977,992,944,Conf. Step  Up,Yes,2,22.03.21,-,543,1737,-,Female,-,490,Apr,21.04.09,-
9824,-,4,3,22.07.31,12,Female,104,22.04.30,Holstein,6536,2,209,-,18.12.22,3.6,43.7,1329,4,Pregnant,4,22.08.01,31.7,199.3,1171,377,495,1151,1312,1214,1290,1198,1171,377,856,814,412,0,Conf. Dry Off,Yes,2,22.08.01,-,382,2515,-,Female,-,209,Jan,22.01.15,Easy
9826,-,4,3,22.07.31,12,Female,0,22.06.24,Holstein,5451,2,243,-,18.12.22,3.6,43.7,1329,4,Pregnant (1st Preg Check),3,22.07.30,32.8,187.9,1110,355,1391,1235,1340,1260,1260,1119,1110,355,651,138,0,672,2nd Pregn. Check,-,1,22.07.30,-,471,2412,-,Female,-,243,Dec,21.12.12,-
9831,-,80,75,22.08.10,2,Female,255,21.11.30,Holstein,6409,1,470,-,18.12.23,3.6,43.6,1328,80,"Pregnant, Dry",5,22.02.21,-,-,0,0,764,678,641,451,8,0,0,0,812,709,771,799,Conf. Step  Up,Yes,2,22.02.21,-,595,11808,-,Male,-,573,Jan,21.01.16,-
9832,-,7,6,22.07.20,23,Female,126,22.04.08,Holstein,5027,1,626,-,18.12.24,3.6,43.6,1327,7,Pregnant,4,22.07.02,19.3,107.5,605,205,756,700,671,678,705,653,605,205,893,753,792,743,Conf. Dry Off,Yes,2,22.07.02,-,777,1464,-,Female,-,626,Nov,20.11.24,Easy
9834,-,4,3,22.07.31,12,Female,0,22.05.18,Holstein,213,2,220,-,18.12.26,3.6,43.5,1325,4,Pregnant (1st Preg Check),3,22.07.04,47.5,284,1562,535,1043,1321,1498,1471,1545,1487,1562,535,1090,1073,95,0,2nd Pregn. Check,-,1,22.07.04,-,411,2475,-,Female,-,220,Jan,22.01.04,-
9840,-,4,40,22.08.09,3,Female,155,22.03.10,Holstein,13849,2,269,-,18.12.30,3.6,43.4,1321,4,Pregnant,4,22.05.30,24.3,106.3,1009,259,1211,1064,1201,1128,1110,1020,1009,259,579,0,383,1183,Conf. Dry Off,Yes,2,22.05.30,-,391,2357,-,Female,-,269,Nov,21.11.16,-
9843,-,75,50,22.07.23,20,Female,235,21.12.20,Holstein,1952,1,560,-,18.12.30,3.6,43.4,1321,75,"Pregnant, Dry",5,22.03.15,-,-,306,0,680,594,630,541,485,457,306,0,733,725,718,593,Conf. Step  Up,Yes,2,22.03.15,-,622,1572,-,Male,-,580,Jan,21.01.09,Easy
9844,-,70,3,22.08.07,5,Female,0,22.07.13,Holstein,1037,2,121,-,18.12.31,3.6,43.4,1320,70,Bred,1,-,35,166.1,1346,361,791,230,0,588,1329,1279,1346,361,938,941,880,847,Inseminate,-,0,-,-,368,2737,-,Female,-,121,Apr,22.04.13,Easy
9845,-,4,3,22.07.31,12,Female,0,22.05.17,Holstein,1535,2,240,-,18.12.31,3.6,43.4,1320,4,Pregnant (1st Preg Check),3,22.07.04,25,156.6,894,287,1159,1029,1134,1016,957,924,894,287,684,404,0,460,2nd Pregn. Check,-,1,22.07.04,-,430,12703,-,Male,-,240,Dec,21.12.15,Easy
9846,-,3,2,22.07.31,12,Female,100,22.05.04,Holstein,4756,2,188,-,18.12.31,3.6,43.4,1320,3,Pregnant,4,22.08.01,40.5,231.8,1287,432,0,985,1492,1498,1445,1355,1287,432,987,985,880,24,Conf. Dry Off,Yes,2,22.08.01,-,365,12830,-,Male,-,188,Feb,22.02.05,Hard
9847,-,4,3,22.07.31,12,Female,0,22.07.06,Holstein,4545,2,208,-,18.12.31,3.6,43.4,1320,4,Bred,2,22.05.19,31.7,203.9,1136,392,396,946,1183,1140,1228,1095,1136,392,823,775,370,0,Pregn. Check,-,0,22.05.19,-,448,2520,-,Female,-,208,Jan,22.01.16,Easy
9849,-,199,190,22.05.01,103,Female,0,22.03.29,Holstein,-,2,204,Yes,19.01.03,3.6,43.3,1317,199,"Cull, Not Pregnant",3,-,-,-,0,0,0,0,0,0,0,0,0,0,0,0,0,0,2nd Pregn. Check,-,0,-,-,345,2532,-,Female,-,204,Jan,22.01.20,Easy
9851,-,4,3,22.07.31,12,Female,0,22.07.05,Holstein,6488,2,207,-,19.01.05,3.6,43.2,1315,4,Bred,2,22.07.05,29.5,176.1,939,313,293,798,908,936,962,884,939,313,708,653,186,0,Pregn. Check,-,0,22.07.05,-,446,2525,-,Female,-,207,Jan,22.01.17,Easy
9852,-,11,10,22.08.06,6,Female,0,-,Holstein,8681,2,77,-,19.01.05,3.6,43.2,1315,11,Fresh,1,-,43.8,247,1184,460,820,515,310,0,40,702,1184,460,1047,1021,867,821,Inseminate,-,0,-,-,-,-,-,Male,-,77,May,22.05.27,Easy
9854,-,4,3,22.07.31,12,Female,128,22.04.06,Holstein,1514,2,279,-,19.01.05,3.6,43.2,1315,4,Pregnant,4,22.07.02,31.1,196.6,1177,369,1333,1194,1329,1274,1281,1206,1177,369,243,0,801,1354,Conf. Dry Off,Yes,2,22.07.02,-,428,12583,-,Male,-,279,Nov,21.11.06,-
9856,-,40,2,22.08.11,1,Female,0,-,Holstein,6816,2,62,-,19.01.06,3.6,43.2,1314,40,Fresh,1,-,19.2,199.1,1224,388,266,12,0,0,0,676,1224,388,618,635,497,456,Inseminate,-,0,-,-,-,-,-,-,-,62,Jun,22.06.11,-
9858,-,22,1,22.08.10,2,Female,0,-,Holstein,6144,3,18,-,19.01.06,3.6,43.2,1314,22,Fresh,0,-,45.5,273.7,252,476,948,717,529,72,0,0,252,476,1255,1199,1115,1054,Report Heat,-,0,-,-,-,2965,-,Female,-,18,Jul,22.07.25,-
9859,-,75,50,22.08.11,1,Female,220,22.01.04,Holstein,3844,2,280,-,19.01.06,3.6,43.2,1314,75,"Pregnant, Dry",5,22.03.30,8.7,54.1,890,163,1157,800,1018,1024,1041,949,890,163,69,0,911,1240,Conf. Step  Up,Yes,2,22.03.30,-,338,12581,-,Male,-,281,Nov,21.11.04,Easy
9861,-,4,3,22.07.31,12,Female,110,22.04.24,Holstein,102,2,202,-,19.01.08,3.6,43.1,1312,4,Pregnant,4,22.07.16,33.4,206.4,1129,376,243,1080,1237,1258,1257,1156,1129,376,761,681,443,0,Conf. Dry Off,Yes,2,22.07.16,-,369,2540,-,Female,-,202,Jan,22.01.22,Easy
9862,-,199,190,22.07.02,41,Female,0,21.10.24,Holstein,-,1,607,Yes,19.01.08,3.6,43.1,1312,199,"Cull, Not Pregnant",1,21.10.18,-,-,0,0,0,0,0,0,0,0,0,0,0,0,0,0,Inseminate,-,0,21.10.18,-,592,1516,-,Female,-,607,Dec,20.12.13,-
9863,-,22,1,22.08.01,11,Female,0,-,Holstein,2531,2,40,-,19.01.08,3.6,43.1,1312,22,Fresh,1,-,42.9,244,1035,446,675,687,763,315,0,0,1035,446,1002,978,896,846,Inseminate,-,0,-,-,-,13242,-,Male,-,40,Jul,22.07.03,Easy
9865,-,75,50,22.08.11,1,Female,223,22.01.01,Holstein,1211,2,279,-,19.01.09,3.6,43.1,1311,75,"Pregnant, Dry",5,22.03.30,9.7,61.2,1044,214,1335,1136,1265,1224,1231,1055,1044,214,245,0,848,1300,Conf. Step  Up,Yes,2,22.03.30,-,334,2337,-,Female,-,280,Nov,21.11.05,-
9868,-,4,3,22.07.31,12,Female,0,22.08.08,Holstein,697,2,228,-,19.01.09,3.6,43.1,1311,4,Bred,1,22.06.01,24.7,164.1,1008,326,1179,1228,1339,1263,1236,1107,1008,326,875,726,0,131,Inseminate,-,0,22.06.01,-,501,2451,-,Female,-,228,Dec,21.12.27,-
9869,-,199,190,22.08.02,10,Female,0,22.03.21,Holstein,-,1,544,Yes,19.01.10,3.6,43,1310,199,"Cull, Not Pregnant",1,22.04.29,-,-,0,0,0,0,0,0,0,0,0,0,0,0,0,0,Inseminate,-,0,22.04.29,-,677,1647,-,Female,-,544,Feb,21.02.14,Easy
9871,-,3,2,22.07.31,12,Female,100,22.05.04,Holstein,7210,2,186,-,19.01.10,3.6,43,1310,3,Pregnant,4,22.08.01,37.2,225,1374,417,0,682,1392,1453,1521,1443,1374,417,1008,971,833,193,Conf. Dry Off,Yes,2,22.08.01,-,363,12834,-,Male,-,186,Feb,22.02.07,Hard
9873,-,3,2,22.07.31,12,Female,0,22.05.30,Holstein,3328,2,184,-,19.01.12,3.6,43,1308,3,Pregnant (1st Preg Check),3,22.07.11,36.8,211.9,1249,395,0,619,1379,1390,1319,1303,1249,395,771,786,682,143,2nd Pregn. Check,-,1,22.07.11,-,387,12840,-,Male,-,184,Feb,22.02.09,-
9876,-,7,5,22.08.10,2,Female,199,22.01.25,Holstein,3044,1,606,-,19.01.12,3.6,43,1308,7,Pregnant,4,22.04.18,18.9,134.7,790,258,806,707,712,710,745,729,790,258,932,935,900,881,Conf. Dry Off,Yes,2,22.04.18,-,684,11694,-,Male,-,606,Dec,20.12.14,-
9878,-,3,2,22.07.31,12,Female,0,22.07.20,Holstein,1895,2,194,-,19.01.13,3.6,42.9,1307,3,Bred,1,22.05.31,40.7,234.9,1407,431,46,900,1412,1526,1553,1417,1407,431,1114,1092,863,0,Inseminate,-,0,22.05.31,-,448,12806,-,Male,-,194,Jan,22.01.30,-
9880,-,6,14,22.08.06,6,Female,183,22.02.10,Holstein,4649,1,619,-,19.01.15,3.6,42.9,1305,6,Pregnant,4,22.05.02,20.9,124.5,799,251,990,905,1073,1029,1008,999,799,251,1053,1039,1016,1020,Conf. Dry Off,Yes,2,22.05.02,-,713,11670,-,Male,-,619,Dec,20.12.01,Easy
9882,-,5,4,22.07.31,12,Female,119,22.04.15,Holstein,14075,2,293,-,19.01.15,3.6,42.9,1305,5,Pregnant,4,22.07.16,31.9,183,1106,342,1427,1222,1386,1279,1207,1175,1106,342,0,284,1340,1477,Conf. Dry Off,Yes,2,22.07.16,-,451,12528,-,Male,-,293,Oct,21.10.23,-
9887,-,199,190,22.05.01,103,Female,0,22.01.22,Holstein,-,1,626,Yes,19.01.18,3.6,42.8,1302,199,"Cull, Not Pregnant",1,22.04.18,-,-,0,0,0,0,0,0,0,0,0,0,0,0,0,0,Inseminate,-,0,22.04.18,22.04.21,701,11646,-,Male,-,626,Nov,20.11.24,Easy
9888,-,199,190,22.03.01,164,Female,0,21.07.07,Holstein,-,1,572,Yes,19.01.18,3.6,42.8,1302,199,"Cull, Not Pregnant",1,21.09.25,-,-,0,0,0,0,0,0,0,0,0,0,0,0,0,0,Inseminate,-,0,21.09.25,22.02.06,448,1588,-,Female,-,572,Jan,21.01.17,-
9889,-,4,3,22.07.31,12,Female,0,22.05.25,Holstein,1771,2,239,-,19.01.20,3.6,42.7,1300,4,Pregnant (1st Preg Check),3,22.07.11,23.2,140.1,845,266,1291,1100,1237,1147,1071,925,845,266,762,486,0,520,2nd Pregn. Check,-,1,22.07.11,-,437,2421,-,Female,-,239,Dec,21.12.16,Easy
9890,-,6,5,22.07.31,12,Female,0,22.08.08,Holstein,1527,1,528,-,19.01.20,3.6,42.7,1300,6,Bred,1,22.08.08,29.3,176.6,902,332,917,650,913,978,1050,922,902,332,1060,1008,935,813,Inseminate,-,0,22.08.08,-,801,1667,-,Female,-,528,Mar,21.03.02,-
9894,-,199,190,22.08.02,10,Female,0,22.02.04,Holstein,-,1,675,Yes,19.01.22,3.6,42.6,1298,199,"Cull, Not Pregnant",1,22.03.22,-,-,0,0,0,0,0,0,0,0,0,0,0,0,0,0,Inseminate,-,0,22.03.22,-,763,-,-,-,-,675,Oct,20.10.06,-
9898,-,199,190,22.03.01,164,Female,0,21.11.27,Holstein,-,1,538,Yes,19.01.23,3.6,42.6,1297,199,"Cull, Not Pregnant",1,21.06.26,-,-,0,0,0,0,0,0,0,0,0,0,0,0,0,0,Inseminate,-,0,21.06.26,-,557,-,-,-,-,538,Feb,21.02.20,Hard
9901,-,4,3,22.07.31,12,Female,162,22.03.03,Holstein,2635,2,219,-,19.01.25,3.5,42.5,1295,4,Pregnant,4,22.05.30,34.5,208.6,1191,366,972,1222,1324,1268,1283,1218,1191,366,782,706,62,0,Conf. Dry Off,Yes,2,22.05.30,-,334,12756,-,Male,-,219,Jan,22.01.05,Easy
9903,-,199,190,22.03.31,134,Female,0,-,Holstein,-,2,281,Yes,19.01.26,3.5,42.5,1294,199,"Cull, Not Pregnant",1,-,-,-,0,0,0,0,0,0,0,0,0,0,0,0,0,0,Inseminate,-,0,-,-,-,12582,-,Male,-,281,Nov,21.11.04,Easy
9909,-,4,3,22.07.31,12,Female,120,22.04.14,Holstein,5497,2,247,-,19.01.29,3.5,42.4,1291,4,Pregnant,4,22.07.16,30.6,178.8,1102,345,1347,1121,1279,1223,1207,1085,1102,345,824,171,0,810,Conf. Dry Off,Yes,2,22.07.16,-,404,12682,-,Male,-,247,Dec,21.12.08,-
9910,-,199,190,22.05.01,103,Female,0,21.10.06,Holstein,-,1,588,Yes,19.01.29,3.5,42.4,1291,199,"Cull, Not Pregnant",1,21.07.03,-,-,0,0,0,0,0,0,0,0,0,0,0,0,0,0,Inseminate,-,0,21.07.03,-,555,11755,-,Male,-,588,Jan,21.01.01,-
9914,-,3,2,22.07.31,12,Female,0,22.08.04,Holstein,858,2,197,-,19.01.31,3.5,42.3,1289,3,Bred,1,22.07.30,32.9,192.5,1175,350,133,1172,1393,1327,1322,1215,1175,350,785,722,474,0,Inseminate,-,0,22.07.30,-,466,2547,-,Female,-,197,Jan,22.01.27,-
9915,-,3,2,22.07.31,12,Female,0,22.08.10,Holstein,16302,2,157,-,19.02.01,3.5,42.3,1288,3,Bred,1,22.07.23,28.4,181.1,1143,345,63,0,861,1327,1315,1225,1143,345,692,680,620,492,Inseminate,-,0,22.07.23,-,432,12919,-,Male,-,157,Mar,22.03.08,-
9916,-,4,3,22.07.31,12,Female,162,22.03.03,Holstein,6902,2,228,-,19.02.01,3.5,42.3,1288,4,Pregnant,4,22.05.30,40.4,244.9,1377,447,1248,1250,1447,1409,1443,1301,1377,447,935,891,56,115,Conf. Dry Off,Yes,2,22.05.30,-,343,2453,-,Female,-,228,Dec,21.12.27,-
9919,-,75,50,22.07.23,20,Female,239,21.12.16,Holstein,929,1,526,-,19.02.03,3.5,42.3,1286,75,"Pregnant, Dry",5,22.03.07,-,-,389,0,1096,994,1094,1044,1034,883,389,0,1112,1067,1067,1075,Conf. Step  Up,Yes,2,22.03.07,-,584,1641,-,Female,-,546,Feb,21.02.12,-
9921,-,50,7,22.08.11,1,Female,217,22.01.07,Holstein,3591,2,267,-,19.02.05,3.5,42.2,1284,50,Pregnant,4,22.03.30,16.9,106.5,705,206,1078,803,811,754,775,758,705,206,519,0,332,1193,Conf. Dry Off,Yes,2,22.03.30,-,327,12634,-,-,-,267,Nov,21.11.18,Easy
9926,-,3,2,22.07.31,12,Female,0,22.07.27,Holstein,24,2,195,-,19.02.07,3.5,42.1,1282,3,Bred,1,22.07.03,22.2,135.7,805,268,45,928,1065,1109,956,847,805,268,875,877,303,0,Inseminate,-,0,22.07.03,-,456,12803,-,Male,-,195,Jan,22.01.29,-
9928,-,75,50,22.03.13,152,Female,238,21.12.17,Holstein,14058,1,473,-,19.02.08,3.5,42.1,1281,75,"Pregnant, Dry",5,22.03.07,-,-,0,0,517,389,148,0,0,0,0,0,745,699,656,618,Conf. Step  Up,Yes,2,22.03.07,-,664,-,-,Male,-,625,Nov,20.11.25,Hard
9929,-,4,3,22.07.31,12,Female,0,22.07.09,Holstein,7167,2,234,-,19.02.09,3.5,42.1,1280,4,Bred,2,22.05.11,34.2,196.2,1053,360,1298,1333,1492,1481,1470,1198,1053,360,887,588,0,296,Pregn. Check,-,0,22.05.11,-,477,12719,-,Male,-,234,Dec,21.12.21,Easy
9931,-,199,190,22.03.01,164,Female,0,22.01.08,Holstein,-,1,536,Yes,19.02.10,3.5,42,1279,199,"Cull, Not Pregnant",1,22.02.11,-,-,0,0,0,0,0,0,0,0,0,0,0,0,0,0,Inseminate,-,0,22.02.11,-,597,11874,-,Male,-,536,Feb,21.02.22,-
9932,-,2,22,22.07.31,12,Female,0,-,Holstein,3214,2,81,-,19.02.11,3.5,42,1278,2,Fresh,1,-,40.8,219.8,1365,426,789,600,426,0,240,1170,1365,426,922,784,855,874,Inseminate,-,0,-,-,-,13124,-,Male,-,81,May,22.05.23,-
9935,-,3,2,22.07.31,12,Female,99,22.05.05,Holstein,6680,2,150,-,19.02.11,3.5,42,1278,3,Pregnant,4,22.08.01,38.4,237.4,1250,435,156,0,558,1391,1453,1281,1250,435,767,723,700,600,Conf. Dry Off,Yes,2,22.08.01,-,328,12930,-,Male,-,150,Mar,22.03.15,Easy
9936,-,199,190,22.03.01,164,Female,0,21.12.29,Holstein,-,1,376,Yes,19.02.12,3.5,42,1277,199,"Cull, Not Pregnant",1,22.02.07,-,-,0,0,0,0,0,0,0,0,0,0,0,0,0,0,Inseminate,-,0,22.02.07,-,427,1995,-,Female,-,376,Aug,21.08.01,-
9937,-,22,1,22.08.01,11,Female,0,-,Holstein,4673,2,38,-,19.02.14,3.5,41.9,1275,22,Fresh,0,-,45.3,262.5,1056,480,770,679,668,264,0,0,1056,480,871,848,786,773,Report Heat,-,0,-,-,-,13300,-,Male,-,38,Jul,22.07.05,-
9939,-,4,3,22.07.31,12,Female,0,22.07.27,Holstein,14126,2,213,-,19.02.15,3.5,41.9,1274,4,Bred,1,-,37.3,220.8,1339,393,687,1284,1387,1412,1373,1306,1339,393,890,829,204,0,Inseminate,-,0,-,-,474,2495,-,Female,-,213,Jan,22.01.11,Easy
9942,-,7,6,22.08.04,8,Female,208,22.01.16,Holstein,3576,1,556,-,19.02.18,3.5,41.8,1271,7,Pregnant,4,22.04.11,17.3,106.9,839,218,942,854,960,969,1008,983,839,218,933,941,919,918,Conf. Dry Off,Yes,2,22.04.11,-,625,11843,-,Male,-,556,Feb,21.02.02,Normal
9944,-,3,2,22.07.31,12,Female,0,22.07.08,Holstein,1452,2,155,-,19.02.18,3.5,41.8,1271,3,Bred,2,22.07.08,35.8,206.7,1220,380,89,0,666,1143,1326,1251,1220,380,916,857,854,757,Pregn. Check,-,0,22.07.08,-,397,12923,-,Male,-,155,Mar,22.03.10,Easy
9946,-,4,3,22.07.31,12,Female,0,22.07.15,Holstein,1907,2,206,-,19.02.18,3.5,41.8,1271,4,Bred,1,22.06.30,37.8,220.1,1280,411,467,1337,1588,1483,1415,1302,1280,411,1020,955,428,0,Inseminate,-,0,22.06.30,-,455,12787,-,Male,-,206,Jan,22.01.18,Easy
9948,-,7,70,22.07.27,16,Female,129,22.04.05,Holstein,854,1,534,-,19.02.19,3.5,41.7,1270,7,Pregnant,4,22.07.02,13.6,78,446,151,657,603,587,492,426,421,446,151,809,813,767,695,Conf. Dry Off,Yes,2,22.07.02,-,682,1654,-,Female,-,534,Feb,21.02.24,Easy
9953,-,4,3,22.07.31,12,Female,111,22.04.23,Holstein,6427,2,208,-,19.02.25,3.5,41.5,1264,4,Pregnant,4,22.07.16,30.1,181.8,1125,343,504,1318,1463,1346,1345,1255,1125,343,970,876,448,0,Conf. Dry Off,Yes,2,22.07.16,-,374,12783,-,Male,-,208,Jan,22.01.16,Easy
9956,-,3,2,22.07.31,12,Female,0,22.08.03,Holstein,14325,2,116,-,19.02.26,3.5,41.5,1263,3,Bred,1,22.07.14,31.7,187.4,1152,334,894,271,0,389,1237,1166,1152,334,849,864,806,898,Inseminate,-,0,22.07.14,-,384,2746,-,Female,-,116,Apr,22.04.18,-
9958,-,3,2,22.07.31,12,Female,0,22.05.25,Holstein,1735,2,162,-,19.02.28,3.5,41.4,1261,3,Pregnant (1st Preg Check),3,22.07.11,39.6,229,1380,431,0,0,1115,1450,1575,1444,1380,431,961,951,867,738,2nd Pregn. Check,-,1,22.07.11,-,360,2642,-,Female,-,162,Mar,22.03.03,Hard
9961,-,4,3,22.07.31,12,Female,163,22.03.02,Holstein,6458,2,215,-,19.03.03,3.4,41.3,1258,4,Pregnant,4,22.05.30,44.4,262.5,1448,489,964,1453,1554,1580,1653,1525,1448,489,1196,1143,301,0,Conf. Dry Off,Yes,2,22.05.30,-,329,12765,-,Male,-,215,Jan,22.01.09,Easy
9962,-,3,2,22.07.31,12,Female,0,22.07.21,Holstein,765,2,121,-,19.03.03,3.4,41.3,1258,3,Bred,1,22.07.14,41.3,244.2,1454,452,884,171,0,688,1571,1500,1454,452,1071,1136,1120,1065,Inseminate,-,0,22.07.14,-,376,13021,-,Male,-,121,Apr,22.04.13,Easy
9963,-,80,75,22.07.23,20,Female,274,21.11.11,Holstein,11764,1,281,-,19.03.03,3.4,41.3,1258,80,"Pregnant, Dry",5,22.02.07,-,-,0,0,1016,982,1073,1090,927,383,0,0,669,1120,1104,1086,Conf. Step  Up,Yes,2,22.02.07,-,341,12357,-,Male,-,338,Sep,21.09.08,-
9964,-,4,3,22.07.31,12,Female,156,22.03.09,Holstein,5435,2,226,-,19.03.03,3.4,41.3,1258,4,Pregnant,4,22.05.30,26.6,167.3,900,316,986,951,991,923,999,943,900,316,648,474,0,41,Conf. Dry Off,Yes,2,22.05.30,-,347,12736,-,Male,-,226,Dec,21.12.29,Easy
9966,-,4,3,22.07.31,12,Female,107,22.04.27,Holstein,55,2,215,-,19.03.04,3.4,41.3,1257,4,Pregnant,4,22.07.16,30.3,186.2,1028,354,688,1185,1311,1228,1192,1102,1028,354,743,662,180,0,Conf. Dry Off,Yes,2,22.07.16,-,385,12769,-,Male,-,215,Jan,22.01.09,Easy
9968,-,3,2,22.07.31,12,Female,0,22.08.04,Holstein,4271,2,127,-,19.03.05,3.4,41.3,1256,3,Bred,1,22.08.04,40.2,240.1,1505,450,403,0,0,1138,1722,1520,1505,450,1007,1021,1028,942,Inseminate,-,0,22.08.04,-,396,2716,-,Female,-,127,Apr,22.04.07,Easy
9969,-,199,190,22.05.01,103,Female,0,21.06.16,Holstein,-,1,576,Yes,19.03.06,3.4,41.2,1255,199,"Cull, Not Pregnant",1,21.09.11,-,-,0,0,0,0,0,0,0,0,0,0,0,0,0,0,Inseminate,-,0,21.09.11,21.12.27,431,1580,-,Female,-,576,Jan,21.01.13,-
9972,-,3,2,22.07.31,12,Female,0,22.08.07,Holstein,1158,2,132,-,19.03.07,3.4,41.2,1254,3,Bred,1,22.07.11,42.3,232.4,1504,437,375,0,0,1252,1652,1535,1504,437,982,967,873,737,Inseminate,-,0,22.07.11,-,404,12990,-,Male,-,132,Apr,22.04.02,Easy
9974,-,22,1,22.08.01,11,Female,0,-,Holstein,295,2,38,-,19.03.07,3.4,41.2,1254,22,Fresh,0,-,33.4,211.6,777,385,588,294,0,0,0,0,777,385,738,713,620,590,Report Heat,-,0,-,-,-,2915,-,Female,-,38,Jul,22.07.05,-
9976,-,80,75,22.07.23,20,Female,269,21.11.16,Holstein,14613,1,514,-,19.03.08,3.4,41.2,1253,80,"Pregnant, Dry",5,22.02.07,-,-,0,0,780,675,695,585,515,284,0,0,897,899,905,626,Conf. Step  Up,Yes,2,22.02.07,-,574,11828,-,Male,-,566,Jan,21.01.23,-
9979,-,2,22,22.07.31,12,Female,0,22.07.30,Holstein,4217,2,92,-,19.03.09,3.4,41.1,1252,2,Bred,1,-,44.9,265.5,1467,478,969,897,261,0,724,1462,1467,478,1104,1135,1081,1089,Inseminate,-,0,-,-,356,2802,-,Female,-,92,May,22.05.12,Easy
9980,-,3,2,22.07.31,12,Female,0,22.06.24,Holstein,7454,2,117,-,19.03.09,3.4,41.1,1252,3,Pregnant (1st Preg Check),3,22.07.30,37.7,235.3,1405,445,754,150,0,577,1527,1417,1405,445,852,1004,967,892,2nd Pregn. Check,-,1,22.07.30,-,345,13030,-,Male,-,117,Apr,22.04.17,Easy
9981,-,4,3,22.07.31,12,Female,0,22.08.04,Holstein,200,2,212,-,19.03.09,3.4,41.1,1252,4,Bred,1,22.06.18,39.9,234.8,1318,425,646,1166,1332,1314,1336,1332,1318,425,1016,976,288,0,Inseminate,-,0,22.06.18,-,481,2502,-,Female,-,212,Jan,22.01.12,Easy
9984,-,3,2,22.07.31,12,Female,0,22.08.09,Holstein,5786,2,188,-,19.03.10,3.4,41.1,1251,3,Bred,1,22.07.17,34.5,208.2,1213,386,0,739,1314,1377,1343,1303,1213,386,964,917,920,255,Inseminate,-,0,22.07.17,-,462,2583,-,Female,-,188,Feb,22.02.05,Easy
9986,-,80,75,22.07.23,20,Female,265,21.11.20,Holstein,3498,1,527,-,19.03.10,3.4,41.1,1251,80,"Pregnant, Dry",5,22.02.21,-,-,0,0,806,730,831,804,692,354,0,0,906,921,819,845,Conf. Step  Up,Yes,2,22.02.21,-,585,1586,-,Female,-,573,Jan,21.01.16,-
9988,-,2,22,22.07.31,12,Female,0,-,Holstein,2327,2,62,-,19.03.10,3.4,41.1,1251,2,Fresh,1,-,48.3,311.3,1658,579,957,916,961,203,0,834,1658,579,1043,1064,1006,998,Inseminate,-,0,-,-,-,2858,-,Female,-,62,Jun,22.06.11,Hard
9989,-,3,2,22.07.31,12,Female,0,22.07.31,Holstein,2015,2,123,-,19.03.11,3.4,41.1,1250,3,Bred,1,-,36.5,213.5,1293,405,290,0,0,735,1504,1390,1293,405,810,816,763,668,Inseminate,-,0,-,-,388,13015,-,Male,-,123,Apr,22.04.11,-
9990,-,4,3,22.07.31,12,Female,166,22.02.27,Holstein,2640,2,227,-,19.03.12,3.4,41,1249,4,Pregnant,4,22.05.30,36,214.9,1290,391,1402,1469,1581,1499,1512,1351,1290,391,926,881,81,58,Conf. Dry Off,Yes,2,22.05.30,-,338,2462,-,Female,-,227,Dec,21.12.28,Easy
9991,-,7,6,22.07.21,22,Female,0,22.02.26,Holstein,143,1,566,-,19.03.12,3.4,41,1249,7,Open,1,21.10.11,10.6,76.8,594,168,828,711,670,725,748,689,594,168,988,984,911,849,Inseminate,-,0,21.10.11,-,676,1602,-,Female,-,566,Jan,21.01.23,-
9996,-,2,22,22.07.31,12,Female,0,22.08.11,Holstein,5825,2,71,-,19.03.15,3.4,40.9,1246,2,Bred,1,-,33.2,205.6,1236,396,859,664,377,0,0,927,1236,396,865,900,821,888,Inseminate,-,0,-,-,347,13148,-,Male,-,71,Jun,22.06.02,-
9998,-,2,70,22.08.08,4,Female,0,22.07.27,Holstein,6637,2,107,-,19.03.16,3.4,40.9,1245,2,Bred,1,-,36.7,177.1,1404,389,830,236,0,95,1255,1326,1404,389,949,995,923,914,Inseminate,-,0,-,-,368,2776,-,Female,-,107,Apr,22.04.27,-
12161,-,198,195,22.03.31,134,Male,0,-,Holstein,-,0,-,-,21.08.02,1,12.3,375,198,Male,1,-,-,-,0,0,0,0,0,0,0,0,0,0,0,0,0,0,Inseminate,-,0,-,-,-,-,-,-,-,0,-,-,-
12495,-,135,101,21.12.02,253,Male,0,-,Holstein,-,0,-,-,21.10.14,0.8,9.9,302,135,Male,0,-,-,-,0,0,0,0,0,0,0,0,0,0,0,0,0,0,Report Heat,-,0,-,-,-,-,-,-,-,0,-,-,-
12659,-,198,195,22.03.01,164,Male,0,-,Holstein,-,0,-,-,21.11.27,0.7,8.5,258,198,Male,0,-,-,-,0,0,0,0,0,0,0,0,0,0,0,0,0,0,Report Heat,-,0,-,-,-,-,-,-,-,0,-,-,-
12671,-,198,195,22.03.01,164,Male,0,-,Holstein,-,0,-,-,21.12.01,0.7,8.3,254,198,Male,0,-,-,-,0,0,0,0,0,0,0,0,0,0,0,0,0,0,Report Heat,-,0,-,-,-,-,-,-,-,0,-,-,-
12674,-,198,195,22.03.01,164,Male,0,-,Holstein,-,0,-,-,21.12.04,0.7,8.2,251,198,Male,0,-,-,-,0,0,0,0,0,0,0,0,0,0,0,0,0,0,Report Heat,-,0,-,-,-,-,-,-,-,0,-,-,-
12700,-,135,101,22.03.27,138,Male,0,-,Holstein,-,0,-,-,21.12.14,0.7,7.9,241,135,Male,0,-,-,-,0,0,0,0,0,0,0,0,0,0,0,0,0,0,Report Heat,-,0,-,-,-,-,-,-,-,0,-,-,-
12708,-,198,195,22.02.01,192,Male,0,-,Holstein,-,0,-,-,21.12.18,0.6,7.8,237,198,Male,0,-,-,-,0,0,0,0,0,0,0,0,0,0,0,0,0,0,Report Heat,-,0,-,-,-,-,-,-,-,0,-,-,-
12722,-,198,195,22.02.01,192,Male,0,-,Holstein,-,0,-,-,21.12.22,0.6,7.7,233,198,Male,0,-,-,-,0,0,0,0,0,0,0,0,0,0,0,0,0,0,Report Heat,-,0,-,-,-,-,-,-,-,0,-,-,-
12730,-,198,195,22.02.01,192,Male,0,-,Holstein,-,0,-,-,21.12.26,0.6,7.5,229,198,Male,0,-,-,-,0,0,0,0,0,0,0,0,0,0,0,0,0,0,Report Heat,-,0,-,-,-,-,-,-,-,0,-,-,-
12734,-,198,195,22.02.01,192,Male,0,-,Holstein,-,0,-,-,21.12.28,0.6,7.5,227,198,Male,0,-,-,-,0,0,0,0,0,0,0,0,0,0,0,0,0,0,Report Heat,-,0,-,-,-,-,-,-,-,0,-,-,-
12736,-,198,195,22.02.01,192,Male,0,-,Holstein,-,0,-,-,21.12.29,0.6,7.4,226,198,Male,0,-,-,-,0,0,0,0,0,0,0,0,0,0,0,0,0,0,Report Heat,-,0,-,-,-,-,-,-,-,0,-,-,-
12737,-,198,195,22.02.01,192,Male,0,-,Holstein,-,0,-,-,21.12.29,0.6,7.4,226,198,Male,0,-,-,-,0,0,0,0,0,0,0,0,0,0,0,0,0,0,Report Heat,-,0,-,-,-,-,-,-,-,0,-,-,-
12738,-,198,195,22.02.01,192,Male,0,-,Holstein,-,0,-,-,21.12.29,0.6,7.4,226,198,Male,0,-,-,-,0,0,0,0,0,0,0,0,0,0,0,0,0,0,Report Heat,-,0,-,-,-,-,-,-,-,0,-,-,-
12739,-,198,195,22.02.01,192,Male,0,-,Holstein,-,0,-,-,21.12.29,0.6,7.4,226,198,Male,0,-,-,-,0,0,0,0,0,0,0,0,0,0,0,0,0,0,Report Heat,-,0,-,-,-,-,-,-,-,0,-,-,-
12740,-,198,195,22.02.01,192,Male,0,-,Holstein,-,0,-,-,21.12.29,0.6,7.4,226,198,Male,0,-,-,-,0,0,0,0,0,0,0,0,0,0,0,0,0,0,Report Heat,-,0,-,-,-,-,-,-,-,0,-,-,-
12741,-,198,195,22.02.01,192,Male,0,-,Holstein,-,0,-,-,21.12.31,0.6,7.4,224,198,Male,0,-,-,-,0,0,0,0,0,0,0,0,0,0,0,0,0,0,Report Heat,-,0,-,-,-,-,-,-,-,0,-,-,-
12742,-,198,195,22.03.01,164,Male,0,-,Holstein,-,0,-,-,21.12.21,0.6,7.7,234,198,Male,0,-,-,-,0,0,0,0,0,0,0,0,0,0,0,0,0,0,Report Heat,-,0,-,-,-,-,-,-,-,0,-,-,-
12743,-,198,195,22.02.01,192,Male,0,-,Holstein,-,0,-,-,21.12.21,0.6,7.7,234,198,Male,0,-,-,-,0,0,0,0,0,0,0,0,0,0,0,0,0,0,Report Heat,-,0,-,-,-,-,-,-,-,0,-,-,-
12744,-,198,195,22.02.01,192,Male,0,-,Holstein,-,0,-,-,21.12.21,0.6,7.7,234,198,Male,0,-,-,-,0,0,0,0,0,0,0,0,0,0,0,0,0,0,Report Heat,-,0,-,-,-,-,-,-,-,0,-,-,-
12745,-,198,195,22.03.01,164,Male,0,-,Holstein,-,0,-,-,22.01.01,0.6,7.3,223,198,Male,0,-,-,-,0,0,0,0,0,0,0,0,0,0,0,0,0,0,Report Heat,-,0,-,-,-,-,-,-,-,0,-,-,-
12746,-,198,195,22.02.01,192,Male,0,-,Holstein,-,0,-,-,22.01.01,0.6,7.3,223,198,Male,0,-,-,-,0,0,0,0,0,0,0,0,0,0,0,0,0,0,Report Heat,-,0,-,-,-,-,-,-,-,0,-,-,-
12747,-,198,195,22.02.01,192,Male,0,-,Holstein,-,0,-,-,22.01.01,0.6,7.3,223,198,Male,0,-,-,-,0,0,0,0,0,0,0,0,0,0,0,0,0,0,Report Heat,-,0,-,-,-,-,-,-,-,0,-,-,-
12748,-,198,195,22.02.01,192,Male,0,-,Holstein,-,0,-,-,22.01.02,0.6,7.3,222,198,Male,0,-,-,-,0,0,0,0,0,0,0,0,0,0,0,0,0,0,Report Heat,-,0,-,-,-,-,-,-,-,0,-,-,-
12749,-,198,195,22.02.01,192,Male,0,-,Holstein,-,0,-,-,22.01.02,0.6,7.3,222,198,Male,0,-,-,-,0,0,0,0,0,0,0,0,0,0,0,0,0,0,Report Heat,-,0,-,-,-,-,-,-,-,0,-,-,-
12750,-,198,195,22.02.01,192,Male,0,-,Holstein,-,0,-,-,22.01.02,0.6,7.3,222,198,Male,0,-,-,-,0,0,0,0,0,0,0,0,0,0,0,0,0,0,Report Heat,-,0,-,-,-,-,-,-,-,0,-,-,-
12751,-,198,195,22.02.01,192,Male,0,-,Holstein,-,0,-,-,22.01.04,0.6,7.2,220,198,Male,0,-,-,-,0,0,0,0,0,0,0,0,0,0,0,0,0,0,Report Heat,-,0,-,-,-,-,-,-,-,0,-,-,-
12752,-,198,195,22.02.01,192,Male,0,-,Holstein,-,0,-,-,22.01.04,0.6,7.2,220,198,Male,0,-,-,-,0,0,0,0,0,0,0,0,0,0,0,0,0,0,Report Heat,-,0,-,-,-,-,-,-,-,0,-,-,-
12753,-,198,195,22.02.01,192,Male,0,-,Holstein,-,0,-,-,22.01.04,0.6,7.2,220,198,Male,0,-,-,-,0,0,0,0,0,0,0,0,0,0,0,0,0,0,Report Heat,-,0,-,-,-,-,-,-,-,0,-,-,-
12754,-,198,195,22.02.01,192,Male,0,-,Holstein,-,0,-,-,22.01.02,0.6,7.3,222,198,Male,0,-,-,-,0,0,0,0,0,0,0,0,0,0,0,0,0,0,Report Heat,-,0,-,-,-,-,-,-,-,0,-,-,-
12755,-,198,195,22.02.01,192,Male,0,-,Holstein,-,0,-,-,22.01.05,0.6,7.2,219,198,Male,0,-,-,-,0,0,0,0,0,0,0,0,0,0,0,0,0,0,Report Heat,-,0,-,-,-,-,-,-,-,0,-,-,-
12756,-,198,195,22.02.01,192,Male,0,-,Holstein,-,0,-,-,22.01.05,0.6,7.2,219,198,Male,0,-,-,-,0,0,0,0,0,0,0,0,0,0,0,0,0,0,Report Heat,-,0,-,-,-,-,-,-,-,0,-,-,-
12757,-,198,195,22.02.01,192,Male,0,-,Holstein,-,0,-,-,22.01.05,0.6,7.2,219,198,Male,0,-,-,-,0,0,0,0,0,0,0,0,0,0,0,0,0,0,Report Heat,-,0,-,-,-,-,-,-,-,0,-,-,-
12758,-,198,195,22.02.01,192,Male,0,-,Holstein,-,0,-,-,22.01.06,0.6,7.2,218,198,Male,0,-,-,-,0,0,0,0,0,0,0,0,0,0,0,0,0,0,Report Heat,-,0,-,-,-,-,-,-,-,0,-,-,-
12759,-,198,195,22.02.01,192,Male,0,-,Holstein,-,0,-,-,22.01.06,0.6,7.2,218,198,Male,0,-,-,-,0,0,0,0,0,0,0,0,0,0,0,0,0,0,Report Heat,-,0,-,-,-,-,-,-,-,0,-,-,-
12760,-,198,195,22.02.01,192,Male,0,-,Holstein,-,0,-,-,22.01.08,0.6,7.1,216,198,Male,0,-,-,-,0,0,0,0,0,0,0,0,0,0,0,0,0,0,Report Heat,-,0,-,-,-,-,-,-,-,0,-,-,-
12761,-,198,195,22.03.01,164,Male,0,-,Holstein,-,0,-,-,22.01.08,0.6,7.1,216,198,Male,0,-,-,-,0,0,0,0,0,0,0,0,0,0,0,0,0,0,Report Heat,-,0,-,-,-,-,-,-,-,0,-,-,-
12762,-,198,195,22.02.01,192,Male,0,-,Holstein,-,0,-,-,22.01.09,0.6,7.1,215,198,Male,0,-,-,-,0,0,0,0,0,0,0,0,0,0,0,0,0,0,Report Heat,-,0,-,-,-,-,-,-,-,0,-,-,-
12763,-,198,195,22.02.01,192,Male,0,-,Holstein,-,0,-,-,22.01.09,0.6,7.1,215,198,Male,0,-,-,-,0,0,0,0,0,0,0,0,0,0,0,0,0,0,Report Heat,-,0,-,-,-,-,-,-,-,0,-,-,-
12764,-,198,195,22.02.01,192,Male,0,-,Holstein,-,0,-,-,22.01.09,0.6,7.1,215,198,Male,0,-,-,-,0,0,0,0,0,0,0,0,0,0,0,0,0,0,Report Heat,-,0,-,-,-,-,-,-,-,0,-,-,-
12765,-,198,195,22.02.01,192,Male,0,-,Holstein,-,0,-,-,22.01.09,0.6,7.1,215,198,Male,0,-,-,-,0,0,0,0,0,0,0,0,0,0,0,0,0,0,Report Heat,-,0,-,-,-,-,-,-,-,0,-,-,-
12766,-,198,195,22.02.01,192,Male,0,-,Holstein,-,0,-,-,22.01.09,0.6,7.1,215,198,Male,0,-,-,-,0,0,0,0,0,0,0,0,0,0,0,0,0,0,Report Heat,-,0,-,-,-,-,-,-,-,0,-,-,-
12767,-,198,195,22.02.01,192,Male,0,-,Holstein,-,0,-,-,22.01.09,0.6,7.1,215,198,Male,0,-,-,-,0,0,0,0,0,0,0,0,0,0,0,0,0,0,Report Heat,-,0,-,-,-,-,-,-,-,0,-,-,-
12768,-,198,195,22.02.01,192,Male,0,-,Holstein,-,0,-,-,22.01.09,0.6,7.1,215,198,Male,0,-,-,-,0,0,0,0,0,0,0,0,0,0,0,0,0,0,Report Heat,-,0,-,-,-,-,-,-,-,0,-,-,-
12769,-,198,195,22.02.01,192,Male,0,-,Holstein,-,0,-,-,22.01.09,0.6,7.1,215,198,Male,0,-,-,-,0,0,0,0,0,0,0,0,0,0,0,0,0,0,Report Heat,-,0,-,-,-,-,-,-,-,0,-,-,-
12770,-,198,195,22.02.01,192,Male,0,-,Holstein,-,0,-,-,22.01.11,0.6,7,213,198,Male,0,-,-,-,0,0,0,0,0,0,0,0,0,0,0,0,0,0,Report Heat,-,0,-,-,-,-,-,-,-,0,-,-,-
12771,-,198,195,22.02.01,192,Male,0,-,Holstein,-,0,-,-,22.01.11,0.6,7,213,198,Male,0,-,-,-,0,0,0,0,0,0,0,0,0,0,0,0,0,0,Report Heat,-,0,-,-,-,-,-,-,-,0,-,-,-
12772,-,198,195,22.03.01,164,Male,0,-,Holstein,-,0,-,-,22.01.12,0.6,7,212,198,Male,0,-,-,-,0,0,0,0,0,0,0,0,0,0,0,0,0,0,Report Heat,-,0,-,-,-,-,-,-,-,0,-,-,-
12773,-,198,195,22.02.01,192,Male,0,-,Holstein,-,0,-,-,22.01.12,0.6,7,212,198,Male,0,-,-,-,0,0,0,0,0,0,0,0,0,0,0,0,0,0,Report Heat,-,0,-,-,-,-,-,-,-,0,-,-,-
12774,-,198,195,22.02.01,192,Male,0,-,Holstein,-,0,-,-,22.01.12,0.6,7,212,198,Male,0,-,-,-,0,0,0,0,0,0,0,0,0,0,0,0,0,0,Report Heat,-,0,-,-,-,-,-,-,-,0,-,-,-
12775,-,198,195,22.03.01,164,Male,0,-,Holstein,-,0,-,-,22.01.13,0.6,6.9,211,198,Male,0,-,-,-,0,0,0,0,0,0,0,0,0,0,0,0,0,0,Report Heat,-,0,-,-,-,-,-,-,-,0,-,-,-
12776,-,198,195,22.02.01,192,Male,0,-,Holstein,-,0,-,-,22.01.13,0.6,6.9,211,198,Male,0,-,-,-,0,0,0,0,0,0,0,0,0,0,0,0,0,0,Report Heat,-,0,-,-,-,-,-,-,-,0,-,-,-
12777,-,198,195,22.02.01,192,Male,0,-,Holstein,-,0,-,-,22.01.13,0.6,6.9,211,198,Male,0,-,-,-,0,0,0,0,0,0,0,0,0,0,0,0,0,0,Report Heat,-,0,-,-,-,-,-,-,-,0,-,-,-
12778,-,198,195,22.02.01,192,Male,0,-,Holstein,-,0,-,-,22.01.15,0.6,6.9,209,198,Male,0,-,-,-,0,0,0,0,0,0,0,0,0,0,0,0,0,0,Report Heat,-,0,-,-,-,-,-,-,-,0,-,-,-
12779,-,198,195,22.02.01,192,Male,0,-,Holstein,-,0,-,-,22.01.15,0.6,6.9,209,198,Male,0,-,-,-,0,0,0,0,0,0,0,0,0,0,0,0,0,0,Report Heat,-,0,-,-,-,-,-,-,-,0,-,-,-
12780,-,198,195,22.02.01,192,Male,0,-,Holstein,-,0,-,-,22.01.15,0.6,6.9,209,198,Male,0,-,-,-,0,0,0,0,0,0,0,0,0,0,0,0,0,0,Report Heat,-,0,-,-,-,-,-,-,-,0,-,-,-
12781,-,198,195,22.02.01,192,Male,0,-,Holstein,-,0,-,-,22.01.15,0.6,6.9,209,198,Male,0,-,-,-,0,0,0,0,0,0,0,0,0,0,0,0,0,0,Report Heat,-,0,-,-,-,-,-,-,-,0,-,-,-
12782,-,198,195,22.02.01,192,Male,0,-,Holstein,-,0,-,-,22.01.16,0.6,6.8,208,198,Male,0,-,-,-,0,0,0,0,0,0,0,0,0,0,0,0,0,0,Report Heat,-,0,-,-,-,-,-,-,-,0,-,-,-
12783,-,198,195,22.02.01,192,Male,0,-,Holstein,-,0,-,-,22.01.16,0.6,6.8,208,198,Male,0,-,-,-,0,0,0,0,0,0,0,0,0,0,0,0,0,0,Report Heat,-,0,-,-,-,-,-,-,-,0,-,-,-
12784,-,198,195,22.02.01,192,Male,0,-,Holstein,-,0,-,-,22.01.17,0.6,6.8,207,198,Male,0,-,-,-,0,0,0,0,0,0,0,0,0,0,0,0,0,0,Report Heat,-,0,-,-,-,-,-,-,-,0,-,-,-
12785,-,198,195,22.02.01,192,Male,0,-,Holstein,-,0,-,-,22.01.17,0.6,6.8,207,198,Male,0,-,-,-,0,0,0,0,0,0,0,0,0,0,0,0,0,0,Report Heat,-,0,-,-,-,-,-,-,-,0,-,-,-
12786,-,198,195,22.02.01,192,Male,0,-,Holstein,-,0,-,-,22.01.18,0.6,6.8,206,198,Male,0,-,-,-,0,0,0,0,0,0,0,0,0,0,0,0,0,0,Report Heat,-,0,-,-,-,-,-,-,-,0,-,-,-
12787,-,198,195,22.02.01,192,Male,0,-,Holstein,-,0,-,-,22.01.18,0.6,6.8,206,198,Male,0,-,-,-,0,0,0,0,0,0,0,0,0,0,0,0,0,0,Report Heat,-,0,-,-,-,-,-,-,-,0,-,-,-
12788,-,198,195,22.03.01,164,Male,0,-,Holstein,-,0,-,-,22.01.19,0.6,6.7,205,198,Male,0,-,-,-,0,0,0,0,0,0,0,0,0,0,0,0,0,0,Report Heat,-,0,-,-,-,-,-,-,-,0,-,-,-
12789,-,198,195,22.02.01,192,Male,0,-,Holstein,-,0,-,-,22.01.20,0.6,6.7,204,198,Male,0,-,-,-,0,0,0,0,0,0,0,0,0,0,0,0,0,0,Report Heat,-,0,-,-,-,-,-,-,-,0,-,-,-
12790,-,198,195,22.02.01,192,Male,0,-,Holstein,-,0,-,-,22.01.22,0.6,6.6,202,198,Male,0,-,-,-,0,0,0,0,0,0,0,0,0,0,0,0,0,0,Report Heat,-,0,-,-,-,-,-,-,-,0,-,-,-
12791,-,198,195,22.02.01,192,Male,0,-,Holstein,-,0,-,-,22.01.24,0.5,6.6,200,198,Male,0,-,-,-,0,0,0,0,0,0,0,0,0,0,0,0,0,0,Report Heat,-,0,-,-,-,-,-,-,-,0,-,-,-
12792,-,198,195,22.02.01,192,Male,0,-,Holstein,-,0,-,-,22.01.24,0.5,6.6,200,198,Male,0,-,-,-,0,0,0,0,0,0,0,0,0,0,0,0,0,0,Report Heat,-,0,-,-,-,-,-,-,-,0,-,-,-
12793,-,198,195,22.02.01,192,Male,0,-,Holstein,-,0,-,-,22.01.20,0.6,6.7,204,198,Male,0,-,-,-,0,0,0,0,0,0,0,0,0,0,0,0,0,0,Report Heat,-,0,-,-,-,-,-,-,-,0,-,-,-
12794,-,198,195,22.02.01,192,Male,0,-,Holstein,-,0,-,-,22.01.24,0.5,6.6,200,198,Male,0,-,-,-,0,0,0,0,0,0,0,0,0,0,0,0,0,0,Report Heat,-,0,-,-,-,-,-,-,-,0,-,-,-
12795,-,198,195,22.02.01,192,Male,0,-,Holstein,-,0,-,-,22.01.26,0.5,6.5,198,198,Male,0,-,-,-,0,0,0,0,0,0,0,0,0,0,0,0,0,0,Report Heat,-,0,-,-,-,-,-,-,-,0,-,-,-
12796,-,198,195,22.02.01,192,Male,0,-,Holstein,-,0,-,-,22.01.26,0.5,6.5,198,198,Male,0,-,-,-,0,0,0,0,0,0,0,0,0,0,0,0,0,0,Report Heat,-,0,-,-,-,-,-,-,-,0,-,-,-
12797,-,198,195,22.02.01,192,Male,0,-,Holstein,-,0,-,-,22.01.26,0.5,6.5,198,198,Male,0,-,-,-,0,0,0,0,0,0,0,0,0,0,0,0,0,0,Report Heat,-,0,-,-,-,-,-,-,-,0,-,-,-
12798,-,198,195,22.02.01,192,Male,0,-,Holstein,-,0,-,-,22.01.26,0.5,6.5,198,198,Male,0,-,-,-,0,0,0,0,0,0,0,0,0,0,0,0,0,0,Report Heat,-,0,-,-,-,-,-,-,-,0,-,-,-
12799,-,198,195,22.02.01,192,Male,0,-,Holstein,-,0,-,-,22.01.27,0.5,6.5,197,198,Male,0,-,-,-,0,0,0,0,0,0,0,0,0,0,0,0,0,0,Report Heat,-,0,-,-,-,-,-,-,-,0,-,-,-
12800,-,198,195,22.02.01,192,Male,0,-,Holstein,-,0,-,-,22.01.27,0.5,6.5,197,198,Male,0,-,-,-,0,0,0,0,0,0,0,0,0,0,0,0,0,0,Report Heat,-,0,-,-,-,-,-,-,-,0,-,-,-
12801,-,198,195,22.03.01,164,Male,0,-,Holstein,-,0,-,-,22.01.27,0.5,6.5,197,198,Male,0,-,-,-,0,0,0,0,0,0,0,0,0,0,0,0,0,0,Report Heat,-,0,-,-,-,-,-,-,-,0,-,-,-
12802,-,198,195,22.02.01,192,Male,0,-,Holstein,-,0,-,-,22.01.27,0.5,6.5,197,198,Male,0,-,-,-,0,0,0,0,0,0,0,0,0,0,0,0,0,0,Report Heat,-,0,-,-,-,-,-,-,-,0,-,-,-
12803,-,198,195,22.03.01,164,Male,0,-,Holstein,-,0,-,-,22.01.29,0.5,6.4,195,198,Male,0,-,-,-,0,0,0,0,0,0,0,0,0,0,0,0,0,0,Report Heat,-,0,-,-,-,-,-,-,-,0,-,-,-
12804,-,198,195,22.02.01,192,Female,0,-,Holstein,-,0,-,-,22.01.14,0.6,6.9,210,198,Heifer,0,-,-,-,0,0,0,0,0,0,0,0,0,0,0,0,0,0,Report Heat,-,0,-,-,-,-,-,-,-,0,-,-,-
12805,-,198,195,22.03.01,164,Male,0,-,Holstein,-,0,-,-,22.01.30,0.5,6.4,194,198,Male,0,-,-,-,0,0,0,0,0,0,0,0,0,0,0,0,0,0,Report Heat,-,0,-,-,-,-,-,-,-,0,-,-,-
12806,-,198,195,22.03.01,164,Male,0,-,Holstein,-,0,-,-,22.01.30,0.5,6.4,194,198,Male,0,-,-,-,0,0,0,0,0,0,0,0,0,0,0,0,0,0,Report Heat,-,0,-,-,-,-,-,-,-,0,-,-,-
12807,-,198,195,22.03.01,164,Male,0,-,Holstein,-,0,-,-,22.01.30,0.5,6.4,194,198,Male,0,-,-,-,0,0,0,0,0,0,0,0,0,0,0,0,0,0,Report Heat,-,0,-,-,-,-,-,-,-,0,-,-,-
12808,-,198,195,22.03.01,164,Male,0,-,Holstein,-,0,-,-,22.01.30,0.5,6.4,194,198,Male,0,-,-,-,0,0,0,0,0,0,0,0,0,0,0,0,0,0,Report Heat,-,0,-,-,-,-,-,-,-,0,-,-,-
12809,-,198,195,22.03.01,164,Male,0,-,Holstein,-,0,-,-,22.01.30,0.5,6.4,194,198,Male,0,-,-,-,0,0,0,0,0,0,0,0,0,0,0,0,0,0,Report Heat,-,0,-,-,-,-,-,-,-,0,-,-,-
12810,-,198,195,22.03.01,164,Male,0,-,Holstein,-,0,-,-,22.01.31,0.5,6.3,193,198,Male,0,-,-,-,0,0,0,0,0,0,0,0,0,0,0,0,0,0,Report Heat,-,0,-,-,-,-,-,-,-,0,-,-,-
12811,-,198,195,22.03.01,164,Male,0,-,Holstein,-,0,-,-,22.01.31,0.5,6.3,193,198,Male,0,-,-,-,0,0,0,0,0,0,0,0,0,0,0,0,0,0,Report Heat,-,0,-,-,-,-,-,-,-,0,-,-,-
12812,-,198,195,22.05.01,103,Male,0,-,Holstein,-,0,-,-,22.01.31,0.5,6.3,193,198,Male,0,-,-,-,0,0,0,0,0,0,0,0,0,0,0,0,0,0,Report Heat,-,0,-,-,-,-,-,-,-,0,-,-,-
12813,-,198,195,22.03.01,164,Male,0,-,Holstein,-,0,-,-,22.01.31,0.5,6.3,193,198,Male,0,-,-,-,0,0,0,0,0,0,0,0,0,0,0,0,0,0,Report Heat,-,0,-,-,-,-,-,-,-,0,-,-,-
12814,-,198,195,22.03.01,164,Male,0,-,Holstein,-,0,-,-,22.02.01,0.5,6.3,192,198,Male,0,-,-,-,0,0,0,0,0,0,0,0,0,0,0,0,0,0,Report Heat,-,0,-,-,-,-,-,-,-,0,-,-,-
12815,-,198,195,22.03.01,164,Male,0,-,Holstein,-,0,-,-,22.02.01,0.5,6.3,192,198,Male,0,-,-,-,0,0,0,0,0,0,0,0,0,0,0,0,0,0,Report Heat,-,0,-,-,-,-,-,-,-,0,-,-,-
12816,-,198,195,22.03.01,164,Male,0,-,Holstein,-,0,-,-,22.02.01,0.5,6.3,192,198,Male,0,-,-,-,0,0,0,0,0,0,0,0,0,0,0,0,0,0,Report Heat,-,0,-,-,-,-,-,-,-,0,-,-,-
12817,-,198,195,22.03.01,164,Male,0,-,Holstein,-,0,-,-,22.02.01,0.5,6.3,192,198,Male,0,-,-,-,0,0,0,0,0,0,0,0,0,0,0,0,0,0,Report Heat,-,0,-,-,-,-,-,-,-,0,-,-,-
12818,-,198,195,22.03.01,164,Male,0,-,Holstein,-,0,-,-,22.02.01,0.5,6.3,192,198,Male,0,-,-,-,0,0,0,0,0,0,0,0,0,0,0,0,0,0,Report Heat,-,0,-,-,-,-,-,-,-,0,-,-,-
12819,-,198,195,22.03.01,164,Male,0,-,Holstein,-,0,-,-,22.02.01,0.5,6.3,192,198,Male,0,-,-,-,0,0,0,0,0,0,0,0,0,0,0,0,0,0,Report Heat,-,0,-,-,-,-,-,-,-,0,-,-,-
12820,-,198,195,22.03.01,164,Male,0,-,Holstein,-,0,-,-,22.02.01,0.5,6.3,192,198,Male,0,-,-,-,0,0,0,0,0,0,0,0,0,0,0,0,0,0,Report Heat,-,0,-,-,-,-,-,-,-,0,-,-,-
12821,-,198,195,22.03.01,164,Male,0,-,Holstein,-,0,-,-,22.02.01,0.5,6.3,192,198,Male,0,-,-,-,0,0,0,0,0,0,0,0,0,0,0,0,0,0,Report Heat,-,0,-,-,-,-,-,-,-,0,-,-,-
12822,-,198,195,22.03.01,164,Male,0,-,Holstein,-,0,-,-,22.02.03,0.5,6.2,190,198,Male,0,-,-,-,0,0,0,0,0,0,0,0,0,0,0,0,0,0,Report Heat,-,0,-,-,-,-,-,-,-,0,-,-,-
12823,-,198,195,22.03.01,164,Male,0,-,Holstein,-,0,-,-,22.02.03,0.5,6.2,190,198,Male,0,-,-,-,0,0,0,0,0,0,0,0,0,0,0,0,0,0,Report Heat,-,0,-,-,-,-,-,-,-,0,-,-,-
12824,-,198,195,22.03.01,164,Male,0,-,Holstein,-,0,-,-,22.02.03,0.5,6.2,190,198,Male,0,-,-,-,0,0,0,0,0,0,0,0,0,0,0,0,0,0,Report Heat,-,0,-,-,-,-,-,-,-,0,-,-,-
12825,-,198,195,22.03.01,164,Male,0,-,Holstein,-,0,-,-,22.02.03,0.5,6.2,190,198,Male,0,-,-,-,0,0,0,0,0,0,0,0,0,0,0,0,0,0,Report Heat,-,0,-,-,-,-,-,-,-,0,-,-,-
12826,-,198,195,22.03.01,164,Male,0,-,Holstein,-,0,-,-,22.02.03,0.5,6.2,190,198,Male,0,-,-,-,0,0,0,0,0,0,0,0,0,0,0,0,0,0,Report Heat,-,0,-,-,-,-,-,-,-,0,-,-,-
12827,-,198,195,22.03.01,164,Male,0,-,Holstein,-,0,-,-,22.02.05,0.5,6.2,188,198,Male,0,-,-,-,0,0,0,0,0,0,0,0,0,0,0,0,0,0,Report Heat,-,0,-,-,-,-,-,-,-,0,-,-,-
12828,-,198,195,22.03.01,164,Male,0,-,Holstein,-,0,-,-,22.02.05,0.5,6.2,188,198,Male,0,-,-,-,0,0,0,0,0,0,0,0,0,0,0,0,0,0,Report Heat,-,0,-,-,-,-,-,-,-,0,-,-,-
12829,-,198,195,22.03.01,164,Male,0,-,Holstein,-,0,-,-,22.02.05,0.5,6.2,188,198,Male,0,-,-,-,0,0,0,0,0,0,0,0,0,0,0,0,0,0,Report Heat,-,0,-,-,-,-,-,-,-,0,-,-,-
12830,-,198,195,22.03.01,164,Male,0,-,Holstein,-,0,-,-,22.02.05,0.5,6.2,188,198,Male,0,-,-,-,0,0,0,0,0,0,0,0,0,0,0,0,0,0,Report Heat,-,0,-,-,-,-,-,-,-,0,-,-,-
12831,-,198,195,22.03.01,164,Male,0,-,Holstein,-,0,-,-,22.02.05,0.5,6.2,188,198,Male,0,-,-,-,0,0,0,0,0,0,0,0,0,0,0,0,0,0,Report Heat,-,0,-,-,-,-,-,-,-,0,-,-,-
12832,-,198,195,22.03.01,164,Male,0,-,Holstein,-,0,-,-,22.02.06,0.5,6.1,187,198,Male,0,-,-,-,0,0,0,0,0,0,0,0,0,0,0,0,0,0,Report Heat,-,0,-,-,-,-,-,-,-,0,-,-,-
12833,-,198,195,22.03.01,164,Male,0,-,Holstein,-,0,-,-,22.02.06,0.5,6.1,187,198,Male,0,-,-,-,0,0,0,0,0,0,0,0,0,0,0,0,0,0,Report Heat,-,0,-,-,-,-,-,-,-,0,-,-,-
12834,-,198,195,22.03.01,164,Male,0,-,Holstein,-,0,-,-,22.02.07,0.5,6.1,186,198,Male,0,-,-,-,0,0,0,0,0,0,0,0,0,0,0,0,0,0,Report Heat,-,0,-,-,-,-,-,-,-,0,-,-,-
12835,-,198,195,22.03.01,164,Male,0,-,Holstein,-,0,-,-,22.02.07,0.5,6.1,186,198,Male,0,-,-,-,0,0,0,0,0,0,0,0,0,0,0,0,0,0,Report Heat,-,0,-,-,-,-,-,-,-,0,-,-,-
12836,-,198,195,22.03.01,164,Male,0,-,Holstein,-,0,-,-,22.02.07,0.5,6.1,186,198,Male,0,-,-,-,0,0,0,0,0,0,0,0,0,0,0,0,0,0,Report Heat,-,0,-,-,-,-,-,-,-,0,-,-,-
12837,-,198,195,22.03.01,164,Male,0,-,Holstein,-,0,-,-,22.02.07,0.5,6.1,186,198,Male,0,-,-,-,0,0,0,0,0,0,0,0,0,0,0,0,0,0,Report Heat,-,0,-,-,-,-,-,-,-,0,-,-,-
12838,-,198,195,22.03.01,164,Male,0,-,Holstein,-,0,-,-,22.02.07,0.5,6.1,186,198,Male,0,-,-,-,0,0,0,0,0,0,0,0,0,0,0,0,0,0,Report Heat,-,0,-,-,-,-,-,-,-,0,-,-,-
12839,-,198,195,22.03.01,164,Male,0,-,Holstein,-,0,-,-,22.02.09,0.5,6,184,198,Male,0,-,-,-,0,0,0,0,0,0,0,0,0,0,0,0,0,0,Report Heat,-,0,-,-,-,-,-,-,-,0,-,-,-
12840,-,198,195,22.03.01,164,Male,0,-,Holstein,-,0,-,-,22.02.09,0.5,6,184,198,Male,0,-,-,-,0,0,0,0,0,0,0,0,0,0,0,0,0,0,Report Heat,-,0,-,-,-,-,-,-,-,0,-,-,-
12841,-,198,195,22.03.01,164,Male,0,-,Holstein,-,0,-,-,22.02.10,0.5,6,183,198,Male,0,-,-,-,0,0,0,0,0,0,0,0,0,0,0,0,0,0,Report Heat,-,0,-,-,-,-,-,-,-,0,-,-,-
12842,-,198,195,22.03.31,134,Male,0,-,Holstein,-,0,-,-,22.02.10,0.5,6,183,198,Male,0,-,-,-,0,0,0,0,0,0,0,0,0,0,0,0,0,0,Report Heat,-,0,-,-,-,-,-,-,-,0,-,-,-
12843,-,198,195,22.03.01,164,Male,0,-,Holstein,-,0,-,-,22.02.10,0.5,6,183,198,Male,0,-,-,-,0,0,0,0,0,0,0,0,0,0,0,0,0,0,Report Heat,-,0,-,-,-,-,-,-,-,0,-,-,-
12844,-,198,195,22.03.31,134,Male,0,-,Holstein,-,0,-,-,22.02.12,0.5,5.9,181,198,Male,0,-,-,-,0,0,0,0,0,0,0,0,0,0,0,0,0,0,Report Heat,-,0,-,-,-,-,-,-,-,0,-,-,-
12845,-,198,195,22.03.01,164,Male,0,-,Holstein,-,0,-,-,22.02.13,0.5,5.9,180,198,Male,0,-,-,-,0,0,0,0,0,0,0,0,0,0,0,0,0,0,Report Heat,-,0,-,-,-,-,-,-,-,0,-,-,-
12846,-,198,195,22.03.01,164,Male,0,-,Holstein,-,0,-,-,22.02.13,0.5,5.9,180,198,Male,0,-,-,-,0,0,0,0,0,0,0,0,0,0,0,0,0,0,Report Heat,-,0,-,-,-,-,-,-,-,0,-,-,-
12847,-,198,195,22.03.01,164,Male,0,-,Holstein,-,0,-,-,22.02.13,0.5,5.9,180,198,Male,0,-,-,-,0,0,0,0,0,0,0,0,0,0,0,0,0,0,Report Heat,-,0,-,-,-,-,-,-,-,0,-,-,-
12848,-,198,195,22.03.01,164,Male,0,-,Holstein,-,0,-,-,22.02.14,0.5,5.9,179,198,Male,0,-,-,-,0,0,0,0,0,0,0,0,0,0,0,0,0,0,Report Heat,-,0,-,-,-,-,-,-,-,0,-,-,-
12849,-,198,195,22.03.01,164,Male,0,-,Holstein,-,0,-,-,22.02.14,0.5,5.9,179,198,Male,0,-,-,-,0,0,0,0,0,0,0,0,0,0,0,0,0,0,Report Heat,-,0,-,-,-,-,-,-,-,0,-,-,-
12850,-,198,195,22.03.01,164,Male,0,-,Holstein,-,0,-,-,22.02.15,0.5,5.8,178,198,Male,0,-,-,-,0,0,0,0,0,0,0,0,0,0,0,0,0,0,Report Heat,-,0,-,-,-,-,-,-,-,0,-,-,-
12851,-,198,195,22.03.01,164,Male,0,-,Holstein,-,0,-,-,22.02.15,0.5,5.8,178,198,Male,0,-,-,-,0,0,0,0,0,0,0,0,0,0,0,0,0,0,Report Heat,-,0,-,-,-,-,-,-,-,0,-,-,-
12852,-,198,195,22.03.01,164,Male,0,-,Holstein,-,0,-,-,22.02.15,0.5,5.8,178,198,Male,0,-,-,-,0,0,0,0,0,0,0,0,0,0,0,0,0,0,Report Heat,-,0,-,-,-,-,-,-,-,0,-,-,-
12853,-,198,195,22.03.01,164,Male,0,-,Holstein,-,0,-,-,22.02.17,0.5,5.8,176,198,Male,0,-,-,-,0,0,0,0,0,0,0,0,0,0,0,0,0,0,Report Heat,-,0,-,-,-,-,-,-,-,0,-,-,-
12854,-,198,195,22.03.01,164,Male,0,-,Holstein,-,0,-,-,22.02.18,0.5,5.7,175,198,Male,0,-,-,-,0,0,0,0,0,0,0,0,0,0,0,0,0,0,Report Heat,-,0,-,-,-,-,-,-,-,0,-,-,-
12855,-,198,195,22.03.31,134,Male,0,-,Holstein,-,0,-,-,22.02.18,0.5,5.7,175,198,Male,0,-,-,-,0,0,0,0,0,0,0,0,0,0,0,0,0,0,Report Heat,-,0,-,-,-,-,-,-,-,0,-,-,-
12856,-,198,195,22.03.01,164,Male,0,-,Holstein,-,0,-,-,22.02.18,0.5,5.7,175,198,Male,0,-,-,-,0,0,0,0,0,0,0,0,0,0,0,0,0,0,Report Heat,-,0,-,-,-,-,-,-,-,0,-,-,-
12857,-,198,195,22.03.01,164,Male,0,-,Holstein,-,0,-,-,22.02.18,0.5,5.7,175,198,Male,0,-,-,-,0,0,0,0,0,0,0,0,0,0,0,0,0,0,Report Heat,-,0,-,-,-,-,-,-,-,0,-,-,-
12858,-,198,195,22.03.01,164,Male,0,-,Holstein,-,0,-,-,22.02.18,0.5,5.7,175,198,Male,0,-,-,-,0,0,0,0,0,0,0,0,0,0,0,0,0,0,Report Heat,-,0,-,-,-,-,-,-,-,0,-,-,-
12859,-,198,195,22.03.31,134,Male,0,-,Holstein,-,0,-,-,22.02.19,0.5,5.7,174,198,Male,0,-,-,-,0,0,0,0,0,0,0,0,0,0,0,0,0,0,Report Heat,-,0,-,-,-,-,-,-,-,0,-,-,-
12860,-,198,195,22.03.01,164,Male,0,-,Holstein,-,0,-,-,22.02.17,0.5,5.8,176,198,Male,0,-,-,-,0,0,0,0,0,0,0,0,0,0,0,0,0,0,Report Heat,-,0,-,-,-,-,-,-,-,0,-,-,-
12861,-,198,195,22.03.01,164,Male,0,-,Holstein,-,0,-,-,22.02.18,0.5,5.7,175,198,Male,0,-,-,-,0,0,0,0,0,0,0,0,0,0,0,0,0,0,Report Heat,-,0,-,-,-,-,-,-,-,0,-,-,-
12862,-,198,195,22.03.01,164,Male,0,-,Holstein,-,0,-,-,22.02.20,0.5,5.7,173,198,Male,0,-,-,-,0,0,0,0,0,0,0,0,0,0,0,0,0,0,Report Heat,-,0,-,-,-,-,-,-,-,0,-,-,-
12863,-,198,195,22.03.01,164,Male,0,-,Holstein,-,0,-,-,22.02.20,0.5,5.7,173,198,Male,0,-,-,-,0,0,0,0,0,0,0,0,0,0,0,0,0,0,Report Heat,-,0,-,-,-,-,-,-,-,0,-,-,-
12864,-,198,195,22.03.31,134,Male,0,-,Holstein,-,0,-,-,22.02.21,0.5,5.7,172,198,Male,0,-,-,-,0,0,0,0,0,0,0,0,0,0,0,0,0,0,Report Heat,-,0,-,-,-,-,-,-,-,0,-,-,-
12865,-,198,195,22.03.01,164,Male,0,-,Holstein,-,0,-,-,22.02.21,0.5,5.7,172,198,Male,0,-,-,-,0,0,0,0,0,0,0,0,0,0,0,0,0,0,Report Heat,-,0,-,-,-,-,-,-,-,0,-,-,-
12866,-,198,195,22.03.01,164,Male,0,-,Holstein,-,0,-,-,22.02.22,0.5,5.6,171,198,Male,0,-,-,-,0,0,0,0,0,0,0,0,0,0,0,0,0,0,Report Heat,-,0,-,-,-,-,-,-,-,0,-,-,-
12867,-,198,195,22.03.01,164,Male,0,-,Holstein,-,0,-,-,22.02.22,0.5,5.6,171,198,Male,0,-,-,-,0,0,0,0,0,0,0,0,0,0,0,0,0,0,Report Heat,-,0,-,-,-,-,-,-,-,0,-,-,-
12868,-,198,195,22.03.01,164,Male,0,-,Holstein,-,0,-,-,22.02.22,0.5,5.6,171,198,Male,0,-,-,-,0,0,0,0,0,0,0,0,0,0,0,0,0,0,Report Heat,-,0,-,-,-,-,-,-,-,0,-,-,-
12869,-,198,195,22.03.01,164,Male,0,-,Holstein,-,0,-,-,22.02.22,0.5,5.6,171,198,Male,0,-,-,-,0,0,0,0,0,0,0,0,0,0,0,0,0,0,Report Heat,-,0,-,-,-,-,-,-,-,0,-,-,-
12870,-,198,195,22.03.01,164,Male,0,-,Holstein,-,0,-,-,22.02.22,0.5,5.6,171,198,Male,0,-,-,-,0,0,0,0,0,0,0,0,0,0,0,0,0,0,Report Heat,-,0,-,-,-,-,-,-,-,0,-,-,-
12871,-,198,195,22.03.01,164,Male,0,-,Holstein,-,0,-,-,22.02.24,0.5,5.6,169,198,Male,0,-,-,-,0,0,0,0,0,0,0,0,0,0,0,0,0,0,Report Heat,-,0,-,-,-,-,-,-,-,0,-,-,-
12872,-,198,195,22.03.01,164,Male,0,-,Holstein,-,0,-,-,22.02.24,0.5,5.6,169,198,Male,0,-,-,-,0,0,0,0,0,0,0,0,0,0,0,0,0,0,Report Heat,-,0,-,-,-,-,-,-,-,0,-,-,-
12873,-,198,195,22.05.01,103,Male,0,-,Holstein,-,0,-,-,22.02.24,0.5,5.6,169,198,Male,0,-,-,-,0,0,0,0,0,0,0,0,0,0,0,0,0,0,Report Heat,-,0,-,-,-,-,-,-,-,0,-,-,-
12874,-,198,195,22.03.01,164,Male,0,-,Holstein,-,0,-,-,22.02.24,0.5,5.6,169,198,Male,0,-,-,-,0,0,0,0,0,0,0,0,0,0,0,0,0,0,Report Heat,-,0,-,-,-,-,-,-,-,0,-,-,-
12875,-,198,195,22.03.01,164,Male,0,-,Holstein,-,0,-,-,22.02.24,0.5,5.6,169,198,Male,0,-,-,-,0,0,0,0,0,0,0,0,0,0,0,0,0,0,Report Heat,-,0,-,-,-,-,-,-,-,0,-,-,-
12876,-,198,195,22.03.31,134,Male,0,-,Holstein,-,0,-,-,22.02.24,0.5,5.6,169,198,Male,0,-,-,-,0,0,0,0,0,0,0,0,0,0,0,0,0,0,Report Heat,-,0,-,-,-,-,-,-,-,0,-,-,-
12877,-,198,195,22.03.31,134,Male,0,-,Holstein,-,0,-,-,22.02.24,0.5,5.6,169,198,Male,0,-,-,-,0,0,0,0,0,0,0,0,0,0,0,0,0,0,Report Heat,-,0,-,-,-,-,-,-,-,0,-,-,-
12878,-,198,195,22.03.31,134,Male,0,-,Holstein,-,0,-,-,22.02.24,0.5,5.6,169,198,Male,0,-,-,-,0,0,0,0,0,0,0,0,0,0,0,0,0,0,Report Heat,-,0,-,-,-,-,-,-,-,0,-,-,-
12879,-,198,195,22.03.01,164,Male,0,-,Holstein,-,0,-,-,22.02.22,0.5,5.6,171,198,Male,0,-,-,-,0,0,0,0,0,0,0,0,0,0,0,0,0,0,Report Heat,-,0,-,-,-,-,-,-,-,0,-,-,-
12880,-,198,195,22.03.31,134,Male,0,-,Holstein,-,0,-,-,22.02.24,0.5,5.6,169,198,Male,0,-,-,-,0,0,0,0,0,0,0,0,0,0,0,0,0,0,Report Heat,-,0,-,-,-,-,-,-,-,0,-,-,-
12881,-,198,195,22.03.31,134,Male,0,-,Holstein,-,0,-,-,22.02.24,0.5,5.6,169,198,Male,0,-,-,-,0,0,0,0,0,0,0,0,0,0,0,0,0,0,Report Heat,-,0,-,-,-,-,-,-,-,0,-,-,-
12882,-,198,195,22.03.31,134,Male,0,-,Holstein,-,0,-,-,22.02.24,0.5,5.6,169,198,Male,0,-,-,-,0,0,0,0,0,0,0,0,0,0,0,0,0,0,Report Heat,-,0,-,-,-,-,-,-,-,0,-,-,-
12883,-,198,195,22.03.31,134,Male,0,-,Holstein,-,0,-,-,22.02.26,0.5,5.5,167,198,Male,0,-,-,-,0,0,0,0,0,0,0,0,0,0,0,0,0,0,Report Heat,-,0,-,-,-,-,-,-,-,0,-,-,-
12884,-,198,195,22.03.31,134,Male,0,-,Holstein,-,0,-,-,22.02.27,0.5,5.5,166,198,Male,0,-,-,-,0,0,0,0,0,0,0,0,0,0,0,0,0,0,Report Heat,-,0,-,-,-,-,-,-,-,0,-,-,-
12885,-,198,195,22.03.31,134,Male,0,-,Holstein,-,0,-,-,22.02.27,0.5,5.5,166,198,Male,0,-,-,-,0,0,0,0,0,0,0,0,0,0,0,0,0,0,Report Heat,-,0,-,-,-,-,-,-,-,0,-,-,-
12886,-,198,195,22.03.31,134,Male,0,-,Holstein,-,0,-,-,22.02.27,0.5,5.5,166,198,Male,0,-,-,-,0,0,0,0,0,0,0,0,0,0,0,0,0,0,Report Heat,-,0,-,-,-,-,-,-,-,0,-,-,-
12887,-,198,195,22.03.31,134,Male,0,-,Holstein,-,0,-,-,22.02.27,0.5,5.5,166,198,Male,0,-,-,-,0,0,0,0,0,0,0,0,0,0,0,0,0,0,Report Heat,-,0,-,-,-,-,-,-,-,0,-,-,-
12888,-,198,195,22.03.31,134,Male,0,-,Holstein,-,0,-,-,22.02.27,0.5,5.5,166,198,Male,0,-,-,-,0,0,0,0,0,0,0,0,0,0,0,0,0,0,Report Heat,-,0,-,-,-,-,-,-,-,0,-,-,-
12889,-,198,195,22.03.31,134,Male,0,-,Holstein,-,0,-,-,22.02.27,0.5,5.5,166,198,Male,0,-,-,-,0,0,0,0,0,0,0,0,0,0,0,0,0,0,Report Heat,-,0,-,-,-,-,-,-,-,0,-,-,-
12890,-,198,195,22.05.01,103,Male,0,-,Holstein,-,0,-,-,22.02.27,0.5,5.5,166,198,Male,0,-,-,-,0,0,0,0,0,0,0,0,0,0,0,0,0,0,Report Heat,-,0,-,-,-,-,-,-,-,0,-,-,-
12891,-,198,195,22.03.31,134,Male,0,-,Holstein,-,0,-,-,22.02.06,0.5,6.1,187,198,Male,0,-,-,-,0,0,0,0,0,0,0,0,0,0,0,0,0,0,Report Heat,-,0,-,-,-,-,-,-,-,0,-,-,-
12892,-,198,195,22.03.31,134,Male,0,-,Holstein,-,0,-,-,22.02.27,0.5,5.5,166,198,Male,0,-,-,-,0,0,0,0,0,0,0,0,0,0,0,0,0,0,Report Heat,-,0,-,-,-,-,-,-,-,0,-,-,-
12893,-,198,195,22.05.01,103,Male,0,-,Holstein,-,0,-,-,22.02.12,0.5,5.9,181,198,Male,0,-,-,-,0,0,0,0,0,0,0,0,0,0,0,0,0,0,Report Heat,-,0,-,-,-,-,-,-,-,0,-,-,-
12894,-,198,195,22.03.31,134,Male,0,-,Holstein,-,0,-,-,22.03.01,0.4,5.4,164,198,Male,0,-,-,-,0,0,0,0,0,0,0,0,0,0,0,0,0,0,Report Heat,-,0,-,-,-,-,-,-,-,0,-,-,-
12895,-,198,195,22.03.31,134,Male,0,-,Holstein,-,0,-,-,22.03.01,0.4,5.4,164,198,Male,0,-,-,-,0,0,0,0,0,0,0,0,0,0,0,0,0,0,Report Heat,-,0,-,-,-,-,-,-,-,0,-,-,-
12896,-,198,195,22.03.31,134,Male,0,-,Holstein,-,0,-,-,22.03.01,0.4,5.4,164,198,Male,0,-,-,-,0,0,0,0,0,0,0,0,0,0,0,0,0,0,Report Heat,-,0,-,-,-,-,-,-,-,0,-,-,-
12897,-,198,195,22.03.31,134,Male,0,-,Holstein,-,0,-,-,22.03.01,0.4,5.4,164,198,Male,0,-,-,-,0,0,0,0,0,0,0,0,0,0,0,0,0,0,Report Heat,-,0,-,-,-,-,-,-,-,0,-,-,-
12898,-,198,195,22.03.31,134,Male,0,-,Holstein,-,0,-,-,22.03.01,0.4,5.4,164,198,Male,0,-,-,-,0,0,0,0,0,0,0,0,0,0,0,0,0,0,Report Heat,-,0,-,-,-,-,-,-,-,0,-,-,-
12899,-,198,195,22.03.31,134,Male,0,-,Holstein,-,0,-,-,22.03.01,0.4,5.4,164,198,Male,0,-,-,-,0,0,0,0,0,0,0,0,0,0,0,0,0,0,Report Heat,-,0,-,-,-,-,-,-,-,0,-,-,-
12900,-,198,195,22.03.31,134,Male,0,-,Holstein,-,0,-,-,22.03.01,0.4,5.4,164,198,Male,0,-,-,-,0,0,0,0,0,0,0,0,0,0,0,0,0,0,Report Heat,-,0,-,-,-,-,-,-,-,0,-,-,-
12901,-,198,195,22.03.31,134,Male,0,-,Holstein,-,0,-,-,22.03.01,0.4,5.4,164,198,Male,0,-,-,-,0,0,0,0,0,0,0,0,0,0,0,0,0,0,Report Heat,-,0,-,-,-,-,-,-,-,0,-,-,-
12902,-,198,195,22.03.31,134,Male,0,-,Holstein,-,0,-,-,22.03.01,0.4,5.4,164,198,Male,0,-,-,-,0,0,0,0,0,0,0,0,0,0,0,0,0,0,Report Heat,-,0,-,-,-,-,-,-,-,0,-,-,-
12903,-,198,195,22.03.31,134,Male,0,-,Holstein,-,0,-,-,22.03.02,0.4,5.4,163,198,Male,0,-,-,-,0,0,0,0,0,0,0,0,0,0,0,0,0,0,Report Heat,-,0,-,-,-,-,-,-,-,0,-,-,-
12904,-,198,195,22.03.31,134,Male,0,-,Holstein,-,0,-,-,22.03.02,0.4,5.4,163,198,Male,0,-,-,-,0,0,0,0,0,0,0,0,0,0,0,0,0,0,Report Heat,-,0,-,-,-,-,-,-,-,0,-,-,-
12905,-,198,195,22.03.31,134,Male,0,-,Holstein,-,0,-,-,22.03.02,0.4,5.4,163,198,Male,0,-,-,-,0,0,0,0,0,0,0,0,0,0,0,0,0,0,Report Heat,-,0,-,-,-,-,-,-,-,0,-,-,-
12906,-,198,195,22.03.31,134,Male,0,-,Holstein,-,0,-,-,22.03.02,0.4,5.4,163,198,Male,0,-,-,-,0,0,0,0,0,0,0,0,0,0,0,0,0,0,Report Heat,-,0,-,-,-,-,-,-,-,0,-,-,-
12907,-,198,195,22.03.31,134,Male,0,-,Holstein,-,0,-,-,22.03.03,0.4,5.3,162,198,Male,0,-,-,-,0,0,0,0,0,0,0,0,0,0,0,0,0,0,Report Heat,-,0,-,-,-,-,-,-,-,0,-,-,-
12908,-,198,195,22.03.31,134,Male,0,-,Holstein,-,0,-,-,22.03.03,0.4,5.3,162,198,Male,0,-,-,-,0,0,0,0,0,0,0,0,0,0,0,0,0,0,Report Heat,-,0,-,-,-,-,-,-,-,0,-,-,-
12909,-,198,195,22.03.31,134,Male,0,-,Holstein,-,0,-,-,22.03.05,0.4,5.3,160,198,Male,0,-,-,-,0,0,0,0,0,0,0,0,0,0,0,0,0,0,Report Heat,-,0,-,-,-,-,-,-,-,0,-,-,-
12910,-,198,195,22.03.31,134,Male,0,-,Holstein,-,0,-,-,22.03.05,0.4,5.3,160,198,Male,0,-,-,-,0,0,0,0,0,0,0,0,0,0,0,0,0,0,Report Heat,-,0,-,-,-,-,-,-,-,0,-,-,-
12911,-,198,195,22.03.31,134,Male,0,-,Holstein,-,0,-,-,22.03.06,0.4,5.2,159,198,Male,0,-,-,-,0,0,0,0,0,0,0,0,0,0,0,0,0,0,Report Heat,-,0,-,-,-,-,-,-,-,0,-,-,-
12912,-,198,195,22.03.31,134,Male,0,-,Holstein,-,0,-,-,22.03.06,0.4,5.2,159,198,Male,0,-,-,-,0,0,0,0,0,0,0,0,0,0,0,0,0,0,Report Heat,-,0,-,-,-,-,-,-,-,0,-,-,-
12913,-,198,195,22.05.01,103,Male,0,-,Holstein,-,0,-,-,22.03.07,0.4,5.2,158,198,Male,0,-,-,-,0,0,0,0,0,0,0,0,0,0,0,0,0,0,Report Heat,-,0,-,-,-,-,-,-,-,0,-,-,-
12914,-,198,195,22.03.31,134,Male,0,-,Holstein,-,0,-,-,22.03.07,0.4,5.2,158,198,Male,0,-,-,-,0,0,0,0,0,0,0,0,0,0,0,0,0,0,Report Heat,-,0,-,-,-,-,-,-,-,0,-,-,-
12915,-,198,195,22.03.31,134,Male,0,-,Holstein,-,0,-,-,22.03.07,0.4,5.2,158,198,Male,0,-,-,-,0,0,0,0,0,0,0,0,0,0,0,0,0,0,Report Heat,-,0,-,-,-,-,-,-,-,0,-,-,-
12916,-,198,195,22.03.31,134,Male,0,-,Holstein,-,0,-,-,22.03.07,0.4,5.2,158,198,Male,0,-,-,-,0,0,0,0,0,0,0,0,0,0,0,0,0,0,Report Heat,-,0,-,-,-,-,-,-,-,0,-,-,-
12917,-,198,195,22.03.31,134,Male,0,-,Holstein,-,0,-,-,22.03.07,0.4,5.2,158,198,Male,0,-,-,-,0,0,0,0,0,0,0,0,0,0,0,0,0,0,Report Heat,-,0,-,-,-,-,-,-,-,0,-,-,-
12918,-,198,195,22.03.31,134,Male,0,-,Holstein,-,0,-,-,22.03.08,0.4,5.2,157,198,Male,0,-,-,-,0,0,0,0,0,0,0,0,0,0,0,0,0,0,Report Heat,-,0,-,-,-,-,-,-,-,0,-,-,-
12919,-,198,195,22.03.31,134,Male,0,-,Holstein,-,0,-,-,22.03.08,0.4,5.2,157,198,Male,0,-,-,-,0,0,0,0,0,0,0,0,0,0,0,0,0,0,Report Heat,-,0,-,-,-,-,-,-,-,0,-,-,-
12920,-,198,195,22.03.31,134,Male,0,-,Holstein,-,0,-,-,22.03.08,0.4,5.2,157,198,Male,0,-,-,-,0,0,0,0,0,0,0,0,0,0,0,0,0,0,Report Heat,-,0,-,-,-,-,-,-,-,0,-,-,-
12921,-,198,195,22.03.31,134,Male,0,-,Holstein,-,0,-,-,22.03.10,0.4,5.1,155,198,Male,0,-,-,-,0,0,0,0,0,0,0,0,0,0,0,0,0,0,Report Heat,-,0,-,-,-,-,-,-,-,0,-,-,-
12922,-,198,195,22.03.31,134,Male,0,-,Holstein,-,0,-,-,22.03.10,0.4,5.1,155,198,Male,0,-,-,-,0,0,0,0,0,0,0,0,0,0,0,0,0,0,Report Heat,-,0,-,-,-,-,-,-,-,0,-,-,-
12923,-,198,195,22.03.31,134,Male,0,-,Holstein,-,0,-,-,22.03.10,0.4,5.1,155,198,Male,0,-,-,-,0,0,0,0,0,0,0,0,0,0,0,0,0,0,Report Heat,-,0,-,-,-,-,-,-,-,0,-,-,-
12924,-,198,195,22.03.31,134,Male,0,-,Holstein,-,0,-,-,22.03.12,0.4,5,153,198,Male,0,-,-,-,0,0,0,0,0,0,0,0,0,0,0,0,0,0,Report Heat,-,0,-,-,-,-,-,-,-,0,-,-,-
12925,-,198,195,22.03.31,134,Male,0,-,Holstein,-,0,-,-,22.03.12,0.4,5,153,198,Male,0,-,-,-,0,0,0,0,0,0,0,0,0,0,0,0,0,0,Report Heat,-,0,-,-,-,-,-,-,-,0,-,-,-
12926,-,198,195,22.03.31,134,Male,0,-,Holstein,-,0,-,-,22.03.12,0.4,5,153,198,Male,0,-,-,-,0,0,0,0,0,0,0,0,0,0,0,0,0,0,Report Heat,-,0,-,-,-,-,-,-,-,0,-,-,-
12927,-,198,195,22.05.01,103,Male,0,-,Holstein,-,0,-,-,22.03.12,0.4,5,153,198,Male,0,-,-,-,0,0,0,0,0,0,0,0,0,0,0,0,0,0,Report Heat,-,0,-,-,-,-,-,-,-,0,-,-,-
12928,-,198,195,22.03.31,134,Male,0,-,Holstein,-,0,-,-,22.03.13,0.4,5,152,198,Male,0,-,-,-,0,0,0,0,0,0,0,0,0,0,0,0,0,0,Report Heat,-,0,-,-,-,-,-,-,-,0,-,-,-
12929,-,198,195,22.03.31,134,Male,0,-,Holstein,-,0,-,-,22.03.15,0.4,4.9,150,198,Male,0,-,-,-,0,0,0,0,0,0,0,0,0,0,0,0,0,0,Report Heat,-,0,-,-,-,-,-,-,-,0,-,-,-
12930,-,198,195,22.03.31,134,Male,0,-,Holstein,-,0,-,-,22.03.15,0.4,4.9,150,198,Male,0,-,-,-,0,0,0,0,0,0,0,0,0,0,0,0,0,0,Report Heat,-,0,-,-,-,-,-,-,-,0,-,-,-
12931,-,198,195,22.03.31,134,Male,0,-,Holstein,-,0,-,-,22.03.16,0.4,4.9,149,198,Male,0,-,-,-,0,0,0,0,0,0,0,0,0,0,0,0,0,0,Report Heat,-,0,-,-,-,-,-,-,-,0,-,-,-
12932,-,198,195,22.05.01,103,Male,0,-,Holstein,-,0,-,-,22.03.16,0.4,4.9,149,198,Male,0,-,-,-,0,0,0,0,0,0,0,0,0,0,0,0,0,0,Report Heat,-,0,-,-,-,-,-,-,-,0,-,-,-
12933,-,198,195,22.03.31,134,Male,0,-,Holstein,-,0,-,-,22.03.16,0.4,4.9,149,198,Male,0,-,-,-,0,0,0,0,0,0,0,0,0,0,0,0,0,0,Report Heat,-,0,-,-,-,-,-,-,-,0,-,-,-
12934,-,198,195,22.03.31,134,Male,0,-,Holstein,-,0,-,-,22.03.16,0.4,4.9,149,198,Male,0,-,-,-,0,0,0,0,0,0,0,0,0,0,0,0,0,0,Report Heat,-,0,-,-,-,-,-,-,-,0,-,-,-
12935,-,198,195,22.03.31,134,Male,0,-,Holstein,-,0,-,-,22.03.16,0.4,4.9,149,198,Male,0,-,-,-,0,0,0,0,0,0,0,0,0,0,0,0,0,0,Report Heat,-,0,-,-,-,-,-,-,-,0,-,-,-
12936,-,198,195,22.03.31,134,Male,0,-,Holstein,-,0,-,-,22.03.17,0.4,4.9,148,198,Male,0,-,-,-,0,0,0,0,0,0,0,0,0,0,0,0,0,0,Report Heat,-,0,-,-,-,-,-,-,-,0,-,-,-
12937,-,198,195,22.03.31,134,Male,0,-,Holstein,-,0,-,-,22.03.17,0.4,4.9,148,198,Male,0,-,-,-,0,0,0,0,0,0,0,0,0,0,0,0,0,0,Report Heat,-,0,-,-,-,-,-,-,-,0,-,-,-
12938,-,198,195,22.05.01,103,Male,0,-,Holstein,-,0,-,-,22.03.17,0.4,4.9,148,198,Male,0,-,-,-,0,0,0,0,0,0,0,0,0,0,0,0,0,0,Report Heat,-,0,-,-,-,-,-,-,-,0,-,-,-
12939,-,198,195,22.05.01,103,Male,0,-,Holstein,-,0,-,-,22.03.17,0.4,4.9,148,198,Male,0,-,-,-,0,0,0,0,0,0,0,0,0,0,0,0,0,0,Report Heat,-,0,-,-,-,-,-,-,-,0,-,-,-
12940,-,198,195,22.03.31,134,Male,0,-,Holstein,-,0,-,-,22.03.17,0.4,4.9,148,198,Male,0,-,-,-,0,0,0,0,0,0,0,0,0,0,0,0,0,0,Report Heat,-,0,-,-,-,-,-,-,-,0,-,-,-
12941,-,198,195,22.03.31,134,Male,0,-,Holstein,-,0,-,-,22.03.19,0.4,4.8,146,198,Male,0,-,-,-,0,0,0,0,0,0,0,0,0,0,0,0,0,0,Report Heat,-,0,-,-,-,-,-,-,-,0,-,-,-
12942,-,198,195,22.03.31,134,Male,0,-,Holstein,-,0,-,-,22.03.19,0.4,4.8,146,198,Male,0,-,-,-,0,0,0,0,0,0,0,0,0,0,0,0,0,0,Report Heat,-,0,-,-,-,-,-,-,-,0,-,-,-
12943,-,198,195,22.05.01,103,Male,0,-,Holstein,-,0,-,-,22.03.19,0.4,4.8,146,198,Male,0,-,-,-,0,0,0,0,0,0,0,0,0,0,0,0,0,0,Report Heat,-,0,-,-,-,-,-,-,-,0,-,-,-
12944,-,198,195,22.05.01,103,Male,0,-,Holstein,-,0,-,-,22.03.20,0.4,4.8,145,198,Male,0,-,-,-,0,0,0,0,0,0,0,0,0,0,0,0,0,0,Report Heat,-,0,-,-,-,-,-,-,-,0,-,-,-
12945,-,198,195,22.03.31,134,Male,0,-,Holstein,-,0,-,-,22.03.10,0.4,5.1,155,198,Male,0,-,-,-,0,0,0,0,0,0,0,0,0,0,0,0,0,0,Report Heat,-,0,-,-,-,-,-,-,-,0,-,-,-
12946,-,198,195,22.03.31,134,Male,0,-,Holstein,-,0,-,-,22.03.20,0.4,4.8,145,198,Male,0,-,-,-,0,0,0,0,0,0,0,0,0,0,0,0,0,0,Report Heat,-,0,-,-,-,-,-,-,-,0,-,-,-
12947,-,198,195,22.03.31,134,Male,0,-,Holstein,-,0,-,-,22.03.20,0.4,4.8,145,198,Male,0,-,-,-,0,0,0,0,0,0,0,0,0,0,0,0,0,0,Report Heat,-,0,-,-,-,-,-,-,-,0,-,-,-
12948,-,198,195,22.03.31,134,Male,0,-,Holstein,-,0,-,-,22.03.22,0.4,4.7,143,198,Male,0,-,-,-,0,0,0,0,0,0,0,0,0,0,0,0,0,0,Report Heat,-,0,-,-,-,-,-,-,-,0,-,-,-
12949,-,198,195,22.03.31,134,Male,0,-,Holstein,-,0,-,-,22.03.22,0.4,4.7,143,198,Male,0,-,-,-,0,0,0,0,0,0,0,0,0,0,0,0,0,0,Report Heat,-,0,-,-,-,-,-,-,-,0,-,-,-
12950,-,198,195,22.03.31,134,Male,0,-,Holstein,-,0,-,-,22.03.22,0.4,4.7,143,198,Male,0,-,-,-,0,0,0,0,0,0,0,0,0,0,0,0,0,0,Report Heat,-,0,-,-,-,-,-,-,-,0,-,-,-
12951,-,198,195,22.03.31,134,Male,0,-,Holstein,-,0,-,-,22.03.22,0.4,4.7,143,198,Male,0,-,-,-,0,0,0,0,0,0,0,0,0,0,0,0,0,0,Report Heat,-,0,-,-,-,-,-,-,-,0,-,-,-
12952,-,198,195,22.03.31,134,Male,0,-,Holstein,-,0,-,-,22.03.22,0.4,4.7,143,198,Male,0,-,-,-,0,0,0,0,0,0,0,0,0,0,0,0,0,0,Report Heat,-,0,-,-,-,-,-,-,-,0,-,-,-
12953,-,198,195,22.03.31,134,Male,0,-,Holstein,-,0,-,-,22.03.24,0.4,4.6,141,198,Male,0,-,-,-,0,0,0,0,0,0,0,0,0,0,0,0,0,0,Report Heat,-,0,-,-,-,-,-,-,-,0,-,-,-
12954,-,198,195,22.05.01,103,Male,0,-,Holstein,-,0,-,-,22.03.24,0.4,4.6,141,198,Male,0,-,-,-,0,0,0,0,0,0,0,0,0,0,0,0,0,0,Report Heat,-,0,-,-,-,-,-,-,-,0,-,-,-
12955,-,198,195,22.03.31,134,Male,0,-,Holstein,-,0,-,-,22.03.24,0.4,4.6,141,198,Male,0,-,-,-,0,0,0,0,0,0,0,0,0,0,0,0,0,0,Report Heat,-,0,-,-,-,-,-,-,-,0,-,-,-
12956,-,198,195,22.06.04,69,Male,0,-,Holstein,-,0,-,-,22.03.26,0.4,4.6,139,198,Male,0,-,-,-,0,0,0,0,0,0,0,0,0,0,0,0,0,0,Report Heat,-,0,-,-,-,-,-,-,-,0,-,-,-
12957,-,198,195,22.03.31,134,Male,0,-,Holstein,-,0,-,-,22.03.26,0.4,4.6,139,198,Male,0,-,-,-,0,0,0,0,0,0,0,0,0,0,0,0,0,0,Report Heat,-,0,-,-,-,-,-,-,-,0,-,-,-
12958,-,198,195,22.03.31,134,Male,0,-,Holstein,-,0,-,-,22.03.26,0.4,4.6,139,198,Male,0,-,-,-,0,0,0,0,0,0,0,0,0,0,0,0,0,0,Report Heat,-,0,-,-,-,-,-,-,-,0,-,-,-
12959,-,198,195,22.05.01,103,Male,0,-,Holstein,-,0,-,-,22.03.26,0.4,4.6,139,198,Male,0,-,-,-,0,0,0,0,0,0,0,0,0,0,0,0,0,0,Report Heat,-,0,-,-,-,-,-,-,-,0,-,-,-
12960,-,198,195,22.03.31,134,Male,0,-,Holstein,-,0,-,-,22.03.26,0.4,4.6,139,198,Male,0,-,-,-,0,0,0,0,0,0,0,0,0,0,0,0,0,0,Report Heat,-,0,-,-,-,-,-,-,-,0,-,-,-
12961,-,198,195,22.03.31,134,Male,0,-,Holstein,-,0,-,-,22.03.26,0.4,4.6,139,198,Male,0,-,-,-,0,0,0,0,0,0,0,0,0,0,0,0,0,0,Report Heat,-,0,-,-,-,-,-,-,-,0,-,-,-
12962,-,198,195,22.05.01,103,Male,0,-,Holstein,-,0,-,-,22.03.26,0.4,4.6,139,198,Male,0,-,-,-,0,0,0,0,0,0,0,0,0,0,0,0,0,0,Report Heat,-,0,-,-,-,-,-,-,-,0,-,-,-
12963,-,198,195,22.03.31,134,Male,0,-,Holstein,-,0,-,-,22.03.26,0.4,4.6,139,198,Male,0,-,-,-,0,0,0,0,0,0,0,0,0,0,0,0,0,0,Report Heat,-,0,-,-,-,-,-,-,-,0,-,-,-
12964,-,198,195,22.05.01,103,Male,0,-,Holstein,-,0,-,-,22.03.26,0.4,4.6,139,198,Male,0,-,-,-,0,0,0,0,0,0,0,0,0,0,0,0,0,0,Report Heat,-,0,-,-,-,-,-,-,-,0,-,-,-
12965,-,198,195,22.05.01,103,Male,0,-,Holstein,-,0,-,-,22.03.28,0.4,4.5,137,198,Male,0,-,-,-,0,0,0,0,0,0,0,0,0,0,0,0,0,0,Report Heat,-,0,-,-,-,-,-,-,-,0,-,-,-
12966,-,198,195,22.05.01,103,Male,0,-,Holstein,-,0,-,-,22.03.28,0.4,4.5,137,198,Male,0,-,-,-,0,0,0,0,0,0,0,0,0,0,0,0,0,0,Report Heat,-,0,-,-,-,-,-,-,-,0,-,-,-
12967,-,198,195,22.05.01,103,Male,0,-,Holstein,-,0,-,-,22.03.28,0.4,4.5,137,198,Male,0,-,-,-,0,0,0,0,0,0,0,0,0,0,0,0,0,0,Report Heat,-,0,-,-,-,-,-,-,-,0,-,-,-
12968,-,198,195,22.05.01,103,Male,0,-,Holstein,-,0,-,-,22.03.28,0.4,4.5,137,198,Male,0,-,-,-,0,0,0,0,0,0,0,0,0,0,0,0,0,0,Report Heat,-,0,-,-,-,-,-,-,-,0,-,-,-
12969,-,198,195,22.05.01,103,Male,0,-,Holstein,-,0,-,-,22.03.28,0.4,4.5,137,198,Male,0,-,-,-,0,0,0,0,0,0,0,0,0,0,0,0,0,0,Report Heat,-,0,-,-,-,-,-,-,-,0,-,-,-
12970,-,198,195,22.05.01,103,Male,0,-,Holstein,-,0,-,-,22.03.28,0.4,4.5,137,198,Male,0,-,-,-,0,0,0,0,0,0,0,0,0,0,0,0,0,0,Report Heat,-,0,-,-,-,-,-,-,-,0,-,-,-
12971,-,198,195,22.05.01,103,Male,0,-,Holstein,-,0,-,-,22.03.28,0.4,4.5,137,198,Male,0,-,-,-,0,0,0,0,0,0,0,0,0,0,0,0,0,0,Report Heat,-,0,-,-,-,-,-,-,-,0,-,-,-
12972,-,198,195,22.05.01,103,Male,0,-,Holstein,-,0,-,-,22.03.28,0.4,4.5,137,198,Male,0,-,-,-,0,0,0,0,0,0,0,0,0,0,0,0,0,0,Report Heat,-,0,-,-,-,-,-,-,-,0,-,-,-
12973,-,198,195,22.05.01,103,Male,0,-,Holstein,-,0,-,-,22.03.28,0.4,4.5,137,198,Male,0,-,-,-,0,0,0,0,0,0,0,0,0,0,0,0,0,0,Report Heat,-,0,-,-,-,-,-,-,-,0,-,-,-
12974,-,198,195,22.05.01,103,Male,0,-,Holstein,-,0,-,-,22.03.30,0.4,4.4,135,198,Male,0,-,-,-,0,0,0,0,0,0,0,0,0,0,0,0,0,0,Report Heat,-,0,-,-,-,-,-,-,-,0,-,-,-
12975,-,198,195,22.05.01,103,Male,0,-,Holstein,-,0,-,-,22.03.30,0.4,4.4,135,198,Male,0,-,-,-,0,0,0,0,0,0,0,0,0,0,0,0,0,0,Report Heat,-,0,-,-,-,-,-,-,-,0,-,-,-
12976,-,198,195,22.05.01,103,Male,0,-,Holstein,-,0,-,-,22.03.09,0.4,5.1,156,198,Male,0,-,-,-,0,0,0,0,0,0,0,0,0,0,0,0,0,0,Report Heat,-,0,-,-,-,-,-,-,-,0,-,-,-
12977,-,198,195,22.05.01,103,Male,0,-,Holstein,-,0,-,-,22.03.07,0.4,5.2,158,198,Male,0,-,-,-,0,0,0,0,0,0,0,0,0,0,0,0,0,0,Report Heat,-,0,-,-,-,-,-,-,-,0,-,-,-
12978,-,198,195,22.05.01,103,Male,0,-,Holstein,-,0,-,-,22.03.07,0.4,5.2,158,198,Male,0,-,-,-,0,0,0,0,0,0,0,0,0,0,0,0,0,0,Report Heat,-,0,-,-,-,-,-,-,-,0,-,-,-
12979,-,198,195,22.05.01,103,Male,0,-,Holstein,-,0,-,-,22.03.19,0.4,4.8,146,198,Male,0,-,-,-,0,0,0,0,0,0,0,0,0,0,0,0,0,0,Report Heat,-,0,-,-,-,-,-,-,-,0,-,-,-
12980,-,198,195,22.05.01,103,Male,0,-,Holstein,-,0,-,-,22.03.06,0.4,5.2,159,198,Male,0,-,-,-,0,0,0,0,0,0,0,0,0,0,0,0,0,0,Report Heat,-,0,-,-,-,-,-,-,-,0,-,-,-
12981,-,198,195,22.05.01,103,Male,0,-,Holstein,-,0,-,-,22.03.31,0.4,4.4,134,198,Male,0,-,-,-,0,0,0,0,0,0,0,0,0,0,0,0,0,0,Report Heat,-,0,-,-,-,-,-,-,-,0,-,-,-
12982,-,198,195,22.05.01,103,Male,0,-,Holstein,-,0,-,-,22.03.31,0.4,4.4,134,198,Male,0,-,-,-,0,0,0,0,0,0,0,0,0,0,0,0,0,0,Report Heat,-,0,-,-,-,-,-,-,-,0,-,-,-
12983,-,198,195,22.05.01,103,Male,0,-,Holstein,-,0,-,-,22.03.31,0.4,4.4,134,198,Male,0,-,-,-,0,0,0,0,0,0,0,0,0,0,0,0,0,0,Report Heat,-,0,-,-,-,-,-,-,-,0,-,-,-
12984,-,198,195,22.05.01,103,Male,0,-,Holstein,-,0,-,-,22.03.17,0.4,4.9,148,198,Male,0,-,-,-,0,0,0,0,0,0,0,0,0,0,0,0,0,0,Report Heat,-,0,-,-,-,-,-,-,-,0,-,-,-
12985,-,198,195,22.07.02,41,Male,0,-,Holstein,-,0,-,-,22.03.24,0.4,4.6,141,198,Male,0,-,-,-,0,0,0,0,0,0,0,0,0,0,0,0,0,0,Report Heat,-,0,-,-,-,-,-,-,-,0,-,-,-
12986,-,198,195,22.05.01,103,Male,0,-,Holstein,-,0,-,-,22.04.01,0.4,4.4,133,198,Male,0,-,-,-,0,0,0,0,0,0,0,0,0,0,0,0,0,0,Report Heat,-,0,-,-,-,-,-,-,-,0,-,-,-
12987,-,198,195,22.05.01,103,Male,0,-,Holstein,-,0,-,-,22.04.02,0.4,4.3,132,198,Male,0,-,-,-,0,0,0,0,0,0,0,0,0,0,0,0,0,0,Report Heat,-,0,-,-,-,-,-,-,-,0,-,-,-
12988,-,198,195,22.05.01,103,Male,0,-,Holstein,-,0,-,-,22.04.02,0.4,4.3,132,198,Male,0,-,-,-,0,0,0,0,0,0,0,0,0,0,0,0,0,0,Report Heat,-,0,-,-,-,-,-,-,-,0,-,-,-
12989,-,198,195,22.05.01,103,Male,0,-,Holstein,-,0,-,-,22.04.02,0.4,4.3,132,198,Male,0,-,-,-,0,0,0,0,0,0,0,0,0,0,0,0,0,0,Report Heat,-,0,-,-,-,-,-,-,-,0,-,-,-
12990,-,198,195,22.05.01,103,Male,0,-,Holstein,-,0,-,-,22.04.02,0.4,4.3,132,198,Male,0,-,-,-,0,0,0,0,0,0,0,0,0,0,0,0,0,0,Report Heat,-,0,-,-,-,-,-,-,-,0,-,-,-
12991,-,198,195,22.05.01,103,Male,0,-,Holstein,-,0,-,-,22.04.02,0.4,4.3,132,198,Male,0,-,-,-,0,0,0,0,0,0,0,0,0,0,0,0,0,0,Report Heat,-,0,-,-,-,-,-,-,-,0,-,-,-
12992,-,198,195,22.05.01,103,Male,0,-,Holstein,-,0,-,-,22.04.04,0.4,4.3,130,198,Male,0,-,-,-,0,0,0,0,0,0,0,0,0,0,0,0,0,0,Report Heat,-,0,-,-,-,-,-,-,-,0,-,-,-
12993,-,198,195,22.05.01,103,Male,0,-,Holstein,-,0,-,-,22.04.04,0.4,4.3,130,198,Male,0,-,-,-,0,0,0,0,0,0,0,0,0,0,0,0,0,0,Report Heat,-,0,-,-,-,-,-,-,-,0,-,-,-
12994,-,198,195,22.05.01,103,Male,0,-,Holstein,-,0,-,-,22.04.04,0.4,4.3,130,198,Male,0,-,-,-,0,0,0,0,0,0,0,0,0,0,0,0,0,0,Report Heat,-,0,-,-,-,-,-,-,-,0,-,-,-
12995,-,198,195,22.05.01,103,Male,0,-,Holstein,-,0,-,-,22.04.04,0.4,4.3,130,198,Male,0,-,-,-,0,0,0,0,0,0,0,0,0,0,0,0,0,0,Report Heat,-,0,-,-,-,-,-,-,-,0,-,-,-
12996,-,198,195,22.05.01,103,Male,0,-,Holstein,-,0,-,-,22.04.05,0.4,4.2,129,198,Male,0,-,-,-,0,0,0,0,0,0,0,0,0,0,0,0,0,0,Report Heat,-,0,-,-,-,-,-,-,-,0,-,-,-
12997,-,198,195,22.05.01,103,Male,0,-,Holstein,-,0,-,-,22.04.05,0.4,4.2,129,198,Male,0,-,-,-,0,0,0,0,0,0,0,0,0,0,0,0,0,0,Report Heat,-,0,-,-,-,-,-,-,-,0,-,-,-
12998,-,198,195,22.05.01,103,Male,0,-,Holstein,-,0,-,-,22.04.05,0.4,4.2,129,198,Male,0,-,-,-,0,0,0,0,0,0,0,0,0,0,0,0,0,0,Report Heat,-,0,-,-,-,-,-,-,-,0,-,-,-
12999,-,198,195,22.05.01,103,Male,0,-,Holstein,-,0,-,-,22.04.05,0.4,4.2,129,198,Male,0,-,-,-,0,0,0,0,0,0,0,0,0,0,0,0,0,0,Report Heat,-,0,-,-,-,-,-,-,-,0,-,-,-
13000,-,198,195,22.05.01,103,Male,0,-,Holstein,-,0,-,-,22.04.05,0.4,4.2,129,198,Male,0,-,-,-,0,0,0,0,0,0,0,0,0,0,0,0,0,0,Report Heat,-,0,-,-,-,-,-,-,-,0,-,-,-
13001,-,198,195,22.05.01,103,Male,0,-,Holstein,-,0,-,-,22.04.05,0.4,4.2,129,198,Male,0,-,-,-,0,0,0,0,0,0,0,0,0,0,0,0,0,0,Report Heat,-,0,-,-,-,-,-,-,-,0,-,-,-
13002,-,198,195,22.05.01,103,Male,0,-,Holstein,-,0,-,-,22.04.05,0.4,4.2,129,198,Male,0,-,-,-,0,0,0,0,0,0,0,0,0,0,0,0,0,0,Report Heat,-,0,-,-,-,-,-,-,-,0,-,-,-
13003,-,198,195,22.05.01,103,Male,0,-,Holstein,-,0,-,-,22.04.06,0.4,4.2,128,198,Male,0,-,-,-,0,0,0,0,0,0,0,0,0,0,0,0,0,0,Report Heat,-,0,-,-,-,-,-,-,-,0,-,-,-
13004,-,198,195,22.05.01,103,Male,0,-,Holstein,-,0,-,-,22.04.07,0.3,4.2,127,198,Male,0,-,-,-,0,0,0,0,0,0,0,0,0,0,0,0,0,0,Report Heat,-,0,-,-,-,-,-,-,-,0,-,-,-
13005,-,198,195,22.05.01,103,Male,0,-,Holstein,-,0,-,-,22.04.07,0.3,4.2,127,198,Male,0,-,-,-,0,0,0,0,0,0,0,0,0,0,0,0,0,0,Report Heat,-,0,-,-,-,-,-,-,-,0,-,-,-
13006,-,198,195,22.05.01,103,Male,0,-,Holstein,-,0,-,-,22.04.07,0.3,4.2,127,198,Male,0,-,-,-,0,0,0,0,0,0,0,0,0,0,0,0,0,0,Report Heat,-,0,-,-,-,-,-,-,-,0,-,-,-
13007,-,198,195,22.05.01,103,Male,0,-,Holstein,-,0,-,-,22.04.07,0.3,4.2,127,198,Male,0,-,-,-,0,0,0,0,0,0,0,0,0,0,0,0,0,0,Report Heat,-,0,-,-,-,-,-,-,-,0,-,-,-
13008,-,198,195,22.05.01,103,Male,0,-,Holstein,-,0,-,-,22.04.07,0.3,4.2,127,198,Male,0,-,-,-,0,0,0,0,0,0,0,0,0,0,0,0,0,0,Report Heat,-,0,-,-,-,-,-,-,-,0,-,-,-
13009,-,198,195,22.05.01,103,Male,0,-,Holstein,-,0,-,-,22.04.07,0.3,4.2,127,198,Male,0,-,-,-,0,0,0,0,0,0,0,0,0,0,0,0,0,0,Report Heat,-,0,-,-,-,-,-,-,-,0,-,-,-
13010,-,198,195,22.05.01,103,Male,0,-,Holstein,-,0,-,-,22.04.09,0.3,4.1,125,198,Male,0,-,-,-,0,0,0,0,0,0,0,0,0,0,0,0,0,0,Report Heat,-,0,-,-,-,-,-,-,-,0,-,-,-
13011,-,198,195,22.05.01,103,Male,0,-,Holstein,-,0,-,-,22.04.09,0.3,4.1,125,198,Male,0,-,-,-,0,0,0,0,0,0,0,0,0,0,0,0,0,0,Report Heat,-,0,-,-,-,-,-,-,-,0,-,-,-
13012,-,198,195,22.05.01,103,Male,0,-,Holstein,-,0,-,-,22.04.09,0.3,4.1,125,198,Male,0,-,-,-,0,0,0,0,0,0,0,0,0,0,0,0,0,0,Report Heat,-,0,-,-,-,-,-,-,-,0,-,-,-
13013,-,198,195,22.05.01,103,Male,0,-,Holstein,-,0,-,-,22.04.11,0.3,4,123,198,Male,0,-,-,-,0,0,0,0,0,0,0,0,0,0,0,0,0,0,Report Heat,-,0,-,-,-,-,-,-,-,0,-,-,-
13014,-,198,195,22.05.01,103,Male,0,-,Holstein,-,0,-,-,22.04.11,0.3,4,123,198,Male,0,-,-,-,0,0,0,0,0,0,0,0,0,0,0,0,0,0,Report Heat,-,0,-,-,-,-,-,-,-,0,-,-,-
13015,-,198,195,22.05.01,103,Male,0,-,Holstein,-,0,-,-,22.04.11,0.3,4,123,198,Male,0,-,-,-,0,0,0,0,0,0,0,0,0,0,0,0,0,0,Report Heat,-,0,-,-,-,-,-,-,-,0,-,-,-
13016,-,198,195,22.05.01,103,Male,0,-,Holstein,-,0,-,-,22.04.12,0.3,4,122,198,Male,0,-,-,-,0,0,0,0,0,0,0,0,0,0,0,0,0,0,Report Heat,-,0,-,-,-,-,-,-,-,0,-,-,-
13017,-,198,195,22.05.01,103,Male,0,-,Holstein,-,0,-,-,22.04.13,0.3,4,121,198,Male,0,-,-,-,0,0,0,0,0,0,0,0,0,0,0,0,0,0,Report Heat,-,0,-,-,-,-,-,-,-,0,-,-,-
13018,-,198,195,22.05.01,103,Male,0,-,Holstein,-,0,-,-,22.04.13,0.3,4,121,198,Male,0,-,-,-,0,0,0,0,0,0,0,0,0,0,0,0,0,0,Report Heat,-,0,-,-,-,-,-,-,-,0,-,-,-
13019,-,198,195,22.05.01,103,Male,0,-,Holstein,-,0,-,-,22.04.13,0.3,4,121,198,Male,0,-,-,-,0,0,0,0,0,0,0,0,0,0,0,0,0,0,Report Heat,-,0,-,-,-,-,-,-,-,0,-,-,-
13020,-,198,195,22.05.01,103,Male,0,-,Holstein,-,0,-,-,22.04.13,0.3,4,121,198,Male,0,-,-,-,0,0,0,0,0,0,0,0,0,0,0,0,0,0,Report Heat,-,0,-,-,-,-,-,-,-,0,-,-,-
13021,-,198,195,22.05.01,103,Male,0,-,Holstein,-,0,-,-,22.04.13,0.3,4,121,198,Male,0,-,-,-,0,0,0,0,0,0,0,0,0,0,0,0,0,0,Report Heat,-,0,-,-,-,-,-,-,-,0,-,-,-
13022,-,198,195,22.05.01,103,Male,0,-,Holstein,-,0,-,-,22.04.13,0.3,4,121,198,Male,0,-,-,-,0,0,0,0,0,0,0,0,0,0,0,0,0,0,Report Heat,-,0,-,-,-,-,-,-,-,0,-,-,-
13023,-,198,195,22.05.01,103,Male,0,-,Holstein,-,0,-,-,22.04.13,0.3,4,121,198,Male,0,-,-,-,0,0,0,0,0,0,0,0,0,0,0,0,0,0,Report Heat,-,0,-,-,-,-,-,-,-,0,-,-,-
13024,-,198,195,22.05.01,103,Male,0,-,Holstein,-,0,-,-,22.04.13,0.3,4,121,198,Male,0,-,-,-,0,0,0,0,0,0,0,0,0,0,0,0,0,0,Report Heat,-,0,-,-,-,-,-,-,-,0,-,-,-
13025,-,198,195,22.05.01,103,Male,0,-,Holstein,-,0,-,-,22.04.14,0.3,3.9,120,198,Male,0,-,-,-,0,0,0,0,0,0,0,0,0,0,0,0,0,0,Report Heat,-,0,-,-,-,-,-,-,-,0,-,-,-
13026,-,198,195,22.05.01,103,Male,0,-,Holstein,-,0,-,-,22.04.16,0.3,3.9,118,198,Male,0,-,-,-,0,0,0,0,0,0,0,0,0,0,0,0,0,0,Report Heat,-,0,-,-,-,-,-,-,-,0,-,-,-
13027,-,198,195,22.05.01,103,Male,0,-,Holstein,-,0,-,-,22.04.16,0.3,3.9,118,198,Male,0,-,-,-,0,0,0,0,0,0,0,0,0,0,0,0,0,0,Report Heat,-,0,-,-,-,-,-,-,-,0,-,-,-
13028,-,198,195,22.05.01,103,Male,0,-,Holstein,-,0,-,-,22.04.16,0.3,3.9,118,198,Male,0,-,-,-,0,0,0,0,0,0,0,0,0,0,0,0,0,0,Report Heat,-,0,-,-,-,-,-,-,-,0,-,-,-
13029,-,198,195,22.05.01,103,Male,0,-,Holstein,-,0,-,-,22.04.16,0.3,3.9,118,198,Male,0,-,-,-,0,0,0,0,0,0,0,0,0,0,0,0,0,0,Report Heat,-,0,-,-,-,-,-,-,-,0,-,-,-
13030,-,198,195,22.05.01,103,Male,0,-,Holstein,-,0,-,-,22.04.17,0.3,3.8,117,198,Male,0,-,-,-,0,0,0,0,0,0,0,0,0,0,0,0,0,0,Report Heat,-,0,-,-,-,-,-,-,-,0,-,-,-
13031,-,198,195,22.05.01,103,Male,0,-,Holstein,-,0,-,-,22.04.18,0.3,3.8,116,198,Male,0,-,-,-,0,0,0,0,0,0,0,0,0,0,0,0,0,0,Report Heat,-,0,-,-,-,-,-,-,-,0,-,-,-
13032,-,198,195,22.05.01,103,Male,0,-,Holstein,-,0,-,-,22.04.18,0.3,3.8,116,198,Male,0,-,-,-,0,0,0,0,0,0,0,0,0,0,0,0,0,0,Report Heat,-,0,-,-,-,-,-,-,-,0,-,-,-
13033,-,198,195,22.05.01,103,Male,0,-,Holstein,-,0,-,-,22.04.18,0.3,3.8,116,198,Male,0,-,-,-,0,0,0,0,0,0,0,0,0,0,0,0,0,0,Report Heat,-,0,-,-,-,-,-,-,-,0,-,-,-
13034,-,198,195,22.05.01,103,Male,0,-,Holstein,-,0,-,-,22.04.18,0.3,3.8,116,198,Male,0,-,-,-,0,0,0,0,0,0,0,0,0,0,0,0,0,0,Report Heat,-,0,-,-,-,-,-,-,-,0,-,-,-
13035,-,198,195,22.06.04,69,Male,0,-,Holstein,-,0,-,-,22.04.18,0.3,3.8,116,198,Male,0,-,-,-,0,0,0,0,0,0,0,0,0,0,0,0,0,0,Report Heat,-,0,-,-,-,-,-,-,-,0,-,-,-
13036,-,198,195,22.05.01,103,Male,0,-,Holstein,-,0,-,-,22.04.19,0.3,3.8,115,198,Male,0,-,-,-,0,0,0,0,0,0,0,0,0,0,0,0,0,0,Report Heat,-,0,-,-,-,-,-,-,-,0,-,-,-
13037,-,198,195,22.05.01,103,Male,0,-,Holstein,-,0,-,-,22.04.19,0.3,3.8,115,198,Male,0,-,-,-,0,0,0,0,0,0,0,0,0,0,0,0,0,0,Report Heat,-,0,-,-,-,-,-,-,-,0,-,-,-
13038,-,198,195,22.05.01,103,Male,0,-,Holstein,-,0,-,-,22.04.19,0.3,3.8,115,198,Male,0,-,-,-,0,0,0,0,0,0,0,0,0,0,0,0,0,0,Report Heat,-,0,-,-,-,-,-,-,-,0,-,-,-
13039,-,198,195,22.06.04,69,Male,0,-,Holstein,-,0,-,-,22.04.19,0.3,3.8,115,198,Male,0,-,-,-,0,0,0,0,0,0,0,0,0,0,0,0,0,0,Report Heat,-,0,-,-,-,-,-,-,-,0,-,-,-
13040,-,198,195,22.05.01,103,Male,0,-,Holstein,-,0,-,-,22.04.19,0.3,3.8,115,198,Male,0,-,-,-,0,0,0,0,0,0,0,0,0,0,0,0,0,0,Report Heat,-,0,-,-,-,-,-,-,-,0,-,-,-
13041,-,198,195,22.05.01,103,Male,0,-,Holstein,-,0,-,-,22.04.19,0.3,3.8,115,198,Male,0,-,-,-,0,0,0,0,0,0,0,0,0,0,0,0,0,0,Report Heat,-,0,-,-,-,-,-,-,-,0,-,-,-
13042,-,198,195,22.06.04,69,Male,0,-,Holstein,-,0,-,-,22.04.21,0.3,3.7,113,198,Male,0,-,-,-,0,0,0,0,0,0,0,0,0,0,0,0,0,0,Report Heat,-,0,-,-,-,-,-,-,-,0,-,-,-
13043,-,198,195,22.05.01,103,Male,0,-,Holstein,-,0,-,-,22.04.21,0.3,3.7,113,198,Male,0,-,-,-,0,0,0,0,0,0,0,0,0,0,0,0,0,0,Report Heat,-,0,-,-,-,-,-,-,-,0,-,-,-
13044,-,198,195,22.05.01,103,Male,0,-,Holstein,-,0,-,-,22.04.21,0.3,3.7,113,198,Male,0,-,-,-,0,0,0,0,0,0,0,0,0,0,0,0,0,0,Report Heat,-,0,-,-,-,-,-,-,-,0,-,-,-
13045,-,198,195,22.05.01,103,Male,0,-,Holstein,-,0,-,-,22.04.21,0.3,3.7,113,198,Male,0,-,-,-,0,0,0,0,0,0,0,0,0,0,0,0,0,0,Report Heat,-,0,-,-,-,-,-,-,-,0,-,-,-
13046,-,198,195,22.05.01,103,Male,0,-,Holstein,-,0,-,-,22.04.21,0.3,3.7,113,198,Male,0,-,-,-,0,0,0,0,0,0,0,0,0,0,0,0,0,0,Report Heat,-,0,-,-,-,-,-,-,-,0,-,-,-
13047,-,198,195,22.06.04,69,Male,0,-,Holstein,-,0,-,-,22.04.21,0.3,3.7,113,198,Male,0,-,-,-,0,0,0,0,0,0,0,0,0,0,0,0,0,0,Report Heat,-,0,-,-,-,-,-,-,-,0,-,-,-
13048,-,198,195,22.05.01,103,Male,0,-,Holstein,-,0,-,-,22.04.21,0.3,3.7,113,198,Male,0,-,-,-,0,0,0,0,0,0,0,0,0,0,0,0,0,0,Report Heat,-,0,-,-,-,-,-,-,-,0,-,-,-
13049,-,198,195,22.05.01,103,Male,0,-,Holstein,-,0,-,-,22.04.21,0.3,3.7,113,198,Male,0,-,-,-,0,0,0,0,0,0,0,0,0,0,0,0,0,0,Report Heat,-,0,-,-,-,-,-,-,-,0,-,-,-
13050,-,198,195,22.05.01,103,Male,0,-,Holstein,-,0,-,-,22.04.21,0.3,3.7,113,198,Male,0,-,-,-,0,0,0,0,0,0,0,0,0,0,0,0,0,0,Report Heat,-,0,-,-,-,-,-,-,-,0,-,-,-
13051,-,198,195,22.05.01,103,Male,0,-,Holstein,-,0,-,-,22.04.21,0.3,3.7,113,198,Male,0,-,-,-,0,0,0,0,0,0,0,0,0,0,0,0,0,0,Report Heat,-,0,-,-,-,-,-,-,-,0,-,-,-
13052,-,198,195,22.05.01,103,Male,0,-,Holstein,-,0,-,-,22.04.23,0.3,3.6,111,198,Male,0,-,-,-,0,0,0,0,0,0,0,0,0,0,0,0,0,0,Report Heat,-,0,-,-,-,-,-,-,-,0,-,-,-
13053,-,198,195,22.06.04,69,Male,0,-,Holstein,-,0,-,-,22.04.23,0.3,3.6,111,198,Male,0,-,-,-,0,0,0,0,0,0,0,0,0,0,0,0,0,0,Report Heat,-,0,-,-,-,-,-,-,-,0,-,-,-
13054,-,198,195,22.05.01,103,Male,0,-,Holstein,-,0,-,-,22.04.23,0.3,3.6,111,198,Male,0,-,-,-,0,0,0,0,0,0,0,0,0,0,0,0,0,0,Report Heat,-,0,-,-,-,-,-,-,-,0,-,-,-
13055,-,198,195,22.06.04,69,Male,0,-,Holstein,-,0,-,-,22.04.23,0.3,3.6,111,198,Male,0,-,-,-,0,0,0,0,0,0,0,0,0,0,0,0,0,0,Report Heat,-,0,-,-,-,-,-,-,-,0,-,-,-
13056,-,198,195,22.06.04,69,Male,0,-,Holstein,-,0,-,-,22.04.23,0.3,3.6,111,198,Male,0,-,-,-,0,0,0,0,0,0,0,0,0,0,0,0,0,0,Report Heat,-,0,-,-,-,-,-,-,-,0,-,-,-
13057,-,198,195,22.06.04,69,Male,0,-,Holstein,-,0,-,-,22.04.25,0.3,3.6,109,198,Male,0,-,-,-,0,0,0,0,0,0,0,0,0,0,0,0,0,0,Report Heat,-,0,-,-,-,-,-,-,-,0,-,-,-
13058,-,199,190,22.05.01,103,Female,0,-,Holstein,-,0,-,Yes,22.04.26,0.3,3.5,108,199,"Cull, Not Pregnant",0,-,-,-,0,0,0,0,0,0,0,0,0,0,0,0,0,0,Report Heat,-,0,-,-,-,-,-,-,-,0,-,-,-
13059,-,198,195,22.05.01,103,Male,0,-,Holstein,-,0,-,-,22.04.26,0.3,3.5,108,198,Male,0,-,-,-,0,0,0,0,0,0,0,0,0,0,0,0,0,0,Report Heat,-,0,-,-,-,-,-,-,-,0,-,-,-
13060,-,198,195,22.05.01,103,Male,0,-,Holstein,-,0,-,-,22.04.26,0.3,3.5,108,198,Male,0,-,-,-,0,0,0,0,0,0,0,0,0,0,0,0,0,0,Report Heat,-,0,-,-,-,-,-,-,-,0,-,-,-
13061,-,198,195,22.06.04,69,Male,0,-,Holstein,-,0,-,-,22.04.27,0.3,3.5,107,198,Male,0,-,-,-,0,0,0,0,0,0,0,0,0,0,0,0,0,0,Report Heat,-,0,-,-,-,-,-,-,-,0,-,-,-
13062,-,198,195,22.05.01,103,Male,0,-,Holstein,-,0,-,-,22.04.27,0.3,3.5,107,198,Male,0,-,-,-,0,0,0,0,0,0,0,0,0,0,0,0,0,0,Report Heat,-,0,-,-,-,-,-,-,-,0,-,-,-
13063,-,198,195,22.06.04,69,Male,0,-,Holstein,-,0,-,-,22.04.27,0.3,3.5,107,198,Male,0,-,-,-,0,0,0,0,0,0,0,0,0,0,0,0,0,0,Report Heat,-,0,-,-,-,-,-,-,-,0,-,-,-
13064,-,198,195,22.06.04,69,Male,0,-,Holstein,-,0,-,-,22.04.28,0.3,3.5,106,198,Male,0,-,-,-,0,0,0,0,0,0,0,0,0,0,0,0,0,0,Report Heat,-,0,-,-,-,-,-,-,-,0,-,-,-
13065,-,198,195,22.06.04,69,Male,0,-,Holstein,-,0,-,-,22.04.28,0.3,3.5,106,198,Male,0,-,-,-,0,0,0,0,0,0,0,0,0,0,0,0,0,0,Report Heat,-,0,-,-,-,-,-,-,-,0,-,-,-
13066,-,198,195,22.06.04,69,Male,0,-,Holstein,-,0,-,-,22.04.28,0.3,3.5,106,198,Male,0,-,-,-,0,0,0,0,0,0,0,0,0,0,0,0,0,0,Report Heat,-,0,-,-,-,-,-,-,-,0,-,-,-
13067,-,198,195,22.06.04,69,Male,0,-,Holstein,-,0,-,-,22.04.28,0.3,3.5,106,198,Male,0,-,-,-,0,0,0,0,0,0,0,0,0,0,0,0,0,0,Report Heat,-,0,-,-,-,-,-,-,-,0,-,-,-
13068,-,198,195,22.06.04,69,Male,0,-,Holstein,-,0,-,-,22.04.28,0.3,3.5,106,198,Male,0,-,-,-,0,0,0,0,0,0,0,0,0,0,0,0,0,0,Report Heat,-,0,-,-,-,-,-,-,-,0,-,-,-
13069,-,198,195,22.06.04,69,Male,0,-,Holstein,-,0,-,-,22.04.28,0.3,3.5,106,198,Male,0,-,-,-,0,0,0,0,0,0,0,0,0,0,0,0,0,0,Report Heat,-,0,-,-,-,-,-,-,-,0,-,-,-
13070,-,198,195,22.06.04,69,Male,0,-,Holstein,-,0,-,-,22.04.30,0.3,3.4,104,198,Male,0,-,-,-,0,0,0,0,0,0,0,0,0,0,0,0,0,0,Report Heat,-,0,-,-,-,-,-,-,-,0,-,-,-
13071,-,198,195,22.06.04,69,Male,0,-,Holstein,-,0,-,-,22.04.30,0.3,3.4,104,198,Male,0,-,-,-,0,0,0,0,0,0,0,0,0,0,0,0,0,0,Report Heat,-,0,-,-,-,-,-,-,-,0,-,-,-
13072,-,198,195,22.06.04,69,Male,0,-,Holstein,-,0,-,-,22.04.30,0.3,3.4,104,198,Male,0,-,-,-,0,0,0,0,0,0,0,0,0,0,0,0,0,0,Report Heat,-,0,-,-,-,-,-,-,-,0,-,-,-
13073,-,198,195,22.06.04,69,Male,0,-,Holstein,-,0,-,-,22.04.30,0.3,3.4,104,198,Male,0,-,-,-,0,0,0,0,0,0,0,0,0,0,0,0,0,0,Report Heat,-,0,-,-,-,-,-,-,-,0,-,-,-
13074,-,198,195,22.06.04,69,Male,0,-,Holstein,-,0,-,-,22.05.01,0.3,3.4,103,198,Male,0,-,-,-,0,0,0,0,0,0,0,0,0,0,0,0,0,0,Report Heat,-,0,-,-,-,-,-,-,-,0,-,-,-
13075,-,198,195,22.06.04,69,Male,0,-,Holstein,-,0,-,-,22.05.01,0.3,3.4,103,198,Male,0,-,-,-,0,0,0,0,0,0,0,0,0,0,0,0,0,0,Report Heat,-,0,-,-,-,-,-,-,-,0,-,-,-
13076,-,198,195,22.06.04,69,Male,0,-,Holstein,-,0,-,-,22.05.01,0.3,3.4,103,198,Male,0,-,-,-,0,0,0,0,0,0,0,0,0,0,0,0,0,0,Report Heat,-,0,-,-,-,-,-,-,-,0,-,-,-
13077,-,198,195,22.07.02,41,Male,0,-,Holstein,-,0,-,-,22.04.13,0.3,4,121,198,Male,0,-,-,-,0,0,0,0,0,0,0,0,0,0,0,0,0,0,Report Heat,-,0,-,-,-,-,-,-,-,0,-,-,-
13078,-,195,101,22.08.08,4,Male,0,-,Holstein,-,0,-,-,22.04.13,0.3,4,121,195,Male,0,-,-,-,0,0,0,0,0,0,0,0,0,0,0,0,0,0,Report Heat,-,0,-,-,-,-,-,-,-,0,-,-,-
13079,-,101,1,-,0,Male,0,-,Holstein,-,0,-,-,22.04.19,0.3,3.8,115,101,Male,0,-,-,-,0,0,0,0,0,0,0,0,0,0,0,0,0,0,Report Heat,-,0,-,-,-,-,-,-,-,0,-,-,-
13080,-,198,195,22.06.04,69,Male,0,-,Holstein,-,0,-,-,22.04.21,0.3,3.7,113,198,Male,0,-,-,-,0,0,0,0,0,0,0,0,0,0,0,0,0,0,Report Heat,-,0,-,-,-,-,-,-,-,0,-,-,-
13081,-,198,195,22.06.04,69,Male,0,-,Holstein,-,0,-,-,22.04.22,0.3,3.7,112,198,Male,0,-,-,-,0,0,0,0,0,0,0,0,0,0,0,0,0,0,Report Heat,-,0,-,-,-,-,-,-,-,0,-,-,-
13082,-,198,195,22.06.04,69,Male,0,-,Holstein,-,0,-,-,22.04.26,0.3,3.5,108,198,Male,0,-,-,-,0,0,0,0,0,0,0,0,0,0,0,0,0,0,Report Heat,-,0,-,-,-,-,-,-,-,0,-,-,-
13083,-,198,195,22.06.04,69,Male,0,-,Holstein,-,0,-,-,22.05.02,0.3,3.4,102,198,Male,0,-,-,-,0,0,0,0,0,0,0,0,0,0,0,0,0,0,Report Heat,-,0,-,-,-,-,-,-,-,0,-,-,-
13084,-,198,195,22.06.04,69,Male,0,-,Holstein,-,0,-,-,22.05.03,0.3,3.3,101,198,Male,0,-,-,-,0,0,0,0,0,0,0,0,0,0,0,0,0,0,Report Heat,-,0,-,-,-,-,-,-,-,0,-,-,-
13085,-,198,195,22.06.04,69,Female,0,-,Holstein,-,0,-,-,22.05.01,0.3,3.4,103,198,Heifer,0,-,-,-,0,0,0,0,0,0,0,0,0,0,0,0,0,0,Report Heat,-,0,-,-,-,-,-,-,-,0,-,-,-
13086,-,198,195,22.06.04,69,Male,0,-,Holstein,-,0,-,-,22.05.03,0.3,3.3,101,198,Male,0,-,-,-,0,0,0,0,0,0,0,0,0,0,0,0,0,0,Report Heat,-,0,-,-,-,-,-,-,-,0,-,-,-
13087,-,198,195,22.06.04,69,Male,0,-,Holstein,-,0,-,-,22.05.03,0.3,3.3,101,198,Male,0,-,-,-,0,0,0,0,0,0,0,0,0,0,0,0,0,0,Report Heat,-,0,-,-,-,-,-,-,-,0,-,-,-
13088,-,198,195,22.06.04,69,Male,0,-,Holstein,-,0,-,-,22.05.04,0.3,3.3,100,198,Male,0,-,-,-,0,0,0,0,0,0,0,0,0,0,0,0,0,0,Report Heat,-,0,-,-,-,-,-,-,-,0,-,-,-
13089,-,198,195,22.06.04,69,Male,0,-,Holstein,-,0,-,-,22.05.04,0.3,3.3,100,198,Male,0,-,-,-,0,0,0,0,0,0,0,0,0,0,0,0,0,0,Report Heat,-,0,-,-,-,-,-,-,-,0,-,-,-
13090,-,198,195,22.06.04,69,Male,0,-,Holstein,-,0,-,-,22.05.04,0.3,3.3,100,198,Male,0,-,-,-,0,0,0,0,0,0,0,0,0,0,0,0,0,0,Report Heat,-,0,-,-,-,-,-,-,-,0,-,-,-
13091,-,198,195,22.06.04,69,Male,0,-,Holstein,-,0,-,-,22.05.05,0.3,3.3,99,198,Male,0,-,-,-,0,0,0,0,0,0,0,0,0,0,0,0,0,0,Report Heat,-,0,-,-,-,-,-,-,-,0,-,-,-
13092,-,198,195,22.06.04,69,Male,0,-,Holstein,-,0,-,-,22.05.05,0.3,3.3,99,198,Male,0,-,-,-,0,0,0,0,0,0,0,0,0,0,0,0,0,0,Report Heat,-,0,-,-,-,-,-,-,-,0,-,-,-
13093,-,198,195,22.06.04,69,Male,0,-,Holstein,-,0,-,-,22.05.07,0.3,3.2,97,198,Male,0,-,-,-,0,0,0,0,0,0,0,0,0,0,0,0,0,0,Report Heat,-,0,-,-,-,-,-,-,-,0,-,-,-
13094,-,198,195,22.06.04,69,Male,0,-,Holstein,-,0,-,-,22.05.07,0.3,3.2,97,198,Male,0,-,-,-,0,0,0,0,0,0,0,0,0,0,0,0,0,0,Report Heat,-,0,-,-,-,-,-,-,-,0,-,-,-
13095,-,198,195,22.06.04,69,Male,0,-,Holstein,-,0,-,-,22.05.08,0.3,3.2,96,198,Male,0,-,-,-,0,0,0,0,0,0,0,0,0,0,0,0,0,0,Report Heat,-,0,-,-,-,-,-,-,-,0,-,-,-
13096,-,198,195,22.06.04,69,Male,0,-,Holstein,-,0,-,-,22.05.08,0.3,3.2,96,198,Male,0,-,-,-,0,0,0,0,0,0,0,0,0,0,0,0,0,0,Report Heat,-,0,-,-,-,-,-,-,-,0,-,-,-
13097,-,198,195,22.06.04,69,Male,0,-,Holstein,-,0,-,-,22.05.09,0.3,3.1,95,198,Male,0,-,-,-,0,0,0,0,0,0,0,0,0,0,0,0,0,0,Report Heat,-,0,-,-,-,-,-,-,-,0,-,-,-
13098,-,198,195,22.06.04,69,Male,0,-,Holstein,-,0,-,-,22.05.11,0.3,3.1,93,198,Male,0,-,-,-,0,0,0,0,0,0,0,0,0,0,0,0,0,0,Report Heat,-,0,-,-,-,-,-,-,-,0,-,-,-
13099,-,198,195,22.06.04,69,Male,0,-,Holstein,-,0,-,-,22.05.11,0.3,3.1,93,198,Male,0,-,-,-,0,0,0,0,0,0,0,0,0,0,0,0,0,0,Report Heat,-,0,-,-,-,-,-,-,-,0,-,-,-
13100,-,198,195,22.06.04,69,Male,0,-,Holstein,-,0,-,-,22.05.12,0.3,3,92,198,Male,0,-,-,-,0,0,0,0,0,0,0,0,0,0,0,0,0,0,Report Heat,-,0,-,-,-,-,-,-,-,0,-,-,-
13101,-,198,195,22.06.04,69,Male,0,-,Holstein,-,0,-,-,22.05.12,0.3,3,92,198,Male,0,-,-,-,0,0,0,0,0,0,0,0,0,0,0,0,0,0,Report Heat,-,0,-,-,-,-,-,-,-,0,-,-,-
13102,-,198,195,22.06.04,69,Male,0,-,Holstein,-,0,-,-,22.05.12,0.3,3,92,198,Male,0,-,-,-,0,0,0,0,0,0,0,0,0,0,0,0,0,0,Report Heat,-,0,-,-,-,-,-,-,-,0,-,-,-
13103,-,198,195,22.06.04,69,Male,0,-,Holstein,-,0,-,-,22.05.12,0.3,3,92,198,Male,0,-,-,-,0,0,0,0,0,0,0,0,0,0,0,0,0,0,Report Heat,-,0,-,-,-,-,-,-,-,0,-,-,-
13104,-,198,195,22.06.04,69,Male,0,-,Holstein,-,0,-,-,22.05.14,0.2,3,90,198,Male,0,-,-,-,0,0,0,0,0,0,0,0,0,0,0,0,0,0,Report Heat,-,0,-,-,-,-,-,-,-,0,-,-,-
13105,-,198,195,22.06.04,69,Male,0,-,Holstein,-,0,-,-,22.05.15,0.2,2.9,89,198,Male,0,-,-,-,0,0,0,0,0,0,0,0,0,0,0,0,0,0,Report Heat,-,0,-,-,-,-,-,-,-,0,-,-,-
13106,-,198,195,22.06.04,69,Male,0,-,Holstein,-,0,-,-,22.05.15,0.2,2.9,89,198,Male,0,-,-,-,0,0,0,0,0,0,0,0,0,0,0,0,0,0,Report Heat,-,0,-,-,-,-,-,-,-,0,-,-,-
13107,-,198,195,22.07.02,41,Male,0,-,Holstein,-,0,-,-,22.05.15,0.2,2.9,89,198,Male,0,-,-,-,0,0,0,0,0,0,0,0,0,0,0,0,0,0,Report Heat,-,0,-,-,-,-,-,-,-,0,-,-,-
13108,-,198,195,22.06.04,69,Male,0,-,Holstein,-,0,-,-,22.05.16,0.2,2.9,88,198,Male,0,-,-,-,0,0,0,0,0,0,0,0,0,0,0,0,0,0,Report Heat,-,0,-,-,-,-,-,-,-,0,-,-,-
13109,-,198,195,22.06.04,69,Male,0,-,Holstein,-,0,-,-,22.05.16,0.2,2.9,88,198,Male,0,-,-,-,0,0,0,0,0,0,0,0,0,0,0,0,0,0,Report Heat,-,0,-,-,-,-,-,-,-,0,-,-,-
13110,-,198,195,22.06.04,69,Male,0,-,Holstein,-,0,-,-,22.05.18,0.2,2.8,86,198,Male,0,-,-,-,0,0,0,0,0,0,0,0,0,0,0,0,0,0,Report Heat,-,0,-,-,-,-,-,-,-,0,-,-,-
13111,-,198,195,22.06.04,69,Male,0,-,Holstein,-,0,-,-,22.05.18,0.2,2.8,86,198,Male,0,-,-,-,0,0,0,0,0,0,0,0,0,0,0,0,0,0,Report Heat,-,0,-,-,-,-,-,-,-,0,-,-,-
13112,-,198,195,22.06.04,69,Male,0,-,Holstein,-,0,-,-,22.05.18,0.2,2.8,86,198,Male,0,-,-,-,0,0,0,0,0,0,0,0,0,0,0,0,0,0,Report Heat,-,0,-,-,-,-,-,-,-,0,-,-,-
13113,-,198,195,22.06.04,69,Male,0,-,Holstein,-,0,-,-,22.05.19,0.2,2.8,85,198,Male,0,-,-,-,0,0,0,0,0,0,0,0,0,0,0,0,0,0,Report Heat,-,0,-,-,-,-,-,-,-,0,-,-,-
13114,-,198,195,22.06.04,69,Male,0,-,Holstein,-,0,-,-,22.05.19,0.2,2.8,85,198,Male,0,-,-,-,0,0,0,0,0,0,0,0,0,0,0,0,0,0,Report Heat,-,0,-,-,-,-,-,-,-,0,-,-,-
13115,-,198,195,22.06.04,69,Male,0,-,Holstein,-,0,-,-,22.05.19,0.2,2.8,85,198,Male,0,-,-,-,0,0,0,0,0,0,0,0,0,0,0,0,0,0,Report Heat,-,0,-,-,-,-,-,-,-,0,-,-,-
13116,-,198,195,22.06.04,69,Male,0,-,Holstein,-,0,-,-,22.05.22,0.2,2.7,82,198,Male,0,-,-,-,0,0,0,0,0,0,0,0,0,0,0,0,0,0,Report Heat,-,0,-,-,-,-,-,-,-,0,-,-,-
13117,-,198,195,22.06.04,69,Male,0,-,Holstein,-,0,-,-,22.05.22,0.2,2.7,82,198,Male,0,-,-,-,0,0,0,0,0,0,0,0,0,0,0,0,0,0,Report Heat,-,0,-,-,-,-,-,-,-,0,-,-,-
13118,-,198,195,22.06.04,69,Male,0,-,Holstein,-,0,-,-,22.05.22,0.2,2.7,82,198,Male,0,-,-,-,0,0,0,0,0,0,0,0,0,0,0,0,0,0,Report Heat,-,0,-,-,-,-,-,-,-,0,-,-,-
13119,-,198,195,22.06.04,69,Male,0,-,Holstein,-,0,-,-,22.05.22,0.2,2.7,82,198,Male,0,-,-,-,0,0,0,0,0,0,0,0,0,0,0,0,0,0,Report Heat,-,0,-,-,-,-,-,-,-,0,-,-,-
13120,-,198,195,22.06.04,69,Male,0,-,Holstein,-,0,-,-,22.05.23,0.2,2.7,81,198,Male,0,-,-,-,0,0,0,0,0,0,0,0,0,0,0,0,0,0,Report Heat,-,0,-,-,-,-,-,-,-,0,-,-,-
13121,-,198,195,22.07.02,41,Male,0,-,Holstein,-,0,-,-,22.05.23,0.2,2.7,81,198,Male,0,-,-,-,0,0,0,0,0,0,0,0,0,0,0,0,0,0,Report Heat,-,0,-,-,-,-,-,-,-,0,-,-,-
13122,-,198,195,22.06.04,69,Male,0,-,Holstein,-,0,-,-,22.05.23,0.2,2.7,81,198,Male,0,-,-,-,0,0,0,0,0,0,0,0,0,0,0,0,0,0,Report Heat,-,0,-,-,-,-,-,-,-,0,-,-,-
13123,-,198,195,22.06.04,69,Male,0,-,Holstein,-,0,-,-,22.05.23,0.2,2.7,81,198,Male,0,-,-,-,0,0,0,0,0,0,0,0,0,0,0,0,0,0,Report Heat,-,0,-,-,-,-,-,-,-,0,-,-,-
13124,-,198,195,22.06.04,69,Male,0,-,Holstein,-,0,-,-,22.05.23,0.2,2.7,81,198,Male,0,-,-,-,0,0,0,0,0,0,0,0,0,0,0,0,0,0,Report Heat,-,0,-,-,-,-,-,-,-,0,-,-,-
13125,-,198,195,22.06.04,69,Male,0,-,Holstein,-,0,-,-,22.05.23,0.2,2.7,81,198,Male,0,-,-,-,0,0,0,0,0,0,0,0,0,0,0,0,0,0,Report Heat,-,0,-,-,-,-,-,-,-,0,-,-,-
13126,-,198,195,22.06.04,69,Male,0,-,Holstein,-,0,-,-,22.05.23,0.2,2.7,81,198,Male,0,-,-,-,0,0,0,0,0,0,0,0,0,0,0,0,0,0,Report Heat,-,0,-,-,-,-,-,-,-,0,-,-,-
13127,-,198,195,22.06.04,69,Male,0,-,Holstein,-,0,-,-,22.05.23,0.2,2.7,81,198,Male,0,-,-,-,0,0,0,0,0,0,0,0,0,0,0,0,0,0,Report Heat,-,0,-,-,-,-,-,-,-,0,-,-,-
13128,-,198,195,22.07.02,41,Male,0,-,Holstein,-,0,-,-,22.05.23,0.2,2.7,81,198,Male,0,-,-,-,0,0,0,0,0,0,0,0,0,0,0,0,0,0,Report Heat,-,0,-,-,-,-,-,-,-,0,-,-,-
13129,-,198,195,22.06.04,69,Male,0,-,Holstein,-,0,-,-,22.05.25,0.2,2.6,79,198,Male,0,-,-,-,0,0,0,0,0,0,0,0,0,0,0,0,0,0,Report Heat,-,0,-,-,-,-,-,-,-,0,-,-,-
13130,-,198,195,22.06.04,69,Male,0,-,Holstein,-,0,-,-,22.05.25,0.2,2.6,79,198,Male,0,-,-,-,0,0,0,0,0,0,0,0,0,0,0,0,0,0,Report Heat,-,0,-,-,-,-,-,-,-,0,-,-,-
13131,-,198,195,22.06.04,69,Male,0,-,Holstein,-,0,-,-,22.05.25,0.2,2.6,79,198,Male,0,-,-,-,0,0,0,0,0,0,0,0,0,0,0,0,0,0,Report Heat,-,0,-,-,-,-,-,-,-,0,-,-,-
13132,-,198,195,22.06.04,69,Male,0,-,Holstein,-,0,-,-,22.05.26,0.2,2.6,78,198,Male,0,-,-,-,0,0,0,0,0,0,0,0,0,0,0,0,0,0,Report Heat,-,0,-,-,-,-,-,-,-,0,-,-,-
13133,-,198,195,22.06.04,69,Male,0,-,Holstein,-,0,-,-,22.05.26,0.2,2.6,78,198,Male,0,-,-,-,0,0,0,0,0,0,0,0,0,0,0,0,0,0,Report Heat,-,0,-,-,-,-,-,-,-,0,-,-,-
13134,-,198,195,22.07.02,41,Male,0,-,Holstein,-,0,-,-,22.05.27,0.2,2.5,77,198,Male,0,-,-,-,0,0,0,0,0,0,0,0,0,0,0,0,0,0,Report Heat,-,0,-,-,-,-,-,-,-,0,-,-,-
13135,-,198,195,22.07.02,41,Male,0,-,Holstein,-,0,-,-,22.05.28,0.2,2.5,76,198,Male,0,-,-,-,0,0,0,0,0,0,0,0,0,0,0,0,0,0,Report Heat,-,0,-,-,-,-,-,-,-,0,-,-,-
13136,-,198,195,22.07.02,41,Male,0,-,Holstein,-,0,-,-,22.05.28,0.2,2.5,76,198,Male,0,-,-,-,0,0,0,0,0,0,0,0,0,0,0,0,0,0,Report Heat,-,0,-,-,-,-,-,-,-,0,-,-,-
13137,-,198,195,22.07.02,41,Male,0,-,Holstein,-,0,-,-,22.05.28,0.2,2.5,76,198,Male,0,-,-,-,0,0,0,0,0,0,0,0,0,0,0,0,0,0,Report Heat,-,0,-,-,-,-,-,-,-,0,-,-,-
13138,-,198,195,22.07.02,41,Male,0,-,Holstein,-,0,-,-,22.05.28,0.2,2.5,76,198,Male,0,-,-,-,0,0,0,0,0,0,0,0,0,0,0,0,0,0,Report Heat,-,0,-,-,-,-,-,-,-,0,-,-,-
13139,-,198,195,22.07.02,41,Male,0,-,Holstein,-,0,-,-,22.05.29,0.2,2.5,75,198,Male,0,-,-,-,0,0,0,0,0,0,0,0,0,0,0,0,0,0,Report Heat,-,0,-,-,-,-,-,-,-,0,-,-,-
13140,-,198,195,22.07.02,41,Male,0,-,Holstein,-,0,-,-,22.05.31,0.2,2.4,73,198,Male,0,-,-,-,0,0,0,0,0,0,0,0,0,0,0,0,0,0,Report Heat,-,0,-,-,-,-,-,-,-,0,-,-,-
13141,-,198,195,22.07.02,41,Male,0,-,Holstein,-,0,-,-,22.06.01,0.2,2.4,72,198,Male,0,-,-,-,0,0,0,0,0,0,0,0,0,0,0,0,0,0,Report Heat,-,0,-,-,-,-,-,-,-,0,-,-,-
13142,-,198,195,22.07.02,41,Male,0,-,Holstein,-,0,-,-,22.05.14,0.2,3,90,198,Male,0,-,-,-,0,0,0,0,0,0,0,0,0,0,0,0,0,0,Report Heat,-,0,-,-,-,-,-,-,-,0,-,-,-
13143,-,198,195,22.07.02,41,Male,0,-,Holstein,-,0,-,-,22.05.18,0.2,2.8,86,198,Male,0,-,-,-,0,0,0,0,0,0,0,0,0,0,0,0,0,0,Report Heat,-,0,-,-,-,-,-,-,-,0,-,-,-
13144,-,101,1,-,0,Male,0,-,Holstein,-,0,-,-,22.05.21,0.2,2.7,83,101,Male,0,-,-,-,0,0,0,0,0,0,0,0,0,0,0,0,0,0,Report Heat,-,0,-,-,-,-,-,-,-,0,-,-,-
13145,-,198,195,22.07.02,41,Male,0,-,Holstein,-,0,-,-,22.05.27,0.2,2.5,77,198,Male,0,-,-,-,0,0,0,0,0,0,0,0,0,0,0,0,0,0,Report Heat,-,0,-,-,-,-,-,-,-,0,-,-,-
13146,-,198,195,22.07.02,41,Male,0,-,Holstein,-,0,-,-,22.06.01,0.2,2.4,72,198,Male,0,-,-,-,0,0,0,0,0,0,0,0,0,0,0,0,0,0,Report Heat,-,0,-,-,-,-,-,-,-,0,-,-,-
13147,-,198,195,22.07.02,41,Male,0,-,Holstein,-,0,-,-,22.06.02,0.2,2.3,71,198,Male,0,-,-,-,0,0,0,0,0,0,0,0,0,0,0,0,0,0,Report Heat,-,0,-,-,-,-,-,-,-,0,-,-,-
13148,-,198,195,22.07.02,41,Male,0,-,Holstein,-,0,-,-,22.06.02,0.2,2.3,71,198,Male,0,-,-,-,0,0,0,0,0,0,0,0,0,0,0,0,0,0,Report Heat,-,0,-,-,-,-,-,-,-,0,-,-,-
13149,-,198,195,22.07.02,41,Male,0,-,Holstein,-,0,-,-,22.06.02,0.2,2.3,71,198,Male,0,-,-,-,0,0,0,0,0,0,0,0,0,0,0,0,0,0,Report Heat,-,0,-,-,-,-,-,-,-,0,-,-,-
13150,-,198,195,22.07.02,41,Male,0,-,Holstein,-,0,-,-,22.06.02,0.2,2.3,71,198,Male,0,-,-,-,0,0,0,0,0,0,0,0,0,0,0,0,0,0,Report Heat,-,0,-,-,-,-,-,-,-,0,-,-,-
13151,-,198,195,22.07.02,41,Male,0,-,Holstein,-,0,-,-,22.06.04,0.2,2.3,69,198,Male,0,-,-,-,0,0,0,0,0,0,0,0,0,0,0,0,0,0,Report Heat,-,0,-,-,-,-,-,-,-,0,-,-,-
13152,-,198,195,22.07.02,41,Male,0,-,Holstein,-,0,-,-,22.06.04,0.2,2.3,69,198,Male,0,-,-,-,0,0,0,0,0,0,0,0,0,0,0,0,0,0,Report Heat,-,0,-,-,-,-,-,-,-,0,-,-,-
13153,-,198,195,22.07.02,41,Male,0,-,Holstein,-,0,-,-,22.06.04,0.2,2.3,69,198,Male,0,-,-,-,0,0,0,0,0,0,0,0,0,0,0,0,0,0,Report Heat,-,0,-,-,-,-,-,-,-,0,-,-,-
13154,-,198,195,22.07.02,41,Male,0,-,Holstein,-,0,-,-,22.06.05,0.2,2.2,68,198,Male,0,-,-,-,0,0,0,0,0,0,0,0,0,0,0,0,0,0,Report Heat,-,0,-,-,-,-,-,-,-,0,-,-,-
13155,-,198,195,22.07.02,41,Male,0,-,Holstein,-,0,-,-,22.06.06,0.2,2.2,67,198,Male,0,-,-,-,0,0,0,0,0,0,0,0,0,0,0,0,0,0,Report Heat,-,0,-,-,-,-,-,-,-,0,-,-,-
13156,-,198,195,22.07.02,41,Male,0,-,Holstein,-,0,-,-,22.06.07,0.2,2.2,66,198,Male,0,-,-,-,0,0,0,0,0,0,0,0,0,0,0,0,0,0,Report Heat,-,0,-,-,-,-,-,-,-,0,-,-,-
13157,-,198,195,22.07.02,41,Male,0,-,Holstein,-,0,-,-,22.06.07,0.2,2.2,66,198,Male,0,-,-,-,0,0,0,0,0,0,0,0,0,0,0,0,0,0,Report Heat,-,0,-,-,-,-,-,-,-,0,-,-,-
13158,-,198,195,22.07.02,41,Male,0,-,Holstein,-,0,-,-,22.06.08,0.2,2.1,65,198,Male,0,-,-,-,0,0,0,0,0,0,0,0,0,0,0,0,0,0,Report Heat,-,0,-,-,-,-,-,-,-,0,-,-,-
13159,-,198,195,22.07.02,41,Male,0,-,Holstein,-,0,-,-,22.06.08,0.2,2.1,65,198,Male,0,-,-,-,0,0,0,0,0,0,0,0,0,0,0,0,0,0,Report Heat,-,0,-,-,-,-,-,-,-,0,-,-,-
13160,-,198,195,22.07.02,41,Male,0,-,Holstein,-,0,-,-,22.06.08,0.2,2.1,65,198,Male,0,-,-,-,0,0,0,0,0,0,0,0,0,0,0,0,0,0,Report Heat,-,0,-,-,-,-,-,-,-,0,-,-,-
13161,-,198,195,22.07.02,41,Male,0,-,Holstein,-,0,-,-,22.06.09,0.2,2.1,64,198,Male,0,-,-,-,0,0,0,0,0,0,0,0,0,0,0,0,0,0,Report Heat,-,0,-,-,-,-,-,-,-,0,-,-,-
13162,-,198,195,22.07.02,41,Male,0,-,Holstein,-,0,-,-,22.06.09,0.2,2.1,64,198,Male,0,-,-,-,0,0,0,0,0,0,0,0,0,0,0,0,0,0,Report Heat,-,0,-,-,-,-,-,-,-,0,-,-,-
13163,-,198,195,22.07.02,41,Male,0,-,Holstein,-,0,-,-,22.06.09,0.2,2.1,64,198,Male,0,-,-,-,0,0,0,0,0,0,0,0,0,0,0,0,0,0,Report Heat,-,0,-,-,-,-,-,-,-,0,-,-,-
13164,-,198,195,22.07.02,41,Male,0,-,Holstein,-,0,-,-,22.06.09,0.2,2.1,64,198,Male,0,-,-,-,0,0,0,0,0,0,0,0,0,0,0,0,0,0,Report Heat,-,0,-,-,-,-,-,-,-,0,-,-,-
13165,-,198,195,22.07.02,41,Male,0,-,Holstein,-,0,-,-,22.06.11,0.2,2,62,198,Male,0,-,-,-,0,0,0,0,0,0,0,0,0,0,0,0,0,0,Report Heat,-,0,-,-,-,-,-,-,-,0,-,-,-
13166,-,198,195,22.07.02,41,Male,0,-,Holstein,-,0,-,-,22.06.11,0.2,2,62,198,Male,0,-,-,-,0,0,0,0,0,0,0,0,0,0,0,0,0,0,Report Heat,-,0,-,-,-,-,-,-,-,0,-,-,-
13167,-,198,195,22.07.02,41,Male,0,-,Holstein,-,0,-,-,22.06.11,0.2,2,62,198,Male,0,-,-,-,0,0,0,0,0,0,0,0,0,0,0,0,0,0,Report Heat,-,0,-,-,-,-,-,-,-,0,-,-,-
13168,-,198,195,22.07.02,41,Male,0,-,Holstein,-,0,-,-,22.06.11,0.2,2,62,198,Male,0,-,-,-,0,0,0,0,0,0,0,0,0,0,0,0,0,0,Report Heat,-,0,-,-,-,-,-,-,-,0,-,-,-
13169,-,198,195,22.07.02,41,Male,0,-,Holstein,-,0,-,-,22.06.12,0.2,2,61,198,Male,0,-,-,-,0,0,0,0,0,0,0,0,0,0,0,0,0,0,Report Heat,-,0,-,-,-,-,-,-,-,0,-,-,-
13170,-,198,195,22.07.02,41,Male,0,-,Holstein,-,0,-,-,22.06.12,0.2,2,61,198,Male,0,-,-,-,0,0,0,0,0,0,0,0,0,0,0,0,0,0,Report Heat,-,0,-,-,-,-,-,-,-,0,-,-,-
13171,-,198,195,22.07.02,41,Male,0,-,Holstein,-,0,-,-,22.06.12,0.2,2,61,198,Male,0,-,-,-,0,0,0,0,0,0,0,0,0,0,0,0,0,0,Report Heat,-,0,-,-,-,-,-,-,-,0,-,-,-
13172,-,198,195,22.07.02,41,Male,0,-,Holstein,-,0,-,-,22.06.12,0.2,2,61,198,Male,0,-,-,-,0,0,0,0,0,0,0,0,0,0,0,0,0,0,Report Heat,-,0,-,-,-,-,-,-,-,0,-,-,-
13173,-,198,195,22.07.02,41,Male,0,-,Holstein,-,0,-,-,22.06.12,0.2,2,61,198,Male,0,-,-,-,0,0,0,0,0,0,0,0,0,0,0,0,0,0,Report Heat,-,0,-,-,-,-,-,-,-,0,-,-,-
13174,-,198,195,22.07.02,41,Male,0,-,Holstein,-,0,-,-,22.06.13,0.2,2,60,198,Male,0,-,-,-,0,0,0,0,0,0,0,0,0,0,0,0,0,0,Report Heat,-,0,-,-,-,-,-,-,-,0,-,-,-
13175,-,198,195,22.07.02,41,Male,0,-,Holstein,-,0,-,-,22.06.13,0.2,2,60,198,Male,0,-,-,-,0,0,0,0,0,0,0,0,0,0,0,0,0,0,Report Heat,-,0,-,-,-,-,-,-,-,0,-,-,-
13176,-,198,195,22.07.02,41,Male,0,-,Holstein,-,0,-,-,22.06.13,0.2,2,60,198,Male,0,-,-,-,0,0,0,0,0,0,0,0,0,0,0,0,0,0,Report Heat,-,0,-,-,-,-,-,-,-,0,-,-,-
13177,-,198,195,22.07.02,41,Male,0,-,Holstein,-,0,-,-,22.06.14,0.2,1.9,59,198,Male,0,-,-,-,0,0,0,0,0,0,0,0,0,0,0,0,0,0,Report Heat,-,0,-,-,-,-,-,-,-,0,-,-,-
13178,-,198,195,22.07.02,41,Male,0,-,Holstein,-,0,-,-,22.06.14,0.2,1.9,59,198,Male,0,-,-,-,0,0,0,0,0,0,0,0,0,0,0,0,0,0,Report Heat,-,0,-,-,-,-,-,-,-,0,-,-,-
13179,-,198,195,22.07.02,41,Male,0,-,Holstein,-,0,-,-,22.06.15,0.2,1.9,58,198,Male,0,-,-,-,0,0,0,0,0,0,0,0,0,0,0,0,0,0,Report Heat,-,0,-,-,-,-,-,-,-,0,-,-,-
13180,-,198,195,22.07.02,41,Male,0,-,Holstein,-,0,-,-,22.06.15,0.2,1.9,58,198,Male,0,-,-,-,0,0,0,0,0,0,0,0,0,0,0,0,0,0,Report Heat,-,0,-,-,-,-,-,-,-,0,-,-,-
13181,-,198,195,22.07.02,41,Male,0,-,Holstein,-,0,-,-,22.06.15,0.2,1.9,58,198,Male,0,-,-,-,0,0,0,0,0,0,0,0,0,0,0,0,0,0,Report Heat,-,0,-,-,-,-,-,-,-,0,-,-,-
13182,-,198,195,22.07.02,41,Male,0,-,Holstein,-,0,-,-,22.06.15,0.2,1.9,58,198,Male,0,-,-,-,0,0,0,0,0,0,0,0,0,0,0,0,0,0,Report Heat,-,0,-,-,-,-,-,-,-,0,-,-,-
13183,-,198,195,22.07.02,41,Male,0,-,Holstein,-,0,-,-,22.06.03,0.2,2.3,70,198,Male,0,-,-,-,0,0,0,0,0,0,0,0,0,0,0,0,0,0,Report Heat,-,0,-,-,-,-,-,-,-,0,-,-,-
13184,-,198,195,22.07.02,41,Male,0,-,Holstein,-,0,-,-,22.06.04,0.2,2.3,69,198,Male,0,-,-,-,0,0,0,0,0,0,0,0,0,0,0,0,0,0,Report Heat,-,0,-,-,-,-,-,-,-,0,-,-,-
13185,-,198,195,22.07.02,41,Male,0,-,Holstein,-,0,-,-,22.06.09,0.2,2.1,64,198,Male,0,-,-,-,0,0,0,0,0,0,0,0,0,0,0,0,0,0,Report Heat,-,0,-,-,-,-,-,-,-,0,-,-,-
13186,-,198,195,22.07.02,41,Male,0,-,Holstein,-,0,-,-,22.06.09,0.2,2.1,64,198,Male,0,-,-,-,0,0,0,0,0,0,0,0,0,0,0,0,0,0,Report Heat,-,0,-,-,-,-,-,-,-,0,-,-,-
13187,-,198,195,22.07.02,41,Male,0,-,Holstein,-,0,-,-,22.06.14,0.2,1.9,59,198,Male,0,-,-,-,0,0,0,0,0,0,0,0,0,0,0,0,0,0,Report Heat,-,0,-,-,-,-,-,-,-,0,-,-,-
13188,-,198,195,22.07.02,41,Male,0,-,Holstein,-,0,-,-,22.06.18,0.2,1.8,55,198,Male,0,-,-,-,0,0,0,0,0,0,0,0,0,0,0,0,0,0,Report Heat,-,0,-,-,-,-,-,-,-,0,-,-,-
13189,-,198,195,22.07.02,41,Male,0,-,Holstein,-,0,-,-,22.06.18,0.2,1.8,55,198,Male,0,-,-,-,0,0,0,0,0,0,0,0,0,0,0,0,0,0,Report Heat,-,0,-,-,-,-,-,-,-,0,-,-,-
13190,-,198,195,22.07.02,41,Male,0,-,Holstein,-,0,-,-,22.06.18,0.2,1.8,55,198,Male,0,-,-,-,0,0,0,0,0,0,0,0,0,0,0,0,0,0,Report Heat,-,0,-,-,-,-,-,-,-,0,-,-,-
13191,-,198,195,22.07.02,41,Male,0,-,Holstein,-,0,-,-,22.06.18,0.2,1.8,55,198,Male,0,-,-,-,0,0,0,0,0,0,0,0,0,0,0,0,0,0,Report Heat,-,0,-,-,-,-,-,-,-,0,-,-,-
13192,-,198,195,22.07.02,41,Male,0,-,Holstein,-,0,-,-,22.06.18,0.2,1.8,55,198,Male,0,-,-,-,0,0,0,0,0,0,0,0,0,0,0,0,0,0,Report Heat,-,0,-,-,-,-,-,-,-,0,-,-,-
13193,-,198,195,22.07.02,41,Male,0,-,Holstein,-,0,-,-,22.06.18,0.2,1.8,55,198,Male,0,-,-,-,0,0,0,0,0,0,0,0,0,0,0,0,0,0,Report Heat,-,0,-,-,-,-,-,-,-,0,-,-,-
13194,-,198,195,22.07.02,41,Male,0,-,Holstein,-,0,-,-,22.06.18,0.2,1.8,55,198,Male,0,-,-,-,0,0,0,0,0,0,0,0,0,0,0,0,0,0,Report Heat,-,0,-,-,-,-,-,-,-,0,-,-,-
13195,-,198,195,22.07.02,41,Male,0,-,Holstein,-,0,-,-,22.06.18,0.2,1.8,55,198,Male,0,-,-,-,0,0,0,0,0,0,0,0,0,0,0,0,0,0,Report Heat,-,0,-,-,-,-,-,-,-,0,-,-,-
13196,-,198,195,22.07.02,41,Male,0,-,Holstein,-,0,-,-,22.06.18,0.2,1.8,55,198,Male,0,-,-,-,0,0,0,0,0,0,0,0,0,0,0,0,0,0,Report Heat,-,0,-,-,-,-,-,-,-,0,-,-,-
13197,-,198,195,22.07.02,41,Male,0,-,Holstein,-,0,-,-,22.06.18,0.2,1.8,55,198,Male,0,-,-,-,0,0,0,0,0,0,0,0,0,0,0,0,0,0,Report Heat,-,0,-,-,-,-,-,-,-,0,-,-,-
13198,-,198,195,22.07.02,41,Male,0,-,Holstein,-,0,-,-,22.06.18,0.2,1.8,55,198,Male,0,-,-,-,0,0,0,0,0,0,0,0,0,0,0,0,0,0,Report Heat,-,0,-,-,-,-,-,-,-,0,-,-,-
13199,-,198,195,22.07.02,41,Male,0,-,Holstein,-,0,-,-,22.06.18,0.2,1.8,55,198,Male,0,-,-,-,0,0,0,0,0,0,0,0,0,0,0,0,0,0,Report Heat,-,0,-,-,-,-,-,-,-,0,-,-,-
13200,-,198,195,22.07.02,41,Male,0,-,Holstein,-,0,-,-,22.06.18,0.2,1.8,55,198,Male,0,-,-,-,0,0,0,0,0,0,0,0,0,0,0,0,0,0,Report Heat,-,0,-,-,-,-,-,-,-,0,-,-,-
13201,-,198,195,22.07.02,41,Male,0,-,Holstein,-,0,-,-,22.06.18,0.2,1.8,55,198,Male,0,-,-,-,0,0,0,0,0,0,0,0,0,0,0,0,0,0,Report Heat,-,0,-,-,-,-,-,-,-,0,-,-,-
13202,-,198,195,22.07.02,41,Male,0,-,Holstein,-,0,-,-,22.06.18,0.2,1.8,55,198,Male,0,-,-,-,0,0,0,0,0,0,0,0,0,0,0,0,0,0,Report Heat,-,0,-,-,-,-,-,-,-,0,-,-,-
13203,-,198,195,22.07.02,41,Female,0,-,Holstein,-,0,-,-,22.06.16,0.2,1.9,57,198,Heifer,0,-,-,-,0,0,0,0,0,0,0,0,0,0,0,0,0,0,Report Heat,-,0,-,-,-,-,-,-,-,0,-,-,-
13204,-,198,195,22.07.02,41,Male,0,-,Holstein,-,0,-,-,22.06.20,0.1,1.7,53,198,Male,0,-,-,-,0,0,0,0,0,0,0,0,0,0,0,0,0,0,Report Heat,-,0,-,-,-,-,-,-,-,0,-,-,-
13205,-,198,195,22.07.02,41,Male,0,-,Holstein,-,0,-,-,22.06.20,0.1,1.7,53,198,Male,0,-,-,-,0,0,0,0,0,0,0,0,0,0,0,0,0,0,Report Heat,-,0,-,-,-,-,-,-,-,0,-,-,-
13206,-,198,195,22.07.02,41,Male,0,-,Holstein,-,0,-,-,22.06.20,0.1,1.7,53,198,Male,0,-,-,-,0,0,0,0,0,0,0,0,0,0,0,0,0,0,Report Heat,-,0,-,-,-,-,-,-,-,0,-,-,-
13207,-,198,195,22.07.02,41,Male,0,-,Holstein,-,0,-,-,22.06.20,0.1,1.7,53,198,Male,0,-,-,-,0,0,0,0,0,0,0,0,0,0,0,0,0,0,Report Heat,-,0,-,-,-,-,-,-,-,0,-,-,-
13208,-,198,195,22.07.02,41,Male,0,-,Holstein,-,0,-,-,22.06.20,0.1,1.7,53,198,Male,0,-,-,-,0,0,0,0,0,0,0,0,0,0,0,0,0,0,Report Heat,-,0,-,-,-,-,-,-,-,0,-,-,-
13209,-,198,195,22.07.02,41,Male,0,-,Holstein,-,0,-,-,22.06.20,0.1,1.7,53,198,Male,0,-,-,-,0,0,0,0,0,0,0,0,0,0,0,0,0,0,Report Heat,-,0,-,-,-,-,-,-,-,0,-,-,-
13210,-,198,195,22.07.02,41,Male,0,-,Holstein,-,0,-,-,22.06.20,0.1,1.7,53,198,Male,0,-,-,-,0,0,0,0,0,0,0,0,0,0,0,0,0,0,Report Heat,-,0,-,-,-,-,-,-,-,0,-,-,-
13211,-,198,195,22.07.02,41,Male,0,-,Holstein,-,0,-,-,22.06.20,0.1,1.7,53,198,Male,0,-,-,-,0,0,0,0,0,0,0,0,0,0,0,0,0,0,Report Heat,-,0,-,-,-,-,-,-,-,0,-,-,-
13212,-,198,195,22.07.02,41,Male,0,-,Holstein,-,0,-,-,22.06.20,0.1,1.7,53,198,Male,0,-,-,-,0,0,0,0,0,0,0,0,0,0,0,0,0,0,Report Heat,-,0,-,-,-,-,-,-,-,0,-,-,-
13213,-,198,195,22.07.02,41,Male,0,-,Holstein,-,0,-,-,22.06.21,0.1,1.7,52,198,Male,0,-,-,-,0,0,0,0,0,0,0,0,0,0,0,0,0,0,Report Heat,-,0,-,-,-,-,-,-,-,0,-,-,-
13214,-,198,195,22.07.02,41,Male,0,-,Holstein,-,0,-,-,22.06.22,0.1,1.7,51,198,Male,0,-,-,-,0,0,0,0,0,0,0,0,0,0,0,0,0,0,Report Heat,-,0,-,-,-,-,-,-,-,0,-,-,-
13215,-,198,195,22.07.02,41,Male,0,-,Holstein,-,0,-,-,22.06.22,0.1,1.7,51,198,Male,0,-,-,-,0,0,0,0,0,0,0,0,0,0,0,0,0,0,Report Heat,-,0,-,-,-,-,-,-,-,0,-,-,-
13216,-,198,195,22.07.02,41,Male,0,-,Holstein,-,0,-,-,22.06.22,0.1,1.7,51,198,Male,0,-,-,-,0,0,0,0,0,0,0,0,0,0,0,0,0,0,Report Heat,-,0,-,-,-,-,-,-,-,0,-,-,-
13217,-,198,195,22.07.02,41,Male,0,-,Holstein,-,0,-,-,22.06.22,0.1,1.7,51,198,Male,0,-,-,-,0,0,0,0,0,0,0,0,0,0,0,0,0,0,Report Heat,-,0,-,-,-,-,-,-,-,0,-,-,-
13218,-,198,195,22.07.02,41,Male,0,-,Holstein,-,0,-,-,22.06.22,0.1,1.7,51,198,Male,0,-,-,-,0,0,0,0,0,0,0,0,0,0,0,0,0,0,Report Heat,-,0,-,-,-,-,-,-,-,0,-,-,-
13219,-,198,195,22.07.02,41,Male,0,-,Holstein,-,0,-,-,22.06.23,0.1,1.6,50,198,Male,0,-,-,-,0,0,0,0,0,0,0,0,0,0,0,0,0,0,Report Heat,-,0,-,-,-,-,-,-,-,0,-,-,-
13220,-,198,195,22.07.02,41,Male,0,-,Holstein,-,0,-,-,22.06.23,0.1,1.6,50,198,Male,0,-,-,-,0,0,0,0,0,0,0,0,0,0,0,0,0,0,Report Heat,-,0,-,-,-,-,-,-,-,0,-,-,-
13221,-,198,195,22.07.02,41,Male,0,-,Holstein,-,0,-,-,22.06.23,0.1,1.6,50,198,Male,0,-,-,-,0,0,0,0,0,0,0,0,0,0,0,0,0,0,Report Heat,-,0,-,-,-,-,-,-,-,0,-,-,-
13222,-,198,195,22.08.02,10,Male,0,-,Holstein,-,0,-,-,22.06.25,0.1,1.6,48,198,Male,0,-,-,-,0,0,0,0,0,0,0,0,0,0,0,0,0,0,Report Heat,-,0,-,-,-,-,-,-,-,0,-,-,-
13223,-,198,195,22.08.02,10,Male,0,-,Holstein,-,0,-,-,22.06.26,0.1,1.5,47,198,Male,0,-,-,-,0,0,0,0,0,0,0,0,0,0,0,0,0,0,Report Heat,-,0,-,-,-,-,-,-,-,0,-,-,-
13224,-,198,195,22.08.02,10,Male,0,-,Holstein,-,0,-,-,22.06.26,0.1,1.5,47,198,Male,0,-,-,-,0,0,0,0,0,0,0,0,0,0,0,0,0,0,Report Heat,-,0,-,-,-,-,-,-,-,0,-,-,-
13225,-,198,195,22.08.02,10,Male,0,-,Holstein,-,0,-,-,22.06.26,0.1,1.5,47,198,Male,0,-,-,-,0,0,0,0,0,0,0,0,0,0,0,0,0,0,Report Heat,-,0,-,-,-,-,-,-,-,0,-,-,-
13226,-,198,195,22.08.02,10,Male,0,-,Holstein,-,0,-,-,22.06.26,0.1,1.5,47,198,Male,0,-,-,-,0,0,0,0,0,0,0,0,0,0,0,0,0,0,Report Heat,-,0,-,-,-,-,-,-,-,0,-,-,-
13227,-,198,195,22.08.02,10,Male,0,-,Holstein,-,0,-,-,22.06.28,0.1,1.5,45,198,Male,0,-,-,-,0,0,0,0,0,0,0,0,0,0,0,0,0,0,Report Heat,-,0,-,-,-,-,-,-,-,0,-,-,-
13228,-,198,195,22.08.02,10,Male,0,-,Holstein,-,0,-,-,22.06.28,0.1,1.5,45,198,Male,0,-,-,-,0,0,0,0,0,0,0,0,0,0,0,0,0,0,Report Heat,-,0,-,-,-,-,-,-,-,0,-,-,-
13229,-,198,195,22.08.02,10,Male,0,-,Holstein,-,0,-,-,22.06.29,0.1,1.4,44,198,Male,0,-,-,-,0,0,0,0,0,0,0,0,0,0,0,0,0,0,Report Heat,-,0,-,-,-,-,-,-,-,0,-,-,-
13230,-,198,195,22.08.02,10,Male,0,-,Holstein,-,0,-,-,22.06.29,0.1,1.4,44,198,Male,0,-,-,-,0,0,0,0,0,0,0,0,0,0,0,0,0,0,Report Heat,-,0,-,-,-,-,-,-,-,0,-,-,-
13231,-,198,195,22.08.02,10,Male,0,-,Holstein,-,0,-,-,22.06.30,0.1,1.4,43,198,Male,0,-,-,-,0,0,0,0,0,0,0,0,0,0,0,0,0,0,Report Heat,-,0,-,-,-,-,-,-,-,0,-,-,-
13232,-,198,195,22.08.02,10,Male,0,-,Holstein,-,0,-,-,22.06.30,0.1,1.4,43,198,Male,0,-,-,-,0,0,0,0,0,0,0,0,0,0,0,0,0,0,Report Heat,-,0,-,-,-,-,-,-,-,0,-,-,-
13233,-,198,195,22.08.02,10,Male,0,-,Holstein,-,0,-,-,22.06.30,0.1,1.4,43,198,Male,0,-,-,-,0,0,0,0,0,0,0,0,0,0,0,0,0,0,Report Heat,-,0,-,-,-,-,-,-,-,0,-,-,-
13234,-,198,195,22.08.02,10,Male,0,-,Holstein,-,0,-,-,22.06.30,0.1,1.4,43,198,Male,0,-,-,-,0,0,0,0,0,0,0,0,0,0,0,0,0,0,Report Heat,-,0,-,-,-,-,-,-,-,0,-,-,-
13235,-,198,195,22.08.02,10,Male,0,-,Holstein,-,0,-,-,22.06.30,0.1,1.4,43,198,Male,0,-,-,-,0,0,0,0,0,0,0,0,0,0,0,0,0,0,Report Heat,-,0,-,-,-,-,-,-,-,0,-,-,-
13236,-,198,195,22.08.02,10,Male,0,-,Holstein,-,0,-,-,22.06.21,0.1,1.7,52,198,Male,0,-,-,-,0,0,0,0,0,0,0,0,0,0,0,0,0,0,Report Heat,-,0,-,-,-,-,-,-,-,0,-,-,-
13237,-,198,195,22.08.02,10,Male,0,-,Holstein,-,0,-,-,22.07.02,0.1,1.3,41,198,Male,0,-,-,-,0,0,0,0,0,0,0,0,0,0,0,0,0,0,Report Heat,-,0,-,-,-,-,-,-,-,0,-,-,-
13238,-,198,195,22.08.02,10,Male,0,-,Holstein,-,0,-,-,22.07.02,0.1,1.3,41,198,Male,0,-,-,-,0,0,0,0,0,0,0,0,0,0,0,0,0,0,Report Heat,-,0,-,-,-,-,-,-,-,0,-,-,-
13239,-,198,195,22.08.02,10,Male,0,-,Holstein,-,0,-,-,22.07.02,0.1,1.3,41,198,Male,0,-,-,-,0,0,0,0,0,0,0,0,0,0,0,0,0,0,Report Heat,-,0,-,-,-,-,-,-,-,0,-,-,-
13240,-,198,195,22.08.02,10,Male,0,-,Holstein,-,0,-,-,22.07.02,0.1,1.3,41,198,Male,0,-,-,-,0,0,0,0,0,0,0,0,0,0,0,0,0,0,Report Heat,-,0,-,-,-,-,-,-,-,0,-,-,-
13241,-,198,195,22.08.02,10,Male,0,-,Holstein,-,0,-,-,22.07.03,0.1,1.3,40,198,Male,0,-,-,-,0,0,0,0,0,0,0,0,0,0,0,0,0,0,Report Heat,-,0,-,-,-,-,-,-,-,0,-,-,-
13242,-,198,195,22.08.02,10,Male,0,-,Holstein,-,0,-,-,22.07.03,0.1,1.3,40,198,Male,0,-,-,-,0,0,0,0,0,0,0,0,0,0,0,0,0,0,Report Heat,-,0,-,-,-,-,-,-,-,0,-,-,-
13243,-,198,195,22.08.02,10,Male,0,-,Holstein,-,0,-,-,22.07.03,0.1,1.3,40,198,Male,0,-,-,-,0,0,0,0,0,0,0,0,0,0,0,0,0,0,Report Heat,-,0,-,-,-,-,-,-,-,0,-,-,-
13244,-,198,195,22.08.02,10,Male,0,-,Holstein,-,0,-,-,22.07.03,0.1,1.3,40,198,Male,0,-,-,-,0,0,0,0,0,0,0,0,0,0,0,0,0,0,Report Heat,-,0,-,-,-,-,-,-,-,0,-,-,-
13245,-,198,195,22.08.02,10,Male,0,-,Holstein,-,0,-,-,22.07.03,0.1,1.3,40,198,Male,0,-,-,-,0,0,0,0,0,0,0,0,0,0,0,0,0,0,Report Heat,-,0,-,-,-,-,-,-,-,0,-,-,-
13246,-,198,195,22.08.02,10,Male,0,-,Holstein,-,0,-,-,22.07.05,0.1,1.2,38,198,Male,0,-,-,-,0,0,0,0,0,0,0,0,0,0,0,0,0,0,Report Heat,-,0,-,-,-,-,-,-,-,0,-,-,-
13247,-,198,195,22.08.02,10,Male,0,-,Holstein,-,0,-,-,22.07.05,0.1,1.2,38,198,Male,0,-,-,-,0,0,0,0,0,0,0,0,0,0,0,0,0,0,Report Heat,-,0,-,-,-,-,-,-,-,0,-,-,-
13248,-,198,195,22.08.02,10,Male,0,-,Holstein,-,0,-,-,22.07.05,0.1,1.2,38,198,Male,0,-,-,-,0,0,0,0,0,0,0,0,0,0,0,0,0,0,Report Heat,-,0,-,-,-,-,-,-,-,0,-,-,-
13249,-,198,195,22.08.02,10,Male,0,-,Holstein,-,0,-,-,22.07.05,0.1,1.2,38,198,Male,0,-,-,-,0,0,0,0,0,0,0,0,0,0,0,0,0,0,Report Heat,-,0,-,-,-,-,-,-,-,0,-,-,-
13250,-,198,195,22.08.02,10,Male,0,-,Holstein,-,0,-,-,22.07.07,0.1,1.2,36,198,Male,0,-,-,-,0,0,0,0,0,0,0,0,0,0,0,0,0,0,Report Heat,-,0,-,-,-,-,-,-,-,0,-,-,-
13251,-,198,195,22.08.02,10,Male,0,-,Holstein,-,0,-,-,22.07.07,0.1,1.2,36,198,Male,0,-,-,-,0,0,0,0,0,0,0,0,0,0,0,0,0,0,Report Heat,-,0,-,-,-,-,-,-,-,0,-,-,-
13252,-,198,195,22.08.02,10,Male,0,-,Holstein,-,0,-,-,22.07.07,0.1,1.2,36,198,Male,0,-,-,-,0,0,0,0,0,0,0,0,0,0,0,0,0,0,Report Heat,-,0,-,-,-,-,-,-,-,0,-,-,-
13253,-,198,195,22.08.02,10,Male,0,-,Holstein,-,0,-,-,22.07.07,0.1,1.2,36,198,Male,0,-,-,-,0,0,0,0,0,0,0,0,0,0,0,0,0,0,Report Heat,-,0,-,-,-,-,-,-,-,0,-,-,-
13254,-,198,195,22.08.02,10,Male,0,-,Holstein,-,0,-,-,22.07.09,0.1,1.1,34,198,Male,0,-,-,-,0,0,0,0,0,0,0,0,0,0,0,0,0,0,Report Heat,-,0,-,-,-,-,-,-,-,0,-,-,-
13255,-,198,195,22.08.02,10,Male,0,-,Holstein,-,0,-,-,22.07.10,0.1,1.1,33,198,Male,0,-,-,-,0,0,0,0,0,0,0,0,0,0,0,0,0,0,Report Heat,-,0,-,-,-,-,-,-,-,0,-,-,-
13256,-,198,195,22.08.02,10,Male,0,-,Holstein,-,0,-,-,22.07.10,0.1,1.1,33,198,Male,0,-,-,-,0,0,0,0,0,0,0,0,0,0,0,0,0,0,Report Heat,-,0,-,-,-,-,-,-,-,0,-,-,-
13257,-,198,195,22.08.02,10,Male,0,-,Holstein,-,0,-,-,22.07.10,0.1,1.1,33,198,Male,0,-,-,-,0,0,0,0,0,0,0,0,0,0,0,0,0,0,Report Heat,-,0,-,-,-,-,-,-,-,0,-,-,-
13258,-,198,195,22.08.02,10,Male,0,-,Holstein,-,0,-,-,22.07.10,0.1,1.1,33,198,Male,0,-,-,-,0,0,0,0,0,0,0,0,0,0,0,0,0,0,Report Heat,-,0,-,-,-,-,-,-,-,0,-,-,-
13259,-,198,195,22.08.02,10,Male,0,-,Holstein,-,0,-,-,22.07.10,0.1,1.1,33,198,Male,0,-,-,-,0,0,0,0,0,0,0,0,0,0,0,0,0,0,Report Heat,-,0,-,-,-,-,-,-,-,0,-,-,-
13260,-,198,195,22.08.02,10,Male,0,-,Holstein,-,0,-,-,22.07.12,0.1,1,31,198,Male,0,-,-,-,0,0,0,0,0,0,0,0,0,0,0,0,0,0,Report Heat,-,0,-,-,-,-,-,-,-,0,-,-,-
13261,-,198,195,22.08.02,10,Male,0,-,Holstein,-,0,-,-,22.07.12,0.1,1,31,198,Male,0,-,-,-,0,0,0,0,0,0,0,0,0,0,0,0,0,0,Report Heat,-,0,-,-,-,-,-,-,-,0,-,-,-
13262,-,198,195,22.08.02,10,Male,0,-,Holstein,-,0,-,-,22.07.12,0.1,1,31,198,Male,0,-,-,-,0,0,0,0,0,0,0,0,0,0,0,0,0,0,Report Heat,-,0,-,-,-,-,-,-,-,0,-,-,-
13263,-,198,195,22.08.02,10,Male,0,-,Holstein,-,0,-,-,22.07.12,0.1,1,31,198,Male,0,-,-,-,0,0,0,0,0,0,0,0,0,0,0,0,0,0,Report Heat,-,0,-,-,-,-,-,-,-,0,-,-,-
13264,-,198,195,22.08.02,10,Male,0,-,Holstein,-,0,-,-,22.07.12,0.1,1,31,198,Male,0,-,-,-,0,0,0,0,0,0,0,0,0,0,0,0,0,0,Report Heat,-,0,-,-,-,-,-,-,-,0,-,-,-
13265,-,198,195,22.08.02,10,Male,0,-,Holstein,-,0,-,-,22.07.12,0.1,1,31,198,Male,0,-,-,-,0,0,0,0,0,0,0,0,0,0,0,0,0,0,Report Heat,-,0,-,-,-,-,-,-,-,0,-,-,-
13266,-,198,195,22.08.02,10,Male,0,-,Holstein,-,0,-,-,22.07.13,0.1,1,30,198,Male,0,-,-,-,0,0,0,0,0,0,0,0,0,0,0,0,0,0,Report Heat,-,0,-,-,-,-,-,-,-,0,-,-,-
13267,-,198,195,22.08.02,10,Male,0,-,Holstein,-,0,-,-,22.07.13,0.1,1,30,198,Male,0,-,-,-,0,0,0,0,0,0,0,0,0,0,0,0,0,0,Report Heat,-,0,-,-,-,-,-,-,-,0,-,-,-
13268,-,198,195,22.08.02,10,Male,0,-,Holstein,-,0,-,-,22.07.13,0.1,1,30,198,Male,0,-,-,-,0,0,0,0,0,0,0,0,0,0,0,0,0,0,Report Heat,-,0,-,-,-,-,-,-,-,0,-,-,-
13269,-,198,195,22.08.02,10,Male,0,-,Holstein,-,0,-,-,22.07.13,0.1,1,30,198,Male,0,-,-,-,0,0,0,0,0,0,0,0,0,0,0,0,0,0,Report Heat,-,0,-,-,-,-,-,-,-,0,-,-,-
13270,-,198,195,22.08.02,10,Male,0,-,Holstein,-,0,-,-,22.07.13,0.1,1,30,198,Male,0,-,-,-,0,0,0,0,0,0,0,0,0,0,0,0,0,0,Report Heat,-,0,-,-,-,-,-,-,-,0,-,-,-
13271,-,198,195,22.08.02,10,Male,0,-,Holstein,-,0,-,-,22.07.13,0.1,1,30,198,Male,0,-,-,-,0,0,0,0,0,0,0,0,0,0,0,0,0,0,Report Heat,-,0,-,-,-,-,-,-,-,0,-,-,-
13272,-,198,195,22.08.02,10,Male,0,-,Holstein,-,0,-,-,22.07.13,0.1,1,30,198,Male,0,-,-,-,0,0,0,0,0,0,0,0,0,0,0,0,0,0,Report Heat,-,0,-,-,-,-,-,-,-,0,-,-,-
13273,-,198,195,22.08.02,10,Male,0,-,Holstein,-,0,-,-,22.07.14,0.1,1,29,198,Male,0,-,-,-,0,0,0,0,0,0,0,0,0,0,0,0,0,0,Report Heat,-,0,-,-,-,-,-,-,-,0,-,-,-
13274,-,198,195,22.08.02,10,Male,0,-,Holstein,-,0,-,-,22.07.14,0.1,1,29,198,Male,0,-,-,-,0,0,0,0,0,0,0,0,0,0,0,0,0,0,Report Heat,-,0,-,-,-,-,-,-,-,0,-,-,-
13275,-,198,195,22.08.02,10,Male,0,-,Holstein,-,0,-,-,22.07.14,0.1,1,29,198,Male,0,-,-,-,0,0,0,0,0,0,0,0,0,0,0,0,0,0,Report Heat,-,0,-,-,-,-,-,-,-,0,-,-,-
13276,-,198,195,22.08.02,10,Male,0,-,Holstein,-,0,-,-,22.07.14,0.1,1,29,198,Male,0,-,-,-,0,0,0,0,0,0,0,0,0,0,0,0,0,0,Report Heat,-,0,-,-,-,-,-,-,-,0,-,-,-
13277,-,198,195,22.08.02,10,Male,0,-,Holstein,-,0,-,-,22.07.14,0.1,1,29,198,Male,0,-,-,-,0,0,0,0,0,0,0,0,0,0,0,0,0,0,Report Heat,-,0,-,-,-,-,-,-,-,0,-,-,-
13278,-,198,195,22.08.02,10,Male,0,-,Holstein,-,0,-,-,22.07.14,0.1,1,29,198,Male,0,-,-,-,0,0,0,0,0,0,0,0,0,0,0,0,0,0,Report Heat,-,0,-,-,-,-,-,-,-,0,-,-,-
13279,-,198,195,22.08.02,10,Male,0,-,Holstein,-,0,-,-,22.07.14,0.1,1,29,198,Male,0,-,-,-,0,0,0,0,0,0,0,0,0,0,0,0,0,0,Report Heat,-,0,-,-,-,-,-,-,-,0,-,-,-
13280,-,198,195,22.08.02,10,Male,0,-,Holstein,-,0,-,-,22.07.16,0.1,0.9,27,198,Male,0,-,-,-,0,0,0,0,0,0,0,0,0,0,0,0,0,0,Report Heat,-,0,-,-,-,-,-,-,-,0,-,-,-
13281,-,198,195,22.08.02,10,Male,0,-,Holstein,-,0,-,-,22.07.16,0.1,0.9,27,198,Male,0,-,-,-,0,0,0,0,0,0,0,0,0,0,0,0,0,0,Report Heat,-,0,-,-,-,-,-,-,-,0,-,-,-
13282,-,198,195,22.08.02,10,Male,0,-,Holstein,-,0,-,-,22.07.17,0.1,0.9,26,198,Male,0,-,-,-,0,0,0,0,0,0,0,0,0,0,0,0,0,0,Report Heat,-,0,-,-,-,-,-,-,-,0,-,-,-
13283,-,198,195,22.08.02,10,Male,0,-,Holstein,-,0,-,-,22.07.17,0.1,0.9,26,198,Male,0,-,-,-,0,0,0,0,0,0,0,0,0,0,0,0,0,0,Report Heat,-,0,-,-,-,-,-,-,-,0,-,-,-
13284,-,198,195,22.08.02,10,Male,0,-,Holstein,-,0,-,-,22.07.17,0.1,0.9,26,198,Male,0,-,-,-,0,0,0,0,0,0,0,0,0,0,0,0,0,0,Report Heat,-,0,-,-,-,-,-,-,-,0,-,-,-
13285,-,198,195,22.08.02,10,Male,0,-,Holstein,-,0,-,-,22.07.18,0.1,0.8,25,198,Male,0,-,-,-,0,0,0,0,0,0,0,0,0,0,0,0,0,0,Report Heat,-,0,-,-,-,-,-,-,-,0,-,-,-
13286,-,198,195,22.08.02,10,Male,0,-,Holstein,-,0,-,-,22.07.17,0.1,0.9,26,198,Male,0,-,-,-,0,0,0,0,0,0,0,0,0,0,0,0,0,0,Report Heat,-,0,-,-,-,-,-,-,-,0,-,-,-
13287,-,198,195,22.08.02,10,Male,0,-,Holstein,-,0,-,-,22.07.17,0.1,0.9,26,198,Male,0,-,-,-,0,0,0,0,0,0,0,0,0,0,0,0,0,0,Report Heat,-,0,-,-,-,-,-,-,-,0,-,-,-
13288,-,198,195,22.08.02,10,Male,0,-,Holstein,-,0,-,-,22.07.18,0.1,0.8,25,198,Male,0,-,-,-,0,0,0,0,0,0,0,0,0,0,0,0,0,0,Report Heat,-,0,-,-,-,-,-,-,-,0,-,-,-
13289,-,198,195,22.08.02,10,Male,0,-,Holstein,-,0,-,-,22.07.18,0.1,0.8,25,198,Male,0,-,-,-,0,0,0,0,0,0,0,0,0,0,0,0,0,0,Report Heat,-,0,-,-,-,-,-,-,-,0,-,-,-
13290,-,198,195,22.08.02,10,Male,0,-,Holstein,-,0,-,-,22.07.18,0.1,0.8,25,198,Male,0,-,-,-,0,0,0,0,0,0,0,0,0,0,0,0,0,0,Report Heat,-,0,-,-,-,-,-,-,-,0,-,-,-
13291,-,198,195,22.08.02,10,Male,0,-,Holstein,-,0,-,-,22.07.18,0.1,0.8,25,198,Male,0,-,-,-,0,0,0,0,0,0,0,0,0,0,0,0,0,0,Report Heat,-,0,-,-,-,-,-,-,-,0,-,-,-
13292,-,198,195,22.08.02,10,Male,0,-,Holstein,-,0,-,-,22.07.19,0.1,0.8,24,198,Male,0,-,-,-,0,0,0,0,0,0,0,0,0,0,0,0,0,0,Report Heat,-,0,-,-,-,-,-,-,-,0,-,-,-
13293,-,198,195,22.08.02,10,Male,0,-,Holstein,-,0,-,-,22.07.20,0.1,0.8,23,198,Male,0,-,-,-,0,0,0,0,0,0,0,0,0,0,0,0,0,0,Report Heat,-,0,-,-,-,-,-,-,-,0,-,-,-
13294,-,198,195,22.08.02,10,Male,0,-,Holstein,-,0,-,-,22.07.21,0.1,0.7,22,198,Male,0,-,-,-,0,0,0,0,0,0,0,0,0,0,0,0,0,0,Report Heat,-,0,-,-,-,-,-,-,-,0,-,-,-
13295,-,198,195,22.08.02,10,Male,0,-,Holstein,-,0,-,-,22.07.21,0.1,0.7,22,198,Male,0,-,-,-,0,0,0,0,0,0,0,0,0,0,0,0,0,0,Report Heat,-,0,-,-,-,-,-,-,-,0,-,-,-
13296,-,198,195,22.08.02,10,Male,0,-,Holstein,-,0,-,-,22.07.21,0.1,0.7,22,198,Male,0,-,-,-,0,0,0,0,0,0,0,0,0,0,0,0,0,0,Report Heat,-,0,-,-,-,-,-,-,-,0,-,-,-
13297,-,198,195,22.08.02,10,Male,0,-,Holstein,-,0,-,-,22.07.21,0.1,0.7,22,198,Male,0,-,-,-,0,0,0,0,0,0,0,0,0,0,0,0,0,0,Report Heat,-,0,-,-,-,-,-,-,-,0,-,-,-
13298,-,198,195,22.08.02,10,Male,0,-,Holstein,-,0,-,-,22.07.21,0.1,0.7,22,198,Male,0,-,-,-,0,0,0,0,0,0,0,0,0,0,0,0,0,0,Report Heat,-,0,-,-,-,-,-,-,-,0,-,-,-
13299,-,198,195,22.08.02,10,Male,0,-,Holstein,-,0,-,-,22.07.21,0.1,0.7,22,198,Male,0,-,-,-,0,0,0,0,0,0,0,0,0,0,0,0,0,0,Report Heat,-,0,-,-,-,-,-,-,-,0,-,-,-
13300,-,198,195,22.08.02,10,Male,0,-,Holstein,-,0,-,-,22.07.05,0.1,1.2,38,198,Male,0,-,-,-,0,0,0,0,0,0,0,0,0,0,0,0,0,0,Report Heat,-,0,-,-,-,-,-,-,-,0,-,-,-
13301,-,198,195,22.08.02,10,Male,0,-,Holstein,-,0,-,-,22.07.10,0.1,1.1,33,198,Male,0,-,-,-,0,0,0,0,0,0,0,0,0,0,0,0,0,0,Report Heat,-,0,-,-,-,-,-,-,-,0,-,-,-
13302,-,198,195,22.08.02,10,Male,0,-,Holstein,-,0,-,-,22.07.10,0.1,1.1,33,198,Male,0,-,-,-,0,0,0,0,0,0,0,0,0,0,0,0,0,0,Report Heat,-,0,-,-,-,-,-,-,-,0,-,-,-
13303,-,198,195,22.08.02,10,Male,0,-,Holstein,-,0,-,-,22.07.10,0.1,1.1,33,198,Male,0,-,-,-,0,0,0,0,0,0,0,0,0,0,0,0,0,0,Report Heat,-,0,-,-,-,-,-,-,-,0,-,-,-
13304,-,198,195,22.08.02,10,Male,0,-,Holstein,-,0,-,-,22.07.12,0.1,1,31,198,Male,0,-,-,-,0,0,0,0,0,0,0,0,0,0,0,0,0,0,Report Heat,-,0,-,-,-,-,-,-,-,0,-,-,-
13305,-,198,195,22.08.02,10,Male,0,-,Holstein,-,0,-,-,22.07.22,0.1,0.7,21,198,Male,0,-,-,-,0,0,0,0,0,0,0,0,0,0,0,0,0,0,Report Heat,-,0,-,-,-,-,-,-,-,0,-,-,-
13306,-,198,195,22.08.02,10,Male,0,-,Holstein,-,0,-,-,22.07.22,0.1,0.7,21,198,Male,0,-,-,-,0,0,0,0,0,0,0,0,0,0,0,0,0,0,Report Heat,-,0,-,-,-,-,-,-,-,0,-,-,-
13307,-,198,195,22.08.02,10,Male,0,-,Holstein,-,0,-,-,22.07.23,0.1,0.7,20,198,Male,0,-,-,-,0,0,0,0,0,0,0,0,0,0,0,0,0,0,Report Heat,-,0,-,-,-,-,-,-,-,0,-,-,-
13308,-,198,195,22.08.02,10,Male,0,-,Holstein,-,0,-,-,22.07.23,0.1,0.7,20,198,Male,0,-,-,-,0,0,0,0,0,0,0,0,0,0,0,0,0,0,Report Heat,-,0,-,-,-,-,-,-,-,0,-,-,-
13309,-,198,195,22.08.02,10,Male,0,-,Holstein,-,0,-,-,22.07.24,0.1,0.6,19,198,Male,0,-,-,-,0,0,0,0,0,0,0,0,0,0,0,0,0,0,Report Heat,-,0,-,-,-,-,-,-,-,0,-,-,-
13310,-,198,195,22.08.02,10,Male,0,-,Holstein,-,0,-,-,22.07.26,0,0.6,17,198,Male,0,-,-,-,0,0,0,0,0,0,0,0,0,0,0,0,0,0,Report Heat,-,0,-,-,-,-,-,-,-,0,-,-,-
13311,-,101,1,-,0,Male,0,-,Holstein,-,0,-,-,22.07.27,0,0.5,16,101,Male,0,-,-,-,0,0,0,0,0,0,0,0,0,0,0,0,0,0,Report Heat,-,0,-,-,-,-,-,-,-,0,-,-,-
13312,-,198,195,22.08.02,10,Male,0,-,Holstein,-,0,-,-,22.07.27,0,0.5,16,198,Male,0,-,-,-,0,0,0,0,0,0,0,0,0,0,0,0,0,0,Report Heat,-,0,-,-,-,-,-,-,-,0,-,-,-
13313,-,198,195,22.08.02,10,Male,0,-,Holstein,-,0,-,-,22.07.27,0,0.5,16,198,Male,0,-,-,-,0,0,0,0,0,0,0,0,0,0,0,0,0,0,Report Heat,-,0,-,-,-,-,-,-,-,0,-,-,-
13314,-,198,195,22.08.02,10,Male,0,-,Holstein,-,0,-,-,22.07.27,0,0.5,16,198,Male,0,-,-,-,0,0,0,0,0,0,0,0,0,0,0,0,0,0,Report Heat,-,0,-,-,-,-,-,-,-,0,-,-,-
13315,-,195,101,22.08.03,9,Male,0,-,Holstein,-,0,-,-,22.07.27,0,0.5,16,195,Male,0,-,-,-,0,0,0,0,0,0,0,0,0,0,0,0,0,0,Report Heat,-,0,-,-,-,-,-,-,-,0,-,-,-
13316,-,198,195,22.08.02,10,Male,0,-,Holstein,-,0,-,-,22.07.27,0,0.5,16,198,Male,0,-,-,-,0,0,0,0,0,0,0,0,0,0,0,0,0,0,Report Heat,-,0,-,-,-,-,-,-,-,0,-,-,-
13317,-,198,195,22.08.02,10,Male,0,-,Holstein,-,0,-,-,22.07.27,0,0.5,16,198,Male,0,-,-,-,0,0,0,0,0,0,0,0,0,0,0,0,0,0,Report Heat,-,0,-,-,-,-,-,-,-,0,-,-,-
13318,-,198,195,22.08.02,10,Male,0,-,Holstein,-,0,-,-,22.07.28,0,0.5,15,198,Male,0,-,-,-,0,0,0,0,0,0,0,0,0,0,0,0,0,0,Report Heat,-,0,-,-,-,-,-,-,-,0,-,-,-
13319,-,198,195,22.08.02,10,Male,0,-,Holstein,-,0,-,-,22.07.30,0,0.4,13,198,Male,0,-,-,-,0,0,0,0,0,0,0,0,0,0,0,0,0,0,Report Heat,-,0,-,-,-,-,-,-,-,0,-,-,-
13320,-,198,195,22.08.02,10,Male,0,-,Holstein,-,0,-,-,22.07.30,0,0.4,13,198,Male,0,-,-,-,0,0,0,0,0,0,0,0,0,0,0,0,0,0,Report Heat,-,0,-,-,-,-,-,-,-,0,-,-,-
13321,-,198,195,22.08.02,10,Male,0,-,Holstein,-,0,-,-,22.07.30,0,0.4,13,198,Male,0,-,-,-,0,0,0,0,0,0,0,0,0,0,0,0,0,0,Report Heat,-,0,-,-,-,-,-,-,-,0,-,-,-
13322,-,198,195,22.08.02,10,Male,0,-,Holstein,-,0,-,-,22.07.30,0,0.4,13,198,Male,0,-,-,-,0,0,0,0,0,0,0,0,0,0,0,0,0,0,Report Heat,-,0,-,-,-,-,-,-,-,0,-,-,-
13323,-,198,195,22.08.02,10,Male,0,-,Holstein,-,0,-,-,22.07.30,0,0.4,13,198,Male,0,-,-,-,0,0,0,0,0,0,0,0,0,0,0,0,0,0,Report Heat,-,0,-,-,-,-,-,-,-,0,-,-,-
13324,-,198,195,22.08.02,10,Male,0,-,Holstein,-,0,-,-,22.07.30,0,0.4,13,198,Male,0,-,-,-,0,0,0,0,0,0,0,0,0,0,0,0,0,0,Report Heat,-,0,-,-,-,-,-,-,-,0,-,-,-
13325,-,198,195,22.08.02,10,Male,0,-,Holstein,-,0,-,-,22.07.30,0,0.4,13,198,Male,0,-,-,-,0,0,0,0,0,0,0,0,0,0,0,0,0,0,Report Heat,-,0,-,-,-,-,-,-,-,0,-,-,-
13326,-,198,195,22.08.02,10,Male,0,-,Holstein,-,0,-,-,22.07.30,0,0.4,13,198,Male,0,-,-,-,0,0,0,0,0,0,0,0,0,0,0,0,0,0,Report Heat,-,0,-,-,-,-,-,-,-,0,-,-,-
13327,-,198,195,22.08.02,10,Male,0,-,Holstein,-,0,-,-,22.07.30,0,0.4,13,198,Male,0,-,-,-,0,0,0,0,0,0,0,0,0,0,0,0,0,0,Report Heat,-,0,-,-,-,-,-,-,-,0,-,-,-
13328,-,195,101,22.08.07,5,Male,0,-,Holstein,-,0,-,-,22.07.30,0,0.4,13,195,Male,0,-,-,-,0,0,0,0,0,0,0,0,0,0,0,0,0,0,Report Heat,-,0,-,-,-,-,-,-,-,0,-,-,-
13329,-,195,101,22.08.03,9,Male,0,-,Holstein,-,0,-,-,22.07.30,0,0.4,13,195,Male,0,-,-,-,0,0,0,0,0,0,0,0,0,0,0,0,0,0,Report Heat,-,0,-,-,-,-,-,-,-,0,-,-,-
13330,-,195,101,22.08.03,9,Male,0,-,Holstein,-,0,-,-,22.07.30,0,0.4,13,195,Male,0,-,-,-,0,0,0,0,0,0,0,0,0,0,0,0,0,0,Report Heat,-,0,-,-,-,-,-,-,-,0,-,-,-
13331,-,195,101,22.08.03,9,Male,0,-,Holstein,-,0,-,-,22.07.02,0.1,1.3,41,195,Male,0,-,-,-,0,0,0,0,0,0,0,0,0,0,0,0,0,0,Report Heat,-,0,-,-,-,-,-,-,-,0,-,-,-
13332,-,195,101,22.08.03,9,Male,0,-,Holstein,-,0,-,-,22.07.05,0.1,1.2,38,195,Male,0,-,-,-,0,0,0,0,0,0,0,0,0,0,0,0,0,0,Report Heat,-,0,-,-,-,-,-,-,-,0,-,-,-
13333,-,101,1,-,0,Male,0,-,Holstein,-,0,-,-,22.07.05,0.1,1.2,38,101,Male,0,-,-,-,0,0,0,0,0,0,0,0,0,0,0,0,0,0,Report Heat,-,0,-,-,-,-,-,-,-,0,-,-,-
13334,-,195,101,22.08.03,9,Male,0,-,Holstein,-,0,-,-,22.07.22,0.1,0.7,21,195,Male,0,-,-,-,0,0,0,0,0,0,0,0,0,0,0,0,0,0,Report Heat,-,0,-,-,-,-,-,-,-,0,-,-,-
13335,-,195,101,22.08.03,9,Male,0,-,Holstein,-,0,-,-,22.07.31,0,0.4,12,195,Male,0,-,-,-,0,0,0,0,0,0,0,0,0,0,0,0,0,0,Report Heat,-,0,-,-,-,-,-,-,-,0,-,-,-
13336,-,195,101,22.08.10,2,Male,0,-,Holstein,-,0,-,-,22.07.31,0,0.4,12,195,Male,0,-,-,-,0,0,0,0,0,0,0,0,0,0,0,0,0,0,Report Heat,-,0,-,-,-,-,-,-,-,0,-,-,-
13337,-,195,101,22.08.07,5,Male,0,-,Holstein,-,0,-,-,22.07.31,0,0.4,12,195,Male,0,-,-,-,0,0,0,0,0,0,0,0,0,0,0,0,0,0,Report Heat,-,0,-,-,-,-,-,-,-,0,-,-,-
13338,-,195,101,22.08.03,9,Male,0,-,Holstein,-,0,-,-,22.07.31,0,0.4,12,195,Male,0,-,-,-,0,0,0,0,0,0,0,0,0,0,0,0,0,0,Report Heat,-,0,-,-,-,-,-,-,-,0,-,-,-
13339,-,195,101,22.08.07,5,Male,0,-,Holstein,-,0,-,-,22.08.02,0,0.3,10,195,Male,0,-,-,-,0,0,0,0,0,0,0,0,0,0,0,0,0,0,Report Heat,-,0,-,-,-,-,-,-,-,0,-,-,-
13340,-,195,101,22.08.07,5,Male,0,-,Holstein,-,0,-,-,22.08.02,0,0.3,10,195,Male,0,-,-,-,0,0,0,0,0,0,0,0,0,0,0,0,0,0,Report Heat,-,0,-,-,-,-,-,-,-,0,-,-,-
13341,-,195,101,22.08.07,5,Male,0,-,Holstein,-,0,-,-,22.08.02,0,0.3,10,195,Male,0,-,-,-,0,0,0,0,0,0,0,0,0,0,0,0,0,0,Report Heat,-,0,-,-,-,-,-,-,-,0,-,-,-
13342,-,195,101,22.08.07,5,Male,0,-,Holstein,-,0,-,-,22.08.02,0,0.3,10,195,Male,0,-,-,-,0,0,0,0,0,0,0,0,0,0,0,0,0,0,Report Heat,-,0,-,-,-,-,-,-,-,0,-,-,-
13343,-,195,101,22.08.03,9,Male,0,-,Holstein,-,0,-,-,22.08.01,0,0.4,11,195,Male,0,-,-,-,0,0,0,0,0,0,0,0,0,0,0,0,0,0,Report Heat,-,0,-,-,-,-,-,-,-,0,-,-,-
13344,-,195,101,22.08.08,4,Male,0,-,Holstein,-,0,-,-,22.08.03,0,0.3,9,195,Male,0,-,-,-,0,0,0,0,0,0,0,0,0,0,0,0,0,0,Report Heat,-,0,-,-,-,-,-,-,-,0,-,-,-
13345,-,195,101,22.08.07,5,Male,0,-,Holstein,-,0,-,-,22.08.03,0,0.3,9,195,Male,0,-,-,-,0,0,0,0,0,0,0,0,0,0,0,0,0,0,Report Heat,-,0,-,-,-,-,-,-,-,0,-,-,-
13346,-,195,101,22.08.07,5,Male,0,-,Holstein,-,0,-,-,22.08.03,0,0.3,9,195,Male,0,-,-,-,0,0,0,0,0,0,0,0,0,0,0,0,0,0,Report Heat,-,0,-,-,-,-,-,-,-,0,-,-,-
13347,-,195,101,22.08.10,2,Male,0,-,Holstein,-,0,-,-,22.08.03,0,0.3,9,195,Male,0,-,-,-,0,0,0,0,0,0,0,0,0,0,0,0,0,0,Report Heat,-,0,-,-,-,-,-,-,-,0,-,-,-
13348,-,195,101,22.08.07,5,Male,0,-,Holstein,-,0,-,-,22.08.03,0,0.3,9,195,Male,0,-,-,-,0,0,0,0,0,0,0,0,0,0,0,0,0,0,Report Heat,-,0,-,-,-,-,-,-,-,0,-,-,-
13349,-,195,101,22.08.07,5,Male,0,-,Holstein,-,0,-,-,22.08.03,0,0.3,9,195,Male,0,-,-,-,0,0,0,0,0,0,0,0,0,0,0,0,0,0,Report Heat,-,0,-,-,-,-,-,-,-,0,-,-,-
13350,-,195,101,22.08.07,5,Male,0,-,Holstein,-,0,-,-,22.08.03,0,0.3,9,195,Male,0,-,-,-,0,0,0,0,0,0,0,0,0,0,0,0,0,0,Report Heat,-,0,-,-,-,-,-,-,-,0,-,-,-
13351,-,195,101,22.08.10,2,Male,0,-,Holstein,-,0,-,-,22.08.03,0,0.3,9,195,Male,0,-,-,-,0,0,0,0,0,0,0,0,0,0,0,0,0,0,Report Heat,-,0,-,-,-,-,-,-,-,0,-,-,-
13352,-,195,101,22.08.07,5,Male,0,-,Holstein,-,0,-,-,22.08.04,0,0.3,8,195,Male,0,-,-,-,0,0,0,0,0,0,0,0,0,0,0,0,0,0,Report Heat,-,0,-,-,-,-,-,-,-,0,-,-,-
13353,-,195,101,22.08.10,2,Male,0,-,Holstein,-,0,-,-,22.08.04,0,0.3,8,195,Male,0,-,-,-,0,0,0,0,0,0,0,0,0,0,0,0,0,0,Report Heat,-,0,-,-,-,-,-,-,-,0,-,-,-
13354,-,195,101,22.08.07,5,Male,0,-,Holstein,-,0,-,-,22.08.04,0,0.3,8,195,Male,0,-,-,-,0,0,0,0,0,0,0,0,0,0,0,0,0,0,Report Heat,-,0,-,-,-,-,-,-,-,0,-,-,-
13355,-,195,101,22.08.07,5,Male,0,-,Holstein,-,0,-,-,22.08.04,0,0.3,8,195,Male,0,-,-,-,0,0,0,0,0,0,0,0,0,0,0,0,0,0,Report Heat,-,0,-,-,-,-,-,-,-,0,-,-,-
13356,-,195,101,22.08.07,5,Male,0,-,Holstein,-,0,-,-,22.08.04,0,0.3,8,195,Male,0,-,-,-,0,0,0,0,0,0,0,0,0,0,0,0,0,0,Report Heat,-,0,-,-,-,-,-,-,-,0,-,-,-
13357,-,195,101,22.08.10,2,Male,0,-,Holstein,-,0,-,-,22.08.04,0,0.3,8,195,Male,0,-,-,-,0,0,0,0,0,0,0,0,0,0,0,0,0,0,Report Heat,-,0,-,-,-,-,-,-,-,0,-,-,-
13358,-,195,101,22.08.07,5,Male,0,-,Holstein,-,0,-,-,22.08.06,0,0.2,6,195,Male,0,-,-,-,0,0,0,0,0,0,0,0,0,0,0,0,0,0,Report Heat,-,0,-,-,-,-,-,-,-,0,-,-,-
13359,-,195,101,22.08.07,5,Male,0,-,Holstein,-,0,-,-,22.08.06,0,0.2,6,195,Male,0,-,-,-,0,0,0,0,0,0,0,0,0,0,0,0,0,0,Report Heat,-,0,-,-,-,-,-,-,-,0,-,-,-
13360,-,195,101,22.08.07,5,Male,0,-,Holstein,-,0,-,-,22.08.06,0,0.2,6,195,Male,0,-,-,-,0,0,0,0,0,0,0,0,0,0,0,0,0,0,Report Heat,-,0,-,-,-,-,-,-,-,0,-,-,-
13361,-,195,101,22.08.10,2,Male,0,-,Holstein,-,0,-,-,22.08.06,0,0.2,6,195,Male,0,-,-,-,0,0,0,0,0,0,0,0,0,0,0,0,0,0,Report Heat,-,0,-,-,-,-,-,-,-,0,-,-,-
13362,-,195,101,22.08.10,2,Male,0,-,Holstein,-,0,-,-,22.08.06,0,0.2,6,195,Male,0,-,-,-,0,0,0,0,0,0,0,0,0,0,0,0,0,0,Report Heat,-,0,-,-,-,-,-,-,-,0,-,-,-
13363,-,195,101,22.08.10,2,Male,0,-,Holstein,-,0,-,-,22.08.06,0,0.2,6,195,Male,0,-,-,-,0,0,0,0,0,0,0,0,0,0,0,0,0,0,Report Heat,-,0,-,-,-,-,-,-,-,0,-,-,-
13364,-,195,101,22.08.10,2,Male,0,-,Holstein,-,0,-,-,22.08.07,0,0.2,5,195,Male,0,-,-,-,0,0,0,0,0,0,0,0,0,0,0,0,0,0,Report Heat,-,0,-,-,-,-,-,-,-,0,-,-,-
13365,-,101,1,-,0,Male,0,-,Holstein,-,0,-,-,22.08.07,0,0.2,5,101,Male,0,-,-,-,0,0,0,0,0,0,0,0,0,0,0,0,0,0,Report Heat,-,0,-,-,-,-,-,-,-,0,-,-,-
13366,-,101,1,-,0,Male,0,-,Holstein,-,0,-,-,22.08.07,0,0.2,5,101,Male,0,-,-,-,0,0,0,0,0,0,0,0,0,0,0,0,0,0,Report Heat,-,0,-,-,-,-,-,-,-,0,-,-,-
13367,-,195,101,22.08.10,2,Male,0,-,Holstein,-,0,-,-,22.08.08,0,0.1,4,195,Male,0,-,-,-,0,0,0,0,0,0,0,0,0,0,0,0,0,0,Report Heat,-,0,-,-,-,-,-,-,-,0,-,-,-
13368,-,101,1,-,0,Male,0,-,Holstein,-,0,-,-,22.08.08,0,0.1,4,101,Male,0,-,-,-,0,0,0,0,0,0,0,0,0,0,0,0,0,0,Report Heat,-,0,-,-,-,-,-,-,-,0,-,-,-
13369,-,195,101,22.08.10,2,Male,0,-,Holstein,-,0,-,-,22.08.08,0,0.1,4,195,Male,0,-,-,-,0,0,0,0,0,0,0,0,0,0,0,0,0,0,Report Heat,-,0,-,-,-,-,-,-,-,0,-,-,-
13370,-,195,101,22.08.10,2,Male,0,-,Holstein,-,0,-,-,22.08.08,0,0.1,4,195,Male,0,-,-,-,0,0,0,0,0,0,0,0,0,0,0,0,0,0,Report Heat,-,0,-,-,-,-,-,-,-,0,-,-,-
13371,-,101,1,-,0,Male,0,-,Holstein,-,0,-,-,22.08.08,0,0.1,4,101,Male,0,-,-,-,0,0,0,0,0,0,0,0,0,0,0,0,0,0,Report Heat,-,0,-,-,-,-,-,-,-,0,-,-,-
13372,-,101,1,-,0,Male,0,-,Holstein,-,0,-,-,22.08.08,0,0.1,4,101,Male,0,-,-,-,0,0,0,0,0,0,0,0,0,0,0,0,0,0,Report Heat,-,0,-,-,-,-,-,-,-,0,-,-,-
13373,-,195,101,22.08.10,2,Male,0,-,Holstein,-,0,-,-,22.08.08,0,0.1,4,195,Male,0,-,-,-,0,0,0,0,0,0,0,0,0,0,0,0,0,0,Report Heat,-,0,-,-,-,-,-,-,-,0,-,-,-
13374,-,195,101,22.08.10,2,Male,0,-,Holstein,-,0,-,-,22.08.08,0,0.1,4,195,Male,0,-,-,-,0,0,0,0,0,0,0,0,0,0,0,0,0,0,Report Heat,-,0,-,-,-,-,-,-,-,0,-,-,-
13375,-,195,101,22.08.10,2,Male,0,-,Holstein,-,0,-,-,22.08.08,0,0.1,4,195,Male,0,-,-,-,0,0,0,0,0,0,0,0,0,0,0,0,0,0,Report Heat,-,0,-,-,-,-,-,-,-,0,-,-,-
13376,-,101,1,-,0,Male,0,-,Holstein,-,0,-,-,22.08.08,0,0.1,4,101,Male,0,-,-,-,0,0,0,0,0,0,0,0,0,0,0,0,0,0,Report Heat,-,0,-,-,-,-,-,-,-,0,-,-,-
13377,-,195,101,22.08.10,2,Male,0,-,Holstein,-,0,-,-,22.08.08,0,0.1,4,195,Male,0,-,-,-,0,0,0,0,0,0,0,0,0,0,0,0,0,0,Report Heat,-,0,-,-,-,-,-,-,-,0,-,-,-
13378,-,195,101,22.08.10,2,Male,0,-,Holstein,-,0,-,-,22.08.09,0,0.1,3,195,Male,0,-,-,-,0,0,0,0,0,0,0,0,0,0,0,0,0,0,Report Heat,-,0,-,-,-,-,-,-,-,0,-,-,-
13379,-,101,1,-,0,Male,0,-,Holstein,-,0,-,-,22.08.09,0,0.1,3,101,Male,0,-,-,-,0,0,0,0,0,0,0,0,0,0,0,0,0,0,Report Heat,-,0,-,-,-,-,-,-,-,0,-,-,-
13380,-,195,101,22.08.10,2,Male,0,-,Holstein,-,0,-,-,22.08.09,0,0.1,3,195,Male,0,-,-,-,0,0,0,0,0,0,0,0,0,0,0,0,0,0,Report Heat,-,0,-,-,-,-,-,-,-,0,-,-,-
13381,-,195,101,22.08.10,2,Male,0,-,Holstein,-,0,-,-,22.08.09,0,0.1,3,195,Male,0,-,-,-,0,0,0,0,0,0,0,0,0,0,0,0,0,0,Report Heat,-,0,-,-,-,-,-,-,-,0,-,-,-
13382,-,101,1,-,0,Male,0,-,Holstein,-,0,-,-,22.08.09,0,0.1,3,101,Male,0,-,-,-,0,0,0,0,0,0,0,0,0,0,0,0,0,0,Report Heat,-,0,-,-,-,-,-,-,-,0,-,-,-
13383,-,195,101,22.08.10,2,Male,0,-,Holstein,-,0,-,-,22.08.09,0,0.1,3,195,Male,0,-,-,-,0,0,0,0,0,0,0,0,0,0,0,0,0,0,Report Heat,-,0,-,-,-,-,-,-,-,0,-,-,-
13384,-,101,1,-,0,Male,0,-,Holstein,-,0,-,-,22.08.09,0,0.1,3,101,Male,0,-,-,-,0,0,0,0,0,0,0,0,0,0,0,0,0,0,Report Heat,-,0,-,-,-,-,-,-,-,0,-,-,-
13385,-,101,1,-,0,Male,0,-,Holstein,-,0,-,-,22.08.09,0,0.1,3,101,Male,0,-,-,-,0,0,0,0,0,0,0,0,0,0,0,0,0,0,Report Heat,-,0,-,-,-,-,-,-,-,0,-,-,-
13386,-,195,101,22.08.10,2,Male,0,-,Holstein,-,0,-,-,22.08.09,0,0.1,3,195,Male,0,-,-,-,0,0,0,0,0,0,0,0,0,0,0,0,0,0,Report Heat,-,0,-,-,-,-,-,-,-,0,-,-,-
13387,-,101,1,-,0,Male,0,-,Holstein,-,0,-,-,22.08.09,0,0.1,3,101,Male,0,-,-,-,0,0,0,0,0,0,0,0,0,0,0,0,0,0,Report Heat,-,0,-,-,-,-,-,-,-,0,-,-,-
13388,-,101,1,-,0,Male,0,-,Holstein,-,0,-,-,22.08.09,0,0.1,3,101,Male,0,-,-,-,0,0,0,0,0,0,0,0,0,0,0,0,0,0,Report Heat,-,0,-,-,-,-,-,-,-,0,-,-,-
13389,-,101,1,-,0,Male,0,-,Holstein,-,0,-,-,22.08.09,0,0.1,3,101,Male,0,-,-,-,0,0,0,0,0,0,0,0,0,0,0,0,0,0,Report Heat,-,0,-,-,-,-,-,-,-,0,-,-,-
13390,-,101,1,-,0,Male,0,-,Holstein,-,0,-,-,22.08.09,0,0.1,3,101,Male,0,-,-,-,0,0,0,0,0,0,0,0,0,0,0,0,0,0,Report Heat,-,0,-,-,-,-,-,-,-,0,-,-,-
13391,-,101,1,-,0,Male,0,-,Holstein,-,0,-,-,22.08.09,0,0.1,3,101,Male,0,-,-,-,0,0,0,0,0,0,0,0,0,0,0,0,0,0,Report Heat,-,0,-,-,-,-,-,-,-,0,-,-,-
13392,-,101,1,-,0,Male,0,-,Holstein,-,0,-,-,22.08.09,0,0.1,3,101,Male,0,-,-,-,0,0,0,0,0,0,0,0,0,0,0,0,0,0,Report Heat,-,0,-,-,-,-,-,-,-,0,-,-,-
13393,-,101,1,-,0,Male,0,-,Holstein,-,0,-,-,22.08.10,0,0.1,2,101,Male,0,-,-,-,0,0,0,0,0,0,0,0,0,0,0,0,0,0,Report Heat,-,0,-,-,-,-,-,-,-,0,-,-,-
13394,-,101,1,-,0,Male,0,-,Holstein,-,0,-,-,22.08.10,0,0.1,2,101,Male,0,-,-,-,0,0,0,0,0,0,0,0,0,0,0,0,0,0,Report Heat,-,0,-,-,-,-,-,-,-,0,-,-,-
13395,-,101,1,-,0,Male,0,-,Holstein,-,0,-,-,22.08.10,0,0.1,2,101,Male,0,-,-,-,0,0,0,0,0,0,0,0,0,0,0,0,0,0,Report Heat,-,0,-,-,-,-,-,-,-,0,-,-,-
13396,-,101,1,-,0,Male,0,-,Holstein,-,0,-,-,22.08.10,0,0.1,2,101,Male,0,-,-,-,0,0,0,0,0,0,0,0,0,0,0,0,0,0,Report Heat,-,0,-,-,-,-,-,-,-,0,-,-,-
13397,-,101,1,-,0,Male,0,-,Holstein,-,0,-,-,22.08.10,0,0.1,2,101,Male,0,-,-,-,0,0,0,0,0,0,0,0,0,0,0,0,0,0,Report Heat,-,0,-,-,-,-,-,-,-,0,-,-,-
